# epoch	loss_train	acc_train	loss_val	acc_val	time	acc_test	f1_test
0001	2.9528	0.0789	6.0930	0.1800	0.0498s	5.7725	0.1900	0.0399
0
0002	6.1861	0.1895	7.3710	0.1160	0.0505s	6.8937	0.1340	0.0125
0
0003	7.4169	0.1184	5.2968	0.1060	0.0499s	5.0444	0.1180	0.0111
1
0004	5.3761	0.0974	3.3531	0.2280	0.0502s	3.2587	0.2290	0.1681
0
0005	3.2939	0.2368	2.7303	0.3220	0.0502s	2.6965	0.3380	0.2198
0
0006	2.6452	0.3658	2.4847	0.3240	0.0503s	2.4582	0.3350	0.2069
0
0007	2.3981	0.3368	2.3794	0.2780	0.0500s	2.3317	0.3140	0.1820
0
0008	2.2661	0.3158	2.2348	0.3940	0.0503s	2.1731	0.4230	0.2702
0
0009	2.1128	0.4053	2.0768	0.3580	0.0507s	2.0028	0.3790	0.2517
0
0010	1.9456	0.4053	1.9814	0.3620	0.0502s	1.8881	0.3780	0.2753
0
0011	1.8020	0.3947	1.8456	0.4180	0.0503s	1.7375	0.4680	0.3273
0
0012	1.6467	0.4632	1.7354	0.4880	0.0503s	1.6122	0.5420	0.3779
0
0013	1.5108	0.5263	1.6461	0.5460	0.0505s	1.5089	0.5790	0.4467
0
0014	1.3890	0.6105	1.5966	0.5460	0.0503s	1.4371	0.6090	0.4626
0
0015	1.2647	0.6105	1.5913	0.5580	0.0504s	1.4265	0.6040	0.4555
0
0016	1.1770	0.6211	1.5713	0.5840	0.0504s	1.4072	0.6300	0.4711
0
0017	1.1032	0.6632	1.5134	0.5820	0.0504s	1.3377	0.6420	0.4931
0
0018	1.0233	0.6842	1.5022	0.5900	0.0504s	1.2959	0.6530	0.5068
0
0019	0.9924	0.6605	1.4760	0.6000	0.0502s	1.2888	0.6510	0.4775
0
0020	0.9152	0.7053	1.4604	0.6160	0.0502s	1.3021	0.6650	0.5016
0
0021	0.8669	0.7079	1.4395	0.6180	0.0503s	1.2953	0.6630	0.5082
0
0022	0.8249	0.7237	1.4328	0.6380	0.0504s	1.2848	0.6620	0.5193
0
0023	0.7664	0.7553	1.3474	0.6360	0.0500s	1.2265	0.6890	0.5574
0
0024	0.6877	0.7868	1.3455	0.6520	0.0502s	1.2391	0.6820	0.5450
0
0025	0.6808	0.7816	1.3182	0.6640	0.0506s	1.2249	0.6970	0.5572
0
0026	0.6245	0.8289	1.2964	0.6760	0.0505s	1.2110	0.6930	0.5503
0
0027	0.5986	0.8316	1.3179	0.6860	0.0503s	1.2193	0.7020	0.5585
0
0028	0.5708	0.8316	1.3663	0.6800	0.0501s	1.2753	0.6980	0.5594
0
0029	0.5641	0.8500	1.3201	0.6740	0.0503s	1.2560	0.6880	0.5576
1
0030	0.5130	0.8526	1.3630	0.6680	0.0499s	1.2870	0.6720	0.5376
2
0031	0.5003	0.8658	1.3956	0.6820	0.0503s	1.2749	0.6830	0.5752
3
0032	0.4779	0.8632	1.3404	0.7000	0.0503s	1.2510	0.7000	0.5671
4
0033	0.4402	0.8816	1.3550	0.6920	0.0506s	1.2832	0.6820	0.5575
0
0034	0.4431	0.8895	1.4175	0.6860	0.0500s	1.2925	0.6850	0.5606
1
0035	0.4197	0.8789	1.3908	0.7000	0.0503s	1.2799	0.6900	0.5609
2
0036	0.3986	0.8816	1.3023	0.7020	0.0503s	1.2262	0.7020	0.5631
0
0037	0.3644	0.8895	1.3625	0.6880	0.0507s	1.2787	0.7040	0.5647
0
0038	0.3770	0.8737	1.3784	0.7000	0.0501s	1.2768	0.7010	0.5738
1
0039	0.3427	0.9237	1.3541	0.6940	0.0501s	1.2729	0.6930	0.5876
2
0040	0.3140	0.9316	1.3071	0.7060	0.0503s	1.2551	0.6950	0.5748
3
0041	0.3281	0.9289	1.3391	0.6980	0.0513s	1.2653	0.6840	0.5708
0
0042	0.3346	0.8974	1.3894	0.6940	0.0505s	1.2719	0.7010	0.5782
1
0043	0.3513	0.8947	1.4432	0.6980	0.0517s	1.3361	0.7060	0.5712
2
0044	0.3146	0.9211	1.3345	0.7080	0.0503s	1.2761	0.7130	0.5700
3
0045	0.3326	0.9211	1.3519	0.6980	0.0505s	1.2917	0.6910	0.5712
0
0046	0.3003	0.9237	1.3569	0.7020	0.0501s	1.3009	0.6840	0.5752
1
0047	0.3084	0.9395	1.3539	0.7060	0.0501s	1.2835	0.6950	0.5711
2
0048	0.2709	0.9342	1.3713	0.7120	0.0503s	1.2967	0.7090	0.5772
3
0049	0.2621	0.9395	1.3810	0.7160	0.0506s	1.2999	0.7050	0.5779
0
0050	0.2768	0.9500	1.3369	0.6940	0.0500s	1.2597	0.7070	0.5802
0
0051	0.2397	0.9632	1.2822	0.6980	0.0502s	1.2259	0.7100	0.5979
1
0052	0.2589	0.9447	1.3078	0.7040	0.0504s	1.2457	0.7110	0.5790
0
0053	0.2718	0.9368	1.3757	0.6980	0.0503s	1.2935	0.6960	0.5808
1
0054	0.2697	0.9368	1.3390	0.7120	0.0503s	1.2934	0.7020	0.5937
2
0055	0.2413	0.9395	1.3784	0.6880	0.0504s	1.3565	0.6890	0.5750
3
0056	0.2660	0.9553	1.3775	0.6860	0.0505s	1.3165	0.6900	0.5604
4
0057	0.2244	0.9553	1.4097	0.7120	0.0506s	1.3207	0.6840	0.5585
5
0058	0.2358	0.9500	1.3695	0.7020	0.0503s	1.2666	0.7020	0.5757
6
0059	0.2195	0.9579	1.3257	0.7140	0.0501s	1.2345	0.7210	0.5909
7
0060	0.2516	0.9421	1.3532	0.7040	0.0505s	1.2675	0.7260	0.5948
8
0061	0.2376	0.9395	1.3687	0.7140	0.0504s	1.2765	0.7010	0.5830
9
0062	0.1909	0.9684	1.4676	0.6840	0.0502s	1.3643	0.6840	0.5704
10
0063	0.2570	0.9395	1.4048	0.7020	0.0503s	1.3221	0.6970	0.5700
11
0064	0.2343	0.9421	1.3938	0.6940	0.0505s	1.3258	0.6960	0.5675
12
0065	0.2454	0.9395	1.3180	0.7000	0.0502s	1.2462	0.7180	0.5744
13
0066	0.2495	0.9368	1.5004	0.6920	0.0503s	1.3777	0.6880	0.5728
14
0067	0.2400	0.9395	1.3909	0.7140	0.0502s	1.2736	0.6970	0.5734
15
0068	0.2112	0.9632	1.3257	0.7080	0.0503s	1.2364	0.7090	0.5761
16
0069	0.2271	0.9632	1.3280	0.7000	0.0502s	1.2564	0.7010	0.5735
17
0070	0.2315	0.9500	1.2981	0.7180	0.0502s	1.2343	0.7010	0.5795
18
0071	0.2212	0.9500	1.4514	0.7080	0.0504s	1.3620	0.6870	0.5808
0
0072	0.2411	0.9368	1.3771	0.7080	0.0504s	1.2886	0.6920	0.5690
1
0073	0.2108	0.9658	1.3741	0.7000	0.0503s	1.2814	0.7040	0.5579
2
0074	0.2300	0.9658	1.2994	0.6980	0.0504s	1.2370	0.7210	0.5800
3
0075	0.2183	0.9711	1.3380	0.7220	0.0502s	1.2663	0.7010	0.5717
4
0076	0.2022	0.9737	1.3803	0.7040	0.0506s	1.2913	0.6830	0.5708
0
0077	0.2046	0.9763	1.3176	0.7200	0.0503s	1.2266	0.6990	0.5704
1
0078	0.1896	0.9579	1.2681	0.7040	0.0504s	1.1804	0.7160	0.5787
2
0079	0.1989	0.9763	1.2646	0.7080	0.0506s	1.1747	0.7130	0.5762
0
0080	0.1968	0.9842	1.3213	0.7120	0.0506s	1.2333	0.7150	0.5828
0
0081	0.1891	0.9684	1.3734	0.7120	0.0502s	1.2965	0.7090	0.5862
1
0082	0.2169	0.9526	1.3439	0.7140	0.0505s	1.2663	0.7010	0.5827
2
0083	0.2135	0.9500	1.3777	0.7020	0.0502s	1.2802	0.6870	0.5668
3
0084	0.2124	0.9474	1.3256	0.7180	0.0501s	1.2333	0.7090	0.5753
4
0085	0.1937	0.9684	1.3010	0.7140	0.0503s	1.2205	0.7110	0.5726
5
0086	0.2275	0.9684	1.2800	0.7140	0.0502s	1.2166	0.7070	0.5749
6
0087	0.1945	0.9605	1.3529	0.7040	0.0502s	1.2761	0.6880	0.5638
7
0088	0.2330	0.9447	1.2897	0.7100	0.0506s	1.2181	0.7130	0.5784
8
0089	0.1909	0.9763	1.2796	0.7120	0.0502s	1.2039	0.7210	0.5755
9
0090	0.2146	0.9632	1.3756	0.7060	0.0503s	1.2934	0.7080	0.5838
10
0091	0.1896	0.9763	1.3392	0.7120	0.0501s	1.2736	0.6950	0.5913
11
0092	0.1938	0.9658	1.3134	0.7180	0.0501s	1.2528	0.6980	0.5888
12
0093	0.1957	0.9684	1.3487	0.7200	0.0501s	1.2726	0.6880	0.5704
13
0094	0.2158	0.9605	1.3427	0.7260	0.0503s	1.2513	0.6970	0.5887
14
0095	0.2101	0.9763	1.2947	0.7200	0.0503s	1.2070	0.7070	0.5912
0
0096	0.1991	0.9711	1.2754	0.7100	0.0511s	1.2373	0.7030	0.5848
1
0097	0.2392	0.9605	1.4866	0.6920	0.0502s	1.4074	0.6830	0.5793
2
0098	0.2627	0.9447	1.4953	0.7080	0.0500s	1.4154	0.6720	0.5769
3
0099	0.2223	0.9474	1.3458	0.7040	0.0504s	1.2712	0.6920	0.5746
4
0100	0.1962	0.9711	1.2681	0.7060	0.0503s	1.2457	0.7080	0.5783
5
0101	0.1999	0.9684	1.2781	0.7080	0.0501s	1.2217	0.7120	0.5847
6
0102	0.2104	0.9632	1.3359	0.7240	0.0505s	1.2735	0.6990	0.5729
7
0103	0.1978	0.9711	1.4093	0.7020	0.0505s	1.3354	0.6770	0.5637
8
0104	0.2126	0.9737	1.3404	0.7100	0.0504s	1.2907	0.6830	0.5569
9
0105	0.1995	0.9605	1.2884	0.7120	0.0500s	1.2831	0.6980	0.5716
10
0106	0.1954	0.9684	1.2400	0.7100	0.0502s	1.2252	0.7060	0.6019
11
0107	0.2159	0.9658	1.2359	0.7220	0.0505s	1.1779	0.7070	0.5976
0
0108	0.1883	0.9684	1.3473	0.7180	0.0503s	1.2583	0.6960	0.5940
0
0109	0.1985	0.9684	1.3504	0.7220	0.0503s	1.2656	0.6870	0.5728
1
0110	0.1855	0.9553	1.3322	0.7160	0.0503s	1.2726	0.6930	0.5630
2
0111	0.1854	0.9711	1.3290	0.7100	0.0506s	1.2841	0.7050	0.5679
3
0112	0.2051	0.9579	1.3281	0.7280	0.0501s	1.2542	0.7040	0.5966
4
0113	0.1775	0.9763	1.3454	0.7120	0.0502s	1.2621	0.6890	0.5722
0
0114	0.2004	0.9553	1.3006	0.7180	0.0503s	1.2096	0.7010	0.5918
1
0115	0.1836	0.9658	1.2790	0.7120	0.0505s	1.2135	0.7100	0.5905
2
0116	0.1780	0.9579	1.2733	0.7180	0.0505s	1.2241	0.7060	0.5927
3
0117	0.2015	0.9579	1.3786	0.7120	0.0500s	1.3029	0.7000	0.5926
4
0118	0.1911	0.9632	1.3839	0.7180	0.0504s	1.2949	0.6850	0.5827
5
0119	0.1986	0.9526	1.3565	0.7120	0.0504s	1.2603	0.6970	0.5912
6
0120	0.1837	0.9737	1.3046	0.7080	0.0504s	1.2195	0.7100	0.5951
7
0121	0.1731	0.9684	1.3618	0.7000	0.0504s	1.2880	0.7150	0.5850
8
0122	0.1888	0.9579	1.3054	0.7080	0.0513s	1.2039	0.7130	0.5719
9
0123	0.2146	0.9658	1.4510	0.7000	0.0503s	1.3062	0.6980	0.5615
10
0124	0.2164	0.9579	1.5135	0.6780	0.0501s	1.3773	0.6710	0.5608
11
0125	0.2304	0.9526	1.4112	0.7000	0.0502s	1.3125	0.6890	0.5646
12
0126	0.1792	0.9684	1.3777	0.7020	0.0504s	1.3294	0.6870	0.5628
13
0127	0.2070	0.9711	1.2896	0.7100	0.0516s	1.2290	0.7170	0.5867
14
0128	0.1839	0.9658	1.4759	0.6940	0.0503s	1.3594	0.6900	0.5816
15
0129	0.2259	0.9474	1.3685	0.7220	0.0505s	1.2716	0.6990	0.5809
16
0130	0.1918	0.9737	1.3888	0.7020	0.0503s	1.3132	0.6950	0.5784
17
0131	0.2397	0.9342	1.3234	0.7020	0.0504s	1.2725	0.7030	0.5763
18
0132	0.1825	0.9684	1.3553	0.7040	0.0503s	1.3093	0.6970	0.5798
19
0133	0.2354	0.9368	1.4263	0.7120	0.0504s	1.3428	0.6870	0.5784
20
0134	0.2127	0.9605	1.3653	0.7240	0.0502s	1.2712	0.6920	0.5848
21
0135	0.1815	0.9711	1.3341	0.7140	0.0504s	1.2549	0.6930	0.5740
22
0136	0.2035	0.9579	1.2418	0.7240	0.0503s	1.1732	0.7070	0.5827
23
0137	0.1813	0.9842	1.3273	0.7180	0.0504s	1.2608	0.6990	0.5648
24
0138	0.1781	0.9763	1.4468	0.7040	0.0503s	1.3656	0.6840	0.5595
25
0139	0.2443	0.9500	1.4912	0.6940	0.0504s	1.3606	0.6960	0.5889
26
0140	0.2122	0.9500	1.3785	0.7180	0.0502s	1.2457	0.6950	0.5706
27
0141	0.1749	0.9684	1.3042	0.7140	0.0503s	1.2148	0.6920	0.5692
28
0142	0.1783	0.9737	1.2803	0.7080	0.0502s	1.2113	0.7050	0.5774
29
0143	0.2192	0.9500	1.3342	0.7160	0.0505s	1.2226	0.7120	0.5817
30
0144	0.1679	0.9789	1.5456	0.6840	0.0503s	1.3912	0.7010	0.5751
31
0145	0.2366	0.9368	1.4302	0.6980	0.0503s	1.3037	0.6910	0.5707
32
0146	0.1697	0.9737	1.4030	0.6880	0.0502s	1.2875	0.6920	0.5656
33
0147	0.1985	0.9658	1.3106	0.6960	0.0503s	1.2493	0.6820	0.5564
34
0148	0.2251	0.9447	1.3237	0.7060	0.0504s	1.2670	0.6980	0.5661
35
0149	0.1955	0.9553	1.4548	0.6980	0.0505s	1.3614	0.6930	0.5752
36
0150	0.1817	0.9658	1.4626	0.7100	0.0503s	1.3448	0.6890	0.5720
37
0151	0.2075	0.9553	1.5012	0.6900	0.0503s	1.3511	0.6820	0.5585
38
0152	0.2223	0.9395	1.3638	0.6940	0.0503s	1.2356	0.7090	0.5761
39
0153	0.1703	0.9711	1.3559	0.7060	0.0503s	1.2232	0.6950	0.5723
40
0154	0.1765	0.9789	1.4307	0.6980	0.0503s	1.3079	0.6880	0.5836
41
0155	0.1973	0.9737	1.3495	0.7220	0.0503s	1.2447	0.6960	0.5939
42
0156	0.1805	0.9605	1.3650	0.7160	0.0503s	1.2655	0.7140	0.6033
43
0157	0.1653	0.9684	1.3977	0.7120	0.0513s	1.3050	0.7010	0.5801
44
0158	0.1534	0.9632	1.3927	0.7220	0.0507s	1.2903	0.6920	0.5855
45
0159	0.1682	0.9789	1.3530	0.7260	0.0507s	1.2415	0.7050	0.5904
46
0160	0.1853	0.9526	1.3582	0.7140	0.0504s	1.2316	0.7110	0.5854
47
0161	0.1675	0.9789	1.3583	0.7040	0.0506s	1.2123	0.7060	0.5756
48
0162	0.1625	0.9737	1.3510	0.7040	0.0504s	1.1980	0.7170	0.6037
49
0163	0.1691	0.9763	1.3874	0.6980	0.0502s	1.2557	0.7010	0.5867
50
0164	0.1944	0.9684	1.3273	0.7080	0.0506s	1.2196	0.7090	0.5811
51
0165	0.1631	0.9684	1.3568	0.7100	0.0513s	1.2506	0.7060	0.5795
52
0166	0.1907	0.9684	1.3838	0.7140	0.0506s	1.2676	0.6950	0.5672
53
0167	0.1823	0.9658	1.3633	0.7180	0.0504s	1.2678	0.7110	0.5952
54
0168	0.1690	0.9658	1.3902	0.7060	0.0502s	1.2918	0.6960	0.5769
55
0169	0.1780	0.9553	1.4815	0.6960	0.0503s	1.3541	0.6900	0.5769
56
0170	0.1959	0.9474	1.3753	0.7140	0.0507s	1.2671	0.7030	0.5880
57
0171	0.1722	0.9868	1.3455	0.7020	0.0504s	1.2205	0.7080	0.5809
58
0172	0.1866	0.9605	1.2959	0.7020	0.0514s	1.1900	0.6980	0.5708
59
0173	0.1597	0.9763	1.3818	0.6980	0.0503s	1.2542	0.7060	0.5738
60
0174	0.1717	0.9684	1.4839	0.7200	0.0514s	1.3519	0.6940	0.5690
61
0175	0.1586	0.9737	1.4904	0.7120	0.0507s	1.3721	0.7020	0.5967
62
0176	0.1480	0.9737	1.3900	0.7100	0.0524s	1.2908	0.6940	0.5980
63
0177	0.1772	0.9711	1.3041	0.7100	0.0508s	1.2088	0.6980	0.5964
64
0178	0.1652	0.9711	1.2990	0.7040	0.0519s	1.1955	0.7070	0.5998
65
0179	0.1590	0.9579	1.3194	0.7100	0.0534s	1.2132	0.7110	0.6000
66
0180	0.1489	0.9868	1.4244	0.7020	0.0512s	1.3131	0.6980	0.5941
67
0181	0.1589	0.9763	1.4685	0.7160	0.0510s	1.3623	0.6960	0.5886
68
0182	0.1739	0.9711	1.4530	0.7160	0.0508s	1.3385	0.6950	0.5894
69
0183	0.1572	0.9500	1.4144	0.7140	0.0502s	1.3126	0.6930	0.5720
70
0184	0.1422	0.9789	1.3874	0.7080	0.0506s	1.3002	0.6920	0.5649
71
0185	0.1578	0.9737	1.4276	0.7060	0.0503s	1.3084	0.6960	0.5662
72
0186	0.1618	0.9737	1.4583	0.7080	0.0505s	1.3234	0.6920	0.5739
73
0187	0.1722	0.9737	1.4963	0.7060	0.0502s	1.3692	0.6900	0.5703
74
0188	0.1657	0.9711	1.4643	0.7100	0.0505s	1.3366	0.6980	0.5709
75
0189	0.1801	0.9632	1.3881	0.7160	0.0505s	1.2658	0.7130	0.5750
76
0190	0.1597	0.9816	1.3639	0.7060	0.0502s	1.2609	0.7020	0.5741
77
0191	0.1723	0.9684	1.3987	0.6960	0.0502s	1.2900	0.6780	0.5672
78
0192	0.1753	0.9605	1.3683	0.7160	0.0507s	1.2467	0.7000	0.5868
79
0193	0.1511	0.9763	1.3917	0.7140	0.0508s	1.2707	0.7130	0.5814
80
0194	0.1713	0.9474	1.3893	0.7080	0.0508s	1.2695	0.7180	0.5827
81
0195	0.1582	0.9711	1.4204	0.7060	0.0504s	1.3050	0.7050	0.5771
82
0196	0.1671	0.9553	1.4068	0.7180	0.0506s	1.3203	0.6840	0.5661
83
0197	0.1593	0.9816	1.3806	0.7180	0.0502s	1.2957	0.6980	0.5904
84
0198	0.1624	0.9737	1.3077	0.7160	0.0505s	1.2102	0.7110	0.5960
85
0199	0.1545	0.9737	1.3033	0.7120	0.0503s	1.1884	0.7080	0.5800
86
0200	0.1741	0.9711	1.3822	0.7140	0.0506s	1.2447	0.7040	0.5790
87
0201	0.1480	0.9763	1.3708	0.7200	0.0504s	1.2512	0.7070	0.5956
88
0202	0.1534	0.9842	1.3831	0.7040	0.0502s	1.2881	0.7130	0.6100
89
0203	0.1765	0.9579	1.2794	0.7140	0.0505s	1.1843	0.7240	0.6060
90
0204	0.1516	0.9868	1.3219	0.7040	0.0507s	1.2148	0.7010	0.5709
91
0205	0.1609	0.9816	1.4554	0.7080	0.0506s	1.3414	0.6800	0.5667
92
0206	0.1624	0.9684	1.5001	0.7120	0.0509s	1.3904	0.6830	0.5659
93
0207	0.1791	0.9579	1.4197	0.7120	0.0503s	1.3088	0.7100	0.5886
94
0208	0.1482	0.9737	1.3346	0.7120	0.0502s	1.2053	0.7330	0.5900
95
0209	0.1663	0.9842	1.3170	0.7160	0.0502s	1.1813	0.7190	0.5969
96
0210	0.1528	0.9842	1.3319	0.7120	0.0504s	1.2006	0.7060	0.5865
97
0211	0.1500	0.9763	1.3679	0.7060	0.0520s	1.2383	0.7090	0.5800
98
0212	0.1497	0.9737	1.4046	0.7000	0.0506s	1.2778	0.7120	0.5796
99
0213	0.1559	0.9711	1.3962	0.6980	0.0506s	1.2730	0.7090	0.5753
100
0214	0.1603	0.9658	1.3279	0.7120	0.0512s	1.2210	0.7060	0.5830
101
0215	0.1582	0.9737	1.3160	0.7160	0.0537s	1.2024	0.7100	0.5873
102
0216	0.1924	0.9605	1.3761	0.7100	0.0511s	1.2503	0.7110	0.6027
103
0217	0.1474	0.9842	1.4292	0.6960	0.0504s	1.2929	0.7130	0.5864
104
0218	0.1460	0.9737	1.3955	0.7060	0.0505s	1.2663	0.7040	0.5698
105
0219	0.1585	0.9737	1.3752	0.7060	0.0505s	1.2579	0.6980	0.5702
106
0220	0.1459	0.9789	1.3679	0.7140	0.0508s	1.2691	0.7020	0.5773
107
0221	0.1518	0.9816	1.4256	0.7000	0.0502s	1.3144	0.7030	0.5746
108
0222	0.1471	0.9816	1.4492	0.7060	0.0504s	1.3280	0.6980	0.5741
109
0223	0.1507	0.9842	1.4181	0.7100	0.0508s	1.2795	0.7020	0.5798
110
0224	0.1234	0.9789	1.4023	0.7080	0.0504s	1.2524	0.7020	0.5792
111
0225	0.1623	0.9816	1.4133	0.7000	0.0503s	1.2667	0.7010	0.5898
112
0226	0.1327	0.9789	1.3842	0.7080	0.0506s	1.2433	0.7020	0.5856
113
0227	0.1783	0.9632	1.4114	0.7120	0.0505s	1.2834	0.6960	0.5771
114
0228	0.1447	0.9763	1.4095	0.7060	0.0505s	1.2839	0.6960	0.5722
115
0229	0.1333	0.9895	1.4229	0.7040	0.0503s	1.2922	0.6960	0.5747
116
0230	0.1748	0.9579	1.4896	0.7080	0.0503s	1.3451	0.6880	0.5778
117
0231	0.1675	0.9684	1.5344	0.6980	0.0503s	1.3666	0.6940	0.5835
118
0232	0.1877	0.9658	1.3825	0.7020	0.0501s	1.2092	0.7210	0.5945
119
0233	0.1825	0.9684	1.4230	0.6980	0.0505s	1.2835	0.7050	0.5720
120
0234	0.1919	0.9605	1.5806	0.7020	0.0503s	1.4515	0.6740	0.5670
121
0235	0.1600	0.9737	1.6136	0.7020	0.0504s	1.4844	0.6770	0.5750
122
0236	0.1719	0.9842	1.4238	0.7000	0.0504s	1.2896	0.6910	0.5654
123
0237	0.1601	0.9763	1.3335	0.7000	0.0502s	1.1988	0.7160	0.6069
124
0238	0.1876	0.9684	1.4051	0.7100	0.0505s	1.2602	0.6990	0.6079
125
0239	0.1575	0.9763	1.5160	0.7040	0.0504s	1.3641	0.6990	0.6079
126
0240	0.1573	0.9789	1.4404	0.7120	0.0508s	1.2783	0.6990	0.5890
127
0241	0.1644	0.9605	1.4181	0.6920	0.0502s	1.2612	0.7030	0.5932
128
0242	0.1859	0.9605	1.4170	0.7080	0.0504s	1.2834	0.7030	0.5996
129
0243	0.1644	0.9737	1.3763	0.7120	0.0511s	1.2668	0.7040	0.6085
130
0244	0.1538	0.9737	1.3825	0.7060	0.0506s	1.2689	0.6950	0.5819
131
0245	0.1823	0.9605	1.3805	0.7080	0.0512s	1.2537	0.6910	0.5701
132
0246	0.1417	0.9684	1.5117	0.6840	0.0503s	1.3662	0.6890	0.5749
133
0247	0.1567	0.9763	1.4673	0.6880	0.0511s	1.3371	0.7060	0.5904
134
0248	0.1654	0.9579	1.3688	0.7100	0.0510s	1.2530	0.7070	0.5965
135
0249	0.1723	0.9711	1.3229	0.7140	0.0502s	1.2045	0.7010	0.5719
136
0250	0.1453	0.9816	1.3915	0.7080	0.0502s	1.2372	0.7040	0.5799
137
0251	0.1646	0.9553	1.4196	0.7100	0.0514s	1.2604	0.7040	0.5854
138
0252	0.1556	0.9868	1.5183	0.6960	0.0507s	1.3720	0.6900	0.5781
139
0253	0.1864	0.9526	1.4678	0.7080	0.0503s	1.3225	0.6870	0.5645
140
0254	0.1531	0.9763	1.4423	0.6960	0.0505s	1.3049	0.6920	0.5564
141
0255	0.1673	0.9737	1.3443	0.7000	0.0511s	1.2264	0.7010	0.5627
142
0256	0.1450	0.9763	1.4179	0.6980	0.0774s	1.2992	0.6960	0.6010
143
0257	0.1648	0.9684	1.4271	0.7120	0.0619s	1.2966	0.6970	0.6100
144
0258	0.1546	0.9711	1.3923	0.7180	0.0594s	1.2315	0.7130	0.6050
145
0259	0.1436	0.9868	1.4205	0.7000	0.0591s	1.2507	0.7140	0.5837
146
0260	0.1678	0.9789	1.4999	0.6940	0.0596s	1.3414	0.7040	0.5832
147
0261	0.1536	0.9763	1.4773	0.6960	0.0594s	1.3396	0.6960	0.5806
148
0262	0.1746	0.9737	1.3716	0.7120	0.0592s	1.2483	0.7050	0.5761
149
0263	0.1459	0.9605	1.3656	0.7020	0.0594s	1.2582	0.7000	0.5822
150
0264	0.1700	0.9684	1.3830	0.6960	0.0593s	1.2814	0.6990	0.5779
151
0265	0.1538	0.9789	1.4504	0.7000	0.0592s	1.3284	0.6820	0.5730
152
0266	0.1758	0.9789	1.4231	0.7100	0.0591s	1.2673	0.7060	0.5834
153
0267	0.1442	0.9842	1.4040	0.7140	0.0593s	1.2259	0.7060	0.5813
154
0268	0.1418	0.9868	1.3890	0.7080	0.0593s	1.2189	0.7080	0.5776
155
0269	0.1400	0.9789	1.4023	0.7080	0.0595s	1.2385	0.7130	0.5842
156
0270	0.1713	0.9658	1.3960	0.7140	0.0558s	1.2314	0.7160	0.5765
157
0271	0.1689	0.9632	1.4560	0.7140	0.0514s	1.3152	0.6900	0.5717
158
0272	0.1518	0.9684	1.5029	0.7140	0.0505s	1.3758	0.6890	0.5903
159
0273	0.1658	0.9553	1.4069	0.7080	0.0508s	1.2803	0.6940	0.5674
160
0274	0.1429	0.9763	1.2941	0.7100	0.0504s	1.1840	0.7030	0.5795
161
0275	0.1815	0.9658	1.3234	0.7180	0.0509s	1.2045	0.7090	0.5777
162
0276	0.1376	0.9816	1.4311	0.7140	0.0502s	1.2893	0.7000	0.5899
163
0277	0.1497	0.9763	1.4955	0.7160	0.0505s	1.3432	0.7010	0.5990
164
0278	0.1494	0.9789	1.4394	0.7120	0.0504s	1.2798	0.7110	0.6041
165
0279	0.1625	0.9684	1.3824	0.7080	0.0508s	1.2287	0.7120	0.5944
166
0280	0.1477	0.9868	1.3618	0.7120	0.0504s	1.2212	0.7080	0.5743
167
0281	0.1446	0.9763	1.4170	0.7100	0.0506s	1.2916	0.7100	0.6010
168
0282	0.1583	0.9684	1.4549	0.7040	0.0501s	1.3445	0.7020	0.5801
169
0283	0.1700	0.9789	1.4692	0.7080	0.0509s	1.3688	0.6880	0.5721
170
0284	0.1383	0.9816	1.4291	0.7000	0.0505s	1.3266	0.6900	0.5694
171
0285	0.1714	0.9711	1.4497	0.7020	0.0505s	1.3203	0.6890	0.5555
172
0286	0.1490	0.9895	1.4712	0.7160	0.0506s	1.3311	0.6950	0.5698
173
0287	0.1929	0.9632	1.4486	0.6960	0.0509s	1.3133	0.6980	0.5846
174
0288	0.1605	0.9658	1.3881	0.7100	0.0506s	1.2860	0.6940	0.5760
175
0289	0.1683	0.9684	1.4680	0.6980	0.0504s	1.3501	0.6830	0.5687
176
0290	0.1907	0.9605	1.4239	0.7200	0.0502s	1.2987	0.7110	0.5789
177
0291	0.1530	0.9763	1.4530	0.6920	0.0522s	1.3008	0.7050	0.5796
178
0292	0.1462	0.9789	1.4451	0.7000	0.0508s	1.2891	0.6990	0.5798
179
0293	0.1451	0.9658	1.3820	0.7060	0.0511s	1.2537	0.6950	0.5707
180
0294	0.1526	0.9789	1.4221	0.6980	0.0503s	1.2840	0.7000	0.5766
181
0295	0.1685	0.9605	1.3628	0.7140	0.0513s	1.2240	0.7220	0.5881
182
0296	0.1402	0.9868	1.4686	0.7020	0.0504s	1.3300	0.7140	0.5739
183
0297	0.1685	0.9500	1.4402	0.7060	0.0503s	1.2941	0.6990	0.5750
184
0298	0.1556	0.9711	1.3959	0.7160	0.0504s	1.2764	0.6790	0.5646
185
0299	0.1731	0.9684	1.3672	0.7160	0.0507s	1.2734	0.6940	0.5948
186
0300	0.1702	0.9526	1.4103	0.6900	0.0503s	1.3270	0.6950	0.5816
187
0301	0.1477	0.9632	1.3404	0.7120	0.0508s	1.2365	0.7250	0.5858
188
0302	0.1714	0.9763	1.5086	0.7000	0.0506s	1.3550	0.6830	0.5612
189
0303	0.1894	0.9526	1.4359	0.6980	0.0508s	1.3077	0.6870	0.5688
190
0304	0.1667	0.9711	1.3659	0.6960	0.0504s	1.2760	0.7020	0.5700
191
0305	0.1957	0.9605	1.4581	0.7000	0.0507s	1.3450	0.6920	0.5941
192
0306	0.1812	0.9605	1.5206	0.7080	0.0507s	1.3742	0.6940	0.5860
193
0307	0.1559	0.9711	1.4604	0.7040	0.0503s	1.2986	0.7020	0.5775
194
0308	0.1527	0.9816	1.3618	0.6980	0.0505s	1.2233	0.7040	0.5758
195
0309	0.1623	0.9658	1.3453	0.7020	0.0505s	1.2447	0.7040	0.5792
196
0310	0.1766	0.9684	1.4658	0.6980	0.0505s	1.3690	0.6810	0.5747
197
0311	0.1825	0.9658	1.5159	0.6960	0.0504s	1.3907	0.6940	0.5869
198
0312	0.1406	0.9684	1.5194	0.7000	0.0505s	1.3592	0.6900	0.5707
199
Early stop! Min loss:1.2359369993209839,  Max accuracy:0.728
Early stop model validation loss:1.2359369993209839,  accuracy:0.722
Optimization Finished!
Total time elapsed: 16.3123s
test max acc:0.7330
Loading 106th epoch
stru_node_to_hop attention:tensor([[0.2453, 0.2508, 0.2517, 0.2521],
        [0.2441, 0.2514, 0.2520, 0.2524],
        [0.2500, 0.2504, 0.2498, 0.2497],
        [0.2503, 0.2500, 0.2498, 0.2500],
        [0.2435, 0.2549, 0.2525, 0.2491],
        [0.2480, 0.2508, 0.2506, 0.2506],
        [0.2500, 0.2502, 0.2499, 0.2499],
        [0.2445, 0.2513, 0.2518, 0.2524],
        [0.2484, 0.2508, 0.2504, 0.2504],
        [0.2494, 0.2501, 0.2502, 0.2503],
        [0.2478, 0.2509, 0.2506, 0.2508],
        [0.2380, 0.2531, 0.2542, 0.2546],
        [0.2476, 0.2499, 0.2518, 0.2508],
        [0.2171, 0.2481, 0.2670, 0.2677],
        [0.2221, 0.2438, 0.2689, 0.2651],
        [0.2500, 0.2500, 0.2500, 0.2500],
        [0.2500, 0.2500, 0.2500, 0.2500],
        [0.2500, 0.2500, 0.2500, 0.2500],
        [0.2471, 0.2496, 0.2519, 0.2514],
        [0.2492, 0.2501, 0.2503, 0.2504],
        [0.2417, 0.2521, 0.2529, 0.2533],
        [0.2465, 0.2512, 0.2510, 0.2513],
        [0.2489, 0.2503, 0.2504, 0.2504],
        [0.2500, 0.2500, 0.2500, 0.2500],
        [0.2512, 0.2496, 0.2497, 0.2496],
        [0.2500, 0.2500, 0.2500, 0.2500],
        [0.2500, 0.2500, 0.2500, 0.2500],
        [0.2497, 0.2501, 0.2501, 0.2501],
        [0.2499, 0.2500, 0.2500, 0.2500],
        [0.2500, 0.2500, 0.2500, 0.2500],
        [0.2400, 0.2537, 0.2529, 0.2533],
        [0.2520, 0.2493, 0.2493, 0.2493],
        [0.2526, 0.2491, 0.2491, 0.2492],
        [0.2359, 0.2546, 0.2560, 0.2534],
        [0.2496, 0.2491, 0.2501, 0.2512],
        [0.2499, 0.2500, 0.2500, 0.2500],
        [0.2494, 0.2497, 0.2504, 0.2505],
        [0.2505, 0.2498, 0.2498, 0.2498],
        [0.2500, 0.2500, 0.2500, 0.2500],
        [0.2501, 0.2500, 0.2499, 0.2499],
        [0.2494, 0.2502, 0.2502, 0.2501],
        [0.2442, 0.2510, 0.2524, 0.2525],
        [0.2496, 0.2499, 0.2502, 0.2503],
        [0.2500, 0.2500, 0.2500, 0.2500],
        [0.2433, 0.2515, 0.2524, 0.2527],
        [0.1609, 0.3934, 0.2408, 0.2050],
        [0.2500, 0.2500, 0.2500, 0.2500],
        [0.2413, 0.2518, 0.2533, 0.2536],
        [0.2500, 0.2500, 0.2500, 0.2500],
        [0.2678, 0.2515, 0.2404, 0.2403],
        [0.2517, 0.2495, 0.2494, 0.2494],
        [0.2500, 0.2500, 0.2500, 0.2500],
        [0.2499, 0.2500, 0.2500, 0.2501],
        [0.2408, 0.2496, 0.2552, 0.2544],
        [0.2500, 0.2502, 0.2500, 0.2499],
        [0.2464, 0.2461, 0.2531, 0.2544],
        [0.2335, 0.2151, 0.2707, 0.2806],
        [0.2492, 0.2501, 0.2504, 0.2504],
        [0.2500, 0.2500, 0.2500, 0.2500],
        [0.2500, 0.2500, 0.2500, 0.2500],
        [0.2493, 0.2496, 0.2503, 0.2507],
        [0.2500, 0.2500, 0.2500, 0.2500],
        [0.2500, 0.2500, 0.2500, 0.2500],
        [0.2500, 0.2500, 0.2500, 0.2500],
        [0.2490, 0.2502, 0.2504, 0.2504],
        [0.2406, 0.2514, 0.2540, 0.2540],
        [0.2500, 0.2500, 0.2500, 0.2500],
        [0.2426, 0.2520, 0.2526, 0.2528],
        [0.2507, 0.2492, 0.2500, 0.2501],
        [0.2500, 0.2500, 0.2500, 0.2500],
        [0.2502, 0.2500, 0.2499, 0.2499],
        [0.2493, 0.2501, 0.2503, 0.2503],
        [0.2454, 0.2501, 0.2523, 0.2523],
        [0.2500, 0.2500, 0.2500, 0.2500],
        [0.2500, 0.2500, 0.2500, 0.2500],
        [0.2500, 0.2500, 0.2500, 0.2500],
        [0.2496, 0.2501, 0.2501, 0.2501],
        [0.2423, 0.2500, 0.2534, 0.2543],
        [0.2500, 0.2500, 0.2500, 0.2500],
        [0.2462, 0.2512, 0.2511, 0.2515],
        [0.2369, 0.2548, 0.2539, 0.2543],
        [0.2423, 0.2522, 0.2526, 0.2529],
        [0.2499, 0.2500, 0.2501, 0.2501],
        [0.2500, 0.2500, 0.2500, 0.2500],
        [0.2491, 0.2499, 0.2505, 0.2504],
        [0.2391, 0.2528, 0.2539, 0.2542],
        [0.2507, 0.2481, 0.2501, 0.2511],
        [0.2500, 0.2500, 0.2500, 0.2500],
        [0.2465, 0.2511, 0.2510, 0.2514],
        [0.2500, 0.2500, 0.2500, 0.2500],
        [0.2500, 0.2500, 0.2500, 0.2500],
        [0.2496, 0.2500, 0.2502, 0.2502],
        [0.2506, 0.2499, 0.2497, 0.2497],
        [0.2493, 0.2501, 0.2503, 0.2503],
        [0.2503, 0.2499, 0.2499, 0.2499],
        [0.2506, 0.2500, 0.2498, 0.2497],
        [0.2361, 0.2540, 0.2543, 0.2556],
        [0.2400, 0.2549, 0.2527, 0.2524],
        [0.2500, 0.2500, 0.2500, 0.2500],
        [0.2456, 0.2516, 0.2515, 0.2514]], device='cuda:1')
fea_node_to_hop attention:tensor([[0.1404, 0.1463, 0.1435, 0.1432, 0.1425, 0.1422, 0.1419],
        [0.1399, 0.1432, 0.1432, 0.1433, 0.1434, 0.1434, 0.1435],
        [0.1410, 0.1433, 0.1433, 0.1432, 0.1431, 0.1431, 0.1430],
        [0.1413, 0.1435, 0.1432, 0.1431, 0.1430, 0.1430, 0.1429],
        [0.1346, 0.1477, 0.1465, 0.1451, 0.1434, 0.1419, 0.1407],
        [0.1425, 0.1430, 0.1429, 0.1429, 0.1429, 0.1429, 0.1429],
        [0.1431, 0.1430, 0.1429, 0.1428, 0.1428, 0.1427, 0.1427],
        [0.1390, 0.1435, 0.1434, 0.1435, 0.1435, 0.1435, 0.1436],
        [0.1408, 0.1431, 0.1431, 0.1432, 0.1433, 0.1433, 0.1433],
        [0.1422, 0.1423, 0.1430, 0.1431, 0.1431, 0.1432, 0.1432],
        [0.1418, 0.1424, 0.1429, 0.1431, 0.1432, 0.1433, 0.1433],
        [0.1388, 0.1430, 0.1434, 0.1436, 0.1437, 0.1437, 0.1438],
        [0.1403, 0.1428, 0.1433, 0.1434, 0.1434, 0.1434, 0.1433],
        [0.1222, 0.1451, 0.1436, 0.1448, 0.1466, 0.1483, 0.1495],
        [0.1218, 0.1445, 0.1470, 0.1475, 0.1471, 0.1464, 0.1457],
        [0.1429, 0.1429, 0.1429, 0.1429, 0.1429, 0.1429, 0.1429],
        [0.1428, 0.1429, 0.1429, 0.1429, 0.1429, 0.1429, 0.1429],
        [0.1429, 0.1429, 0.1429, 0.1429, 0.1429, 0.1429, 0.1429],
        [0.1403, 0.1429, 0.1432, 0.1434, 0.1434, 0.1434, 0.1434],
        [0.1424, 0.1429, 0.1429, 0.1430, 0.1430, 0.1429, 0.1429],
        [0.1382, 0.1436, 0.1437, 0.1437, 0.1437, 0.1436, 0.1435],
        [0.1407, 0.1434, 0.1433, 0.1432, 0.1432, 0.1431, 0.1431],
        [0.1420, 0.1430, 0.1430, 0.1430, 0.1430, 0.1430, 0.1430],
        [0.1429, 0.1429, 0.1429, 0.1429, 0.1429, 0.1429, 0.1429],
        [0.1436, 0.1429, 0.1427, 0.1427, 0.1427, 0.1427, 0.1427],
        [0.1429, 0.1429, 0.1429, 0.1429, 0.1429, 0.1429, 0.1429],
        [0.1429, 0.1429, 0.1429, 0.1429, 0.1429, 0.1429, 0.1429],
        [0.1427, 0.1429, 0.1429, 0.1429, 0.1429, 0.1429, 0.1429],
        [0.1428, 0.1429, 0.1429, 0.1429, 0.1429, 0.1429, 0.1429],
        [0.1429, 0.1429, 0.1429, 0.1429, 0.1429, 0.1429, 0.1429],
        [0.1375, 0.1428, 0.1437, 0.1438, 0.1440, 0.1441, 0.1441],
        [0.1442, 0.1426, 0.1426, 0.1426, 0.1426, 0.1426, 0.1426],
        [0.1425, 0.1429, 0.1429, 0.1430, 0.1429, 0.1429, 0.1430],
        [0.1338, 0.1433, 0.1451, 0.1453, 0.1448, 0.1441, 0.1434],
        [0.1407, 0.1435, 0.1434, 0.1432, 0.1431, 0.1431, 0.1430],
        [0.1428, 0.1428, 0.1429, 0.1429, 0.1429, 0.1429, 0.1429],
        [0.1420, 0.1429, 0.1430, 0.1430, 0.1430, 0.1430, 0.1430],
        [0.1431, 0.1428, 0.1428, 0.1428, 0.1428, 0.1428, 0.1428],
        [0.1429, 0.1429, 0.1428, 0.1428, 0.1428, 0.1428, 0.1428],
        [0.1428, 0.1429, 0.1429, 0.1429, 0.1429, 0.1429, 0.1429],
        [0.1426, 0.1429, 0.1429, 0.1429, 0.1429, 0.1429, 0.1429],
        [0.1416, 0.1429, 0.1431, 0.1431, 0.1431, 0.1431, 0.1430],
        [0.1427, 0.1430, 0.1428, 0.1429, 0.1428, 0.1429, 0.1429],
        [0.1428, 0.1429, 0.1429, 0.1429, 0.1429, 0.1429, 0.1429],
        [0.1400, 0.1433, 0.1434, 0.1434, 0.1434, 0.1433, 0.1433],
        [0.1193, 0.1409, 0.1471, 0.1510, 0.1481, 0.1475, 0.1462],
        [0.1429, 0.1429, 0.1428, 0.1428, 0.1429, 0.1429, 0.1429],
        [0.1395, 0.1432, 0.1434, 0.1434, 0.1435, 0.1435, 0.1435],
        [0.1429, 0.1429, 0.1429, 0.1429, 0.1429, 0.1429, 0.1429],
        [0.1544, 0.1595, 0.1466, 0.1401, 0.1359, 0.1328, 0.1306],
        [0.1438, 0.1429, 0.1427, 0.1427, 0.1426, 0.1426, 0.1427],
        [0.1428, 0.1429, 0.1429, 0.1429, 0.1429, 0.1429, 0.1429],
        [0.1429, 0.1429, 0.1429, 0.1429, 0.1429, 0.1429, 0.1429],
        [0.1324, 0.1434, 0.1441, 0.1448, 0.1450, 0.1451, 0.1451],
        [0.1428, 0.1428, 0.1429, 0.1429, 0.1429, 0.1429, 0.1429],
        [0.1332, 0.1440, 0.1444, 0.1450, 0.1448, 0.1445, 0.1441],
        [0.1281, 0.1234, 0.1483, 0.1499, 0.1508, 0.1501, 0.1494],
        [0.1421, 0.1430, 0.1430, 0.1430, 0.1430, 0.1430, 0.1430],
        [0.1429, 0.1429, 0.1429, 0.1429, 0.1429, 0.1429, 0.1429],
        [0.1429, 0.1429, 0.1429, 0.1429, 0.1429, 0.1429, 0.1429],
        [0.1422, 0.1432, 0.1430, 0.1430, 0.1429, 0.1429, 0.1429],
        [0.1429, 0.1429, 0.1429, 0.1428, 0.1428, 0.1428, 0.1429],
        [0.1429, 0.1429, 0.1429, 0.1429, 0.1429, 0.1429, 0.1429],
        [0.1428, 0.1429, 0.1429, 0.1429, 0.1429, 0.1429, 0.1429],
        [0.1423, 0.1429, 0.1429, 0.1430, 0.1430, 0.1430, 0.1429],
        [0.1365, 0.1401, 0.1444, 0.1447, 0.1449, 0.1448, 0.1446],
        [0.1429, 0.1429, 0.1429, 0.1429, 0.1429, 0.1429, 0.1429],
        [0.1396, 0.1435, 0.1434, 0.1434, 0.1434, 0.1434, 0.1433],
        [0.1430, 0.1428, 0.1428, 0.1428, 0.1428, 0.1428, 0.1428],
        [0.1429, 0.1429, 0.1429, 0.1429, 0.1429, 0.1429, 0.1429],
        [0.1429, 0.1428, 0.1428, 0.1428, 0.1428, 0.1428, 0.1428],
        [0.1425, 0.1429, 0.1429, 0.1429, 0.1429, 0.1429, 0.1429],
        [0.1423, 0.1425, 0.1430, 0.1430, 0.1431, 0.1431, 0.1431],
        [0.1429, 0.1429, 0.1429, 0.1429, 0.1429, 0.1429, 0.1429],
        [0.1429, 0.1428, 0.1428, 0.1428, 0.1429, 0.1429, 0.1429],
        [0.1429, 0.1429, 0.1429, 0.1429, 0.1429, 0.1429, 0.1429],
        [0.1427, 0.1429, 0.1429, 0.1429, 0.1429, 0.1429, 0.1429],
        [0.1390, 0.1432, 0.1435, 0.1435, 0.1436, 0.1436, 0.1436],
        [0.1428, 0.1429, 0.1429, 0.1429, 0.1429, 0.1429, 0.1429],
        [0.1408, 0.1432, 0.1432, 0.1433, 0.1432, 0.1432, 0.1431],
        [0.1398, 0.1430, 0.1434, 0.1435, 0.1435, 0.1434, 0.1434],
        [0.1395, 0.1431, 0.1433, 0.1434, 0.1435, 0.1435, 0.1436],
        [0.1428, 0.1429, 0.1429, 0.1429, 0.1429, 0.1429, 0.1429],
        [0.1429, 0.1429, 0.1429, 0.1429, 0.1429, 0.1429, 0.1429],
        [0.1423, 0.1427, 0.1430, 0.1430, 0.1430, 0.1430, 0.1430],
        [0.1378, 0.1429, 0.1437, 0.1438, 0.1439, 0.1439, 0.1439],
        [0.1425, 0.1440, 0.1431, 0.1429, 0.1427, 0.1425, 0.1424],
        [0.1429, 0.1429, 0.1429, 0.1429, 0.1429, 0.1429, 0.1429],
        [0.1414, 0.1430, 0.1431, 0.1431, 0.1431, 0.1431, 0.1431],
        [0.1429, 0.1429, 0.1429, 0.1429, 0.1429, 0.1429, 0.1429],
        [0.1429, 0.1429, 0.1429, 0.1429, 0.1429, 0.1429, 0.1429],
        [0.1426, 0.1429, 0.1429, 0.1429, 0.1429, 0.1429, 0.1429],
        [0.1434, 0.1427, 0.1428, 0.1428, 0.1428, 0.1428, 0.1428],
        [0.1425, 0.1429, 0.1429, 0.1429, 0.1429, 0.1429, 0.1429],
        [0.1429, 0.1429, 0.1429, 0.1429, 0.1429, 0.1428, 0.1428],
        [0.1433, 0.1428, 0.1428, 0.1428, 0.1428, 0.1428, 0.1428],
        [0.1365, 0.1439, 0.1434, 0.1438, 0.1440, 0.1442, 0.1443],
        [0.1363, 0.1442, 0.1440, 0.1440, 0.1439, 0.1438, 0.1438],
        [0.1429, 0.1429, 0.1429, 0.1429, 0.1429, 0.1429, 0.1429],
        [0.1427, 0.1429, 0.1428, 0.1429, 0.1429, 0.1429, 0.1428]],
       device='cuda:1')
perception attention:tensor([0.4623, 0.5377], device='cuda:1')
Test set results: loss= 1.1779 accuracy= 0.7070 F1_score= 0.5976
