# epoch	loss_train	acc_train	loss_val	acc_val	time	acc_test	f1_test
0001	1.8003	0.1333	1.6927	0.4980	0.1219s	1.6853	0.5240	0.4299
0
0002	1.6830	0.4417	1.5335	0.5080	0.1198s	1.5137	0.5390	0.4017
0
0003	1.5246	0.5417	1.3514	0.5880	0.1226s	1.3298	0.6120	0.5249
0
0004	1.3478	0.6250	1.1596	0.7200	0.1230s	1.1421	0.7590	0.7273
0
0005	1.1471	0.7750	0.9905	0.8480	0.1246s	0.9761	0.8280	0.8107
0
0006	0.9626	0.8000	0.8518	0.8440	0.1220s	0.8406	0.8480	0.8436
0
0007	0.8209	0.7917	0.7282	0.8640	0.1224s	0.7176	0.8700	0.8649
0
0008	0.6744	0.8500	0.6304	0.8780	0.1220s	0.6168	0.8770	0.8702
0
0009	0.6124	0.8500	0.5666	0.8900	0.1221s	0.5484	0.8780	0.8700
0
0010	0.5112	0.9417	0.5143	0.8960	0.1222s	0.4941	0.8870	0.8798
0
0011	0.4758	0.8833	0.4697	0.8860	0.1220s	0.4489	0.8860	0.8777
0
0012	0.3902	0.9417	0.4349	0.8980	0.1079s	0.4133	0.8930	0.8865
0
0013	0.3677	0.9417	0.4147	0.9000	0.1088s	0.3903	0.9000	0.8938
0
0014	0.3195	0.9333	0.4063	0.8900	0.1177s	0.3785	0.8980	0.8923
0
0015	0.3026	0.9417	0.4091	0.8900	0.1158s	0.3773	0.8940	0.8882
0
0016	0.2748	0.9583	0.4139	0.8920	0.1196s	0.3792	0.8910	0.8846
1
0017	0.2778	0.9417	0.4125	0.8880	0.1224s	0.3768	0.8910	0.8839
2
0018	0.2445	0.9500	0.4017	0.8880	0.1220s	0.3656	0.9000	0.8938
3
0019	0.2314	0.9833	0.3935	0.8960	0.1219s	0.3573	0.9000	0.8942
0
0020	0.2226	0.9417	0.3924	0.8960	0.1220s	0.3557	0.9020	0.8963
0
0021	0.2028	0.9333	0.3942	0.8900	0.1220s	0.3579	0.9000	0.8947
0
0022	0.2234	0.9500	0.3988	0.8860	0.1221s	0.3633	0.9000	0.8946
1
0023	0.2033	0.9917	0.4051	0.8860	0.1047s	0.3699	0.8930	0.8869
2
0024	0.2106	0.9667	0.4146	0.8900	0.1221s	0.3784	0.8960	0.8897
3
0025	0.1843	0.9667	0.4196	0.8920	0.1221s	0.3819	0.8940	0.8876
4
0026	0.1634	0.9500	0.4207	0.8960	0.1215s	0.3816	0.8900	0.8833
5
0027	0.1711	0.9750	0.4204	0.8900	0.1222s	0.3813	0.8900	0.8828
6
0028	0.1682	0.9667	0.4181	0.8840	0.1224s	0.3789	0.8940	0.8866
7
0029	0.1777	0.9750	0.4161	0.8780	0.1224s	0.3775	0.8950	0.8880
8
0030	0.1702	0.9750	0.4143	0.8780	0.1218s	0.3767	0.8930	0.8863
9
0031	0.1684	0.9667	0.4132	0.8840	0.1220s	0.3777	0.8960	0.8895
10
0032	0.1595	0.9500	0.4149	0.8840	0.1219s	0.3809	0.8910	0.8839
11
0033	0.1706	0.9417	0.4161	0.8880	0.1218s	0.3829	0.8910	0.8843
12
0034	0.1598	0.9500	0.4142	0.8900	0.1224s	0.3807	0.8920	0.8859
13
0035	0.1775	0.9500	0.4109	0.8940	0.1221s	0.3763	0.8940	0.8884
14
0036	0.1597	0.9833	0.4100	0.8940	0.1222s	0.3746	0.8980	0.8929
15
0037	0.1728	0.9833	0.4092	0.8940	0.1045s	0.3731	0.8980	0.8930
16
0038	0.1600	0.9833	0.4094	0.8920	0.1191s	0.3732	0.8970	0.8917
17
0039	0.1769	1.0000	0.4106	0.8900	0.1219s	0.3749	0.8920	0.8858
18
0040	0.1671	0.9917	0.4101	0.8880	0.1220s	0.3749	0.8920	0.8853
19
0041	0.1566	0.9833	0.4116	0.8880	0.1218s	0.3767	0.8920	0.8853
20
0042	0.1760	0.9667	0.4154	0.8840	0.1223s	0.3797	0.8880	0.8802
21
0043	0.1662	0.9917	0.4159	0.8860	0.1226s	0.3797	0.8840	0.8756
22
0044	0.1483	0.9917	0.4151	0.8900	0.1219s	0.3786	0.8850	0.8769
23
0045	0.1866	0.9750	0.4077	0.8920	0.1217s	0.3702	0.8890	0.8818
24
0046	0.1696	0.9667	0.3976	0.8940	0.1222s	0.3578	0.8990	0.8934
25
0047	0.1675	0.9750	0.3942	0.8960	0.1220s	0.3522	0.8990	0.8934
26
0048	0.1719	0.9583	0.3956	0.9000	0.1227s	0.3524	0.8980	0.8925
27
0049	0.1559	0.9583	0.3984	0.9000	0.1221s	0.3555	0.8990	0.8940
0
0050	0.1552	0.9750	0.4001	0.8940	0.1222s	0.3575	0.8970	0.8914
0
0051	0.1766	0.9583	0.4032	0.8840	0.1222s	0.3612	0.8980	0.8923
1
0052	0.1455	0.9917	0.4089	0.8800	0.1222s	0.3672	0.8930	0.8860
2
0053	0.1454	1.0000	0.4143	0.8780	0.1226s	0.3720	0.8940	0.8870
3
0054	0.1685	1.0000	0.4141	0.8860	0.1223s	0.3708	0.8890	0.8817
4
0055	0.1455	0.9583	0.4072	0.8900	0.1225s	0.3627	0.8890	0.8820
5
0056	0.1579	0.9583	0.4010	0.8880	0.1127s	0.3527	0.8980	0.8913
6
0057	0.1593	0.9583	0.3970	0.8880	0.1203s	0.3453	0.9000	0.8940
7
0058	0.1544	0.9833	0.3968	0.8980	0.1217s	0.3435	0.9050	0.8997
8
0059	0.1668	0.9750	0.3922	0.8960	0.1220s	0.3406	0.9050	0.8999
9
0060	0.1716	0.9917	0.3903	0.8960	0.1219s	0.3434	0.9010	0.8958
0
0061	0.1774	0.9500	0.3941	0.8980	0.1221s	0.3524	0.8970	0.8918
0
0062	0.1476	0.9750	0.4027	0.8900	0.1219s	0.3642	0.8960	0.8904
1
0063	0.1556	0.9750	0.4083	0.8860	0.1219s	0.3707	0.8910	0.8844
2
0064	0.1694	0.9500	0.4067	0.8900	0.1223s	0.3695	0.8940	0.8872
3
0065	0.1553	0.9833	0.3983	0.8980	0.1220s	0.3611	0.8940	0.8878
4
0066	0.1387	0.9917	0.3927	0.9000	0.1223s	0.3540	0.8960	0.8899
5
0067	0.1627	0.9750	0.3917	0.8980	0.1220s	0.3526	0.8980	0.8924
0
0068	0.1531	0.9833	0.3932	0.8980	0.1225s	0.3549	0.8950	0.8893
1
0069	0.1577	0.9500	0.3891	0.8960	0.1223s	0.3523	0.8990	0.8938
2
0070	0.1466	0.9917	0.3875	0.8920	0.1218s	0.3530	0.8990	0.8934
0
0071	0.1511	0.9750	0.3863	0.8940	0.1224s	0.3548	0.9030	0.8974
0
0072	0.1522	0.9667	0.3872	0.8920	0.1218s	0.3580	0.9030	0.8974
0
0073	0.1438	0.9750	0.3876	0.8920	0.1222s	0.3595	0.9020	0.8962
1
0074	0.1660	0.9667	0.3868	0.8920	0.1220s	0.3582	0.9040	0.8985
2
0075	0.1415	0.9833	0.3868	0.8980	0.1222s	0.3561	0.9060	0.9008
3
0076	0.1423	0.9750	0.3899	0.8980	0.1219s	0.3571	0.9060	0.9007
4
0077	0.1567	0.9750	0.3940	0.8920	0.1218s	0.3592	0.9020	0.8961
5
0078	0.1595	0.9667	0.3996	0.8920	0.1221s	0.3631	0.9030	0.8972
6
0079	0.1813	0.9833	0.3992	0.8940	0.1220s	0.3652	0.9040	0.8984
7
0080	0.1431	0.9833	0.3992	0.8980	0.1044s	0.3685	0.9020	0.8959
8
0081	0.1450	0.9833	0.3941	0.8960	0.1197s	0.3672	0.9010	0.8952
9
0082	0.1381	0.9750	0.3886	0.8960	0.1220s	0.3632	0.9010	0.8957
10
0083	0.1567	0.9667	0.3827	0.9000	0.1220s	0.3577	0.9050	0.9004
11
0084	0.1430	0.9750	0.3797	0.9060	0.1223s	0.3537	0.9090	0.9048
0
0085	0.1364	0.9917	0.3799	0.9060	0.1222s	0.3502	0.9110	0.9067
0
0086	0.1372	0.9833	0.3847	0.8980	0.1222s	0.3528	0.9080	0.9030
0
0087	0.1360	0.9833	0.3951	0.8960	0.1245s	0.3624	0.8970	0.8909
1
0088	0.1366	1.0000	0.4086	0.8880	0.1205s	0.3732	0.8930	0.8867
2
0089	0.1443	0.9833	0.4174	0.8840	0.1220s	0.3807	0.8900	0.8834
3
0090	0.1603	0.9833	0.4177	0.8880	0.1224s	0.3815	0.8870	0.8798
4
0091	0.1619	0.9833	0.4119	0.8900	0.1222s	0.3760	0.8970	0.8905
5
0092	0.1450	0.9667	0.4014	0.8900	0.1219s	0.3639	0.9010	0.8949
6
0093	0.1411	0.9833	0.3958	0.9000	0.1221s	0.3528	0.9030	0.8977
7
0094	0.1566	0.9750	0.3941	0.9040	0.1224s	0.3451	0.9080	0.9034
8
0095	0.1338	0.9833	0.3951	0.9040	0.1222s	0.3402	0.9090	0.9044
9
0096	0.1420	0.9667	0.3957	0.9040	0.1225s	0.3380	0.9100	0.9053
10
0097	0.1371	0.9750	0.3974	0.9020	0.1233s	0.3388	0.9100	0.9054
11
0098	0.1501	0.9917	0.4008	0.8960	0.1221s	0.3445	0.9050	0.8997
12
0099	0.1600	0.9750	0.4046	0.8940	0.1211s	0.3545	0.8960	0.8899
13
0100	0.1488	1.0000	0.4141	0.8860	0.1221s	0.3692	0.8940	0.8876
14
0101	0.1440	0.9833	0.4253	0.8760	0.1224s	0.3848	0.8870	0.8800
15
0102	0.1631	0.9667	0.4135	0.8840	0.1197s	0.3741	0.8880	0.8808
16
0103	0.1571	0.9750	0.3931	0.8940	0.1223s	0.3531	0.9020	0.8965
17
0104	0.1615	0.9583	0.3826	0.9080	0.1223s	0.3365	0.9070	0.9021
18
0105	0.1531	0.9917	0.3853	0.9080	0.1223s	0.3314	0.9120	0.9078
0
0106	0.1338	0.9833	0.3903	0.9060	0.1205s	0.3338	0.9100	0.9058
0
0107	0.1579	0.9667	0.3921	0.9000	0.1223s	0.3377	0.9080	0.9034
1
0108	0.1447	0.9917	0.3961	0.9020	0.1225s	0.3454	0.9070	0.9024
2
0109	0.1457	0.9750	0.4033	0.8980	0.1222s	0.3601	0.8980	0.8924
3
0110	0.1198	0.9917	0.4167	0.8900	0.1219s	0.3769	0.8920	0.8855
4
0111	0.1778	0.9833	0.4227	0.8880	0.1225s	0.3847	0.8940	0.8872
5
0112	0.1558	0.9583	0.4208	0.8900	0.1217s	0.3827	0.8970	0.8904
6
0113	0.1284	0.9917	0.4052	0.8940	0.1058s	0.3665	0.9030	0.8971
7
0114	0.1422	1.0000	0.3957	0.9000	0.1188s	0.3549	0.9070	0.9017
8
0115	0.1333	0.9667	0.3924	0.8980	0.1218s	0.3487	0.9060	0.9010
9
0116	0.1316	0.9833	0.3895	0.9000	0.1219s	0.3456	0.9090	0.9044
10
0117	0.1487	0.9917	0.3873	0.9000	0.1220s	0.3458	0.9090	0.9043
11
0118	0.1448	0.9917	0.3922	0.9020	0.1215s	0.3546	0.9050	0.8999
12
0119	0.1514	0.9667	0.4057	0.8900	0.1220s	0.3716	0.9040	0.8981
13
0120	0.1489	0.9833	0.4146	0.8820	0.1247s	0.3821	0.8950	0.8877
14
0121	0.1281	0.9917	0.4135	0.8820	0.1215s	0.3830	0.8960	0.8887
15
0122	0.1443	0.9917	0.4053	0.8900	0.1218s	0.3744	0.9020	0.8959
16
0123	0.1374	0.9667	0.3986	0.8920	0.1221s	0.3660	0.9000	0.8940
17
0124	0.1218	0.9667	0.3964	0.8940	0.1219s	0.3621	0.8970	0.8908
18
0125	0.1355	0.9833	0.3954	0.8940	0.1221s	0.3588	0.8960	0.8902
19
0126	0.1787	0.9750	0.3870	0.9000	0.1221s	0.3488	0.9080	0.9033
20
0127	0.1348	0.9750	0.3839	0.9000	0.1216s	0.3444	0.9070	0.9025
21
0128	0.1492	0.9667	0.3828	0.9020	0.1219s	0.3467	0.9070	0.9024
22
0129	0.1375	0.9917	0.3855	0.9000	0.1220s	0.3517	0.9090	0.9046
23
0130	0.1310	0.9917	0.3931	0.9020	0.1225s	0.3604	0.9090	0.9041
24
0131	0.1387	0.9833	0.4024	0.8940	0.1217s	0.3692	0.8990	0.8930
25
0132	0.1399	1.0000	0.4049	0.8960	0.1222s	0.3712	0.8960	0.8897
26
0133	0.1402	0.9750	0.4032	0.8940	0.1219s	0.3699	0.8970	0.8909
27
0134	0.1260	0.9917	0.4030	0.8920	0.1225s	0.3694	0.8920	0.8853
28
0135	0.1426	0.9583	0.3995	0.8980	0.1226s	0.3640	0.8940	0.8878
29
0136	0.1223	0.9833	0.3961	0.8980	0.1222s	0.3594	0.8960	0.8903
30
0137	0.1401	0.9667	0.3904	0.8960	0.1220s	0.3542	0.8990	0.8937
31
0138	0.1423	0.9833	0.3845	0.9000	0.1234s	0.3500	0.9040	0.8993
32
0139	0.1444	0.9583	0.3825	0.9020	0.1226s	0.3512	0.9050	0.9001
33
0140	0.1324	0.9500	0.3835	0.9020	0.1222s	0.3550	0.9030	0.8977
34
0141	0.1411	0.9833	0.3863	0.9020	0.1221s	0.3595	0.9030	0.8976
35
0142	0.1182	1.0000	0.3913	0.9080	0.1218s	0.3653	0.8990	0.8934
36
0143	0.1451	0.9667	0.3969	0.9020	0.1216s	0.3690	0.8980	0.8924
0
0144	0.1223	0.9750	0.3987	0.9020	0.1222s	0.3698	0.8980	0.8926
1
0145	0.1574	0.9667	0.4052	0.8980	0.1223s	0.3752	0.8950	0.8888
2
0146	0.1589	0.9750	0.4023	0.9000	0.1219s	0.3720	0.8950	0.8892
3
0147	0.1411	0.9750	0.3959	0.9000	0.1072s	0.3664	0.9010	0.8958
4
0148	0.1765	0.9417	0.3872	0.8980	0.1217s	0.3608	0.9040	0.8992
5
0149	0.1385	0.9833	0.3824	0.9040	0.1222s	0.3582	0.9060	0.9011
6
0150	0.1374	0.9917	0.3799	0.9020	0.1220s	0.3571	0.9050	0.8999
7
0151	0.1367	0.9833	0.3828	0.9020	0.1222s	0.3617	0.9030	0.8976
8
0152	0.1286	0.9917	0.3869	0.8960	0.1221s	0.3672	0.9010	0.8955
9
0153	0.1363	0.9750	0.3941	0.8920	0.1223s	0.3739	0.8990	0.8931
10
0154	0.1336	0.9833	0.4007	0.8960	0.1218s	0.3783	0.8990	0.8929
11
0155	0.1288	0.9750	0.4058	0.8960	0.1219s	0.3801	0.8970	0.8906
12
0156	0.1550	0.9417	0.4076	0.8920	0.1218s	0.3789	0.8940	0.8872
13
0157	0.1292	0.9833	0.4041	0.8880	0.1222s	0.3720	0.9040	0.8982
14
0158	0.1460	0.9917	0.3934	0.8940	0.1219s	0.3597	0.9080	0.9028
15
0159	0.1392	0.9750	0.3838	0.9000	0.1223s	0.3486	0.9070	0.9025
16
0160	0.1218	0.9833	0.3788	0.9060	0.1220s	0.3438	0.9080	0.9036
17
0161	0.1377	1.0000	0.3761	0.9060	0.1249s	0.3423	0.9100	0.9056
0
0162	0.1325	0.9750	0.3748	0.9080	0.1217s	0.3446	0.9100	0.9055
0
0163	0.1359	0.9667	0.3779	0.9080	0.1224s	0.3501	0.9090	0.9042
0
0164	0.1397	0.9667	0.3883	0.9000	0.1221s	0.3613	0.9050	0.8995
0
0165	0.1504	0.9667	0.3977	0.8900	0.1223s	0.3702	0.9000	0.8943
1
0166	0.1243	0.9917	0.4081	0.8860	0.1224s	0.3783	0.8990	0.8933
2
0167	0.1427	0.9833	0.4093	0.8860	0.1224s	0.3776	0.8980	0.8922
3
0168	0.1518	0.9833	0.3964	0.8900	0.1222s	0.3621	0.9050	0.8997
4
0169	0.1508	0.9917	0.3827	0.9020	0.1214s	0.3480	0.9120	0.9073
5
0170	0.1426	0.9917	0.3748	0.9040	0.1222s	0.3414	0.9120	0.9074
6
0171	0.1320	0.9667	0.3713	0.9100	0.1215s	0.3385	0.9120	0.9075
7
0172	0.1453	0.9667	0.3712	0.9060	0.1044s	0.3381	0.9130	0.9084
0
0173	0.1396	0.9833	0.3732	0.9060	0.1221s	0.3407	0.9110	0.9062
0
0174	0.1225	0.9750	0.3769	0.9060	0.1221s	0.3453	0.9070	0.9017
1
0175	0.1218	0.9750	0.3818	0.9020	0.1226s	0.3490	0.9090	0.9037
2
0176	0.1307	0.9583	0.3904	0.8980	0.1215s	0.3555	0.9080	0.9030
3
0177	0.1404	0.9833	0.3959	0.8980	0.1226s	0.3590	0.9060	0.9011
4
0178	0.1404	0.9833	0.3924	0.8960	0.1220s	0.3539	0.9060	0.9012
5
0179	0.1530	0.9583	0.3897	0.8980	0.1262s	0.3499	0.9080	0.9033
6
0180	0.1622	0.9750	0.3844	0.9040	0.1225s	0.3452	0.9100	0.9053
7
0181	0.1331	0.9833	0.3796	0.9040	0.1219s	0.3428	0.9110	0.9062
8
0182	0.1309	0.9917	0.3790	0.9020	0.1219s	0.3442	0.9100	0.9049
9
0183	0.1462	0.9750	0.3810	0.9000	0.1221s	0.3459	0.9060	0.9006
10
0184	0.1243	0.9833	0.3831	0.9000	0.1217s	0.3483	0.9070	0.9016
11
0185	0.1348	0.9917	0.3842	0.9020	0.1223s	0.3473	0.9080	0.9028
12
0186	0.1200	0.9917	0.3877	0.8980	0.1221s	0.3507	0.9070	0.9017
13
0187	0.1286	0.9833	0.3940	0.9040	0.1225s	0.3574	0.9100	0.9048
14
0188	0.1680	0.9750	0.4036	0.8940	0.1221s	0.3670	0.9040	0.8984
15
0189	0.1492	0.9917	0.4137	0.8940	0.1222s	0.3777	0.8990	0.8933
16
0190	0.1404	0.9750	0.4074	0.8920	0.1215s	0.3736	0.8980	0.8921
17
0191	0.1413	0.9833	0.3904	0.8960	0.1223s	0.3584	0.9070	0.9018
18
0192	0.1280	0.9917	0.3828	0.9060	0.1220s	0.3498	0.9060	0.9012
19
0193	0.1453	0.9750	0.3818	0.9040	0.1219s	0.3477	0.9060	0.9010
20
0194	0.1315	0.9667	0.3837	0.9040	0.1219s	0.3488	0.9060	0.9010
21
0195	0.1419	0.9667	0.3877	0.9020	0.1222s	0.3522	0.9080	0.9032
22
0196	0.1435	0.9833	0.3937	0.8980	0.1223s	0.3578	0.9080	0.9030
23
0197	0.1310	0.9750	0.4008	0.8960	0.1223s	0.3634	0.9060	0.9006
24
0198	0.1414	0.9750	0.4062	0.8960	0.1225s	0.3672	0.9020	0.8963
25
0199	0.1461	0.9750	0.4072	0.8940	0.1228s	0.3669	0.9040	0.8987
26
0200	0.1207	1.0000	0.4042	0.8960	0.1224s	0.3637	0.9040	0.8988
27
0201	0.1400	0.9833	0.4002	0.8980	0.1219s	0.3611	0.9040	0.8989
28
0202	0.1182	1.0000	0.3972	0.9000	0.1220s	0.3602	0.9050	0.9002
29
0203	0.1480	0.9667	0.3936	0.8980	0.1219s	0.3596	0.9020	0.8970
30
0204	0.1382	0.9917	0.3912	0.9000	0.1219s	0.3598	0.9010	0.8957
31
0205	0.1443	0.9917	0.3894	0.9020	0.1221s	0.3596	0.9030	0.8978
32
0206	0.1284	0.9833	0.3891	0.9000	0.1221s	0.3602	0.9030	0.8979
33
0207	0.1344	0.9917	0.3872	0.9020	0.1220s	0.3566	0.9060	0.9007
34
0208	0.1545	0.9750	0.3886	0.8960	0.1219s	0.3542	0.9070	0.9016
35
0209	0.1480	0.9750	0.3977	0.8940	0.1218s	0.3590	0.9100	0.9051
36
0210	0.1348	0.9917	0.4052	0.8920	0.1222s	0.3638	0.9070	0.9017
37
0211	0.1213	0.9833	0.4080	0.8940	0.1220s	0.3671	0.9070	0.9018
38
0212	0.1496	0.9500	0.4035	0.8920	0.1221s	0.3667	0.9060	0.9008
39
0213	0.1345	0.9750	0.3968	0.8940	0.1222s	0.3655	0.9040	0.8985
40
0214	0.1278	0.9917	0.3900	0.8980	0.1224s	0.3640	0.9020	0.8961
41
0215	0.1263	0.9833	0.3867	0.9020	0.1221s	0.3645	0.9000	0.8944
42
0216	0.1574	0.9667	0.3888	0.9060	0.1221s	0.3679	0.8990	0.8934
43
0217	0.1440	0.9833	0.3929	0.9000	0.1219s	0.3696	0.9010	0.8958
44
0218	0.1442	1.0000	0.3970	0.8900	0.1221s	0.3699	0.8980	0.8925
45
0219	0.1401	0.9917	0.3972	0.8900	0.1219s	0.3671	0.9000	0.8947
46
0220	0.1656	0.9917	0.3944	0.8920	0.1222s	0.3638	0.9080	0.9026
47
0221	0.1469	0.9833	0.3892	0.8980	0.1225s	0.3590	0.9100	0.9047
48
0222	0.1324	0.9917	0.3909	0.8980	0.1227s	0.3613	0.9110	0.9057
49
0223	0.1285	0.9833	0.3908	0.8980	0.1219s	0.3624	0.9100	0.9043
50
0224	0.1416	0.9917	0.3899	0.9000	0.1221s	0.3642	0.9130	0.9075
51
0225	0.1243	0.9750	0.3938	0.8960	0.1221s	0.3713	0.9080	0.9023
52
0226	0.1139	0.9917	0.4043	0.8940	0.1216s	0.3825	0.9070	0.9010
53
0227	0.1365	0.9750	0.4153	0.8840	0.1223s	0.3926	0.8950	0.8883
54
0228	0.1558	0.9667	0.4256	0.8860	0.1221s	0.4003	0.8920	0.8859
55
0229	0.1584	0.9833	0.4246	0.8860	0.1221s	0.3978	0.8920	0.8858
56
0230	0.1099	0.9917	0.4124	0.8900	0.1222s	0.3843	0.8980	0.8920
57
0231	0.1521	0.9500	0.3990	0.8920	0.1219s	0.3691	0.9060	0.9007
58
0232	0.1326	0.9500	0.3933	0.8960	0.1220s	0.3610	0.9100	0.9050
59
0233	0.1398	0.9917	0.3934	0.8960	0.1221s	0.3610	0.9050	0.8997
60
0234	0.1393	0.9917	0.3985	0.8940	0.1221s	0.3668	0.9030	0.8974
61
0235	0.1286	0.9833	0.4016	0.8880	0.1225s	0.3704	0.9050	0.8994
62
0236	0.1414	0.9833	0.4075	0.8880	0.1223s	0.3770	0.9020	0.8960
63
0237	0.1324	0.9750	0.4117	0.8880	0.1222s	0.3808	0.8990	0.8921
64
0238	0.1500	0.9750	0.4082	0.8880	0.1212s	0.3767	0.8990	0.8921
65
0239	0.1468	0.9917	0.3984	0.8880	0.1221s	0.3664	0.9020	0.8960
66
0240	0.1352	0.9750	0.3895	0.8940	0.1218s	0.3566	0.9060	0.9002
67
0241	0.1245	0.9833	0.3825	0.9020	0.1218s	0.3484	0.9100	0.9052
68
0242	0.1350	0.9917	0.3806	0.9020	0.1220s	0.3457	0.9130	0.9085
69
0243	0.1557	0.9750	0.3836	0.9000	0.1222s	0.3469	0.9090	0.9043
70
0244	0.1263	0.9667	0.3889	0.8960	0.1223s	0.3500	0.9060	0.9009
71
0245	0.1290	0.9667	0.3993	0.8860	0.1223s	0.3577	0.9050	0.8995
72
0246	0.1457	0.9583	0.4066	0.8860	0.1224s	0.3625	0.9000	0.8939
73
0247	0.1411	0.9917	0.4081	0.8880	0.1222s	0.3633	0.8970	0.8907
74
0248	0.1254	0.9833	0.4027	0.8900	0.1219s	0.3591	0.9020	0.8963
75
0249	0.1545	0.9333	0.3911	0.8940	0.1217s	0.3496	0.9070	0.9019
76
0250	0.1259	1.0000	0.3871	0.9000	0.1221s	0.3486	0.9110	0.9063
77
0251	0.1458	0.9750	0.3919	0.8980	0.1219s	0.3559	0.9070	0.9013
78
0252	0.1463	0.9750	0.3997	0.8960	0.1221s	0.3644	0.9060	0.8998
79
0253	0.1280	0.9917	0.4071	0.8900	0.1218s	0.3705	0.9090	0.9028
80
0254	0.1459	0.9833	0.4097	0.8860	0.1219s	0.3720	0.9080	0.9017
81
0255	0.1387	0.9833	0.4125	0.8820	0.1220s	0.3738	0.9010	0.8949
82
0256	0.1515	0.9583	0.4184	0.8800	0.1219s	0.3803	0.8960	0.8895
83
0257	0.1214	0.9750	0.4201	0.8840	0.1225s	0.3829	0.8940	0.8880
84
0258	0.1194	0.9917	0.4197	0.8840	0.1222s	0.3851	0.8930	0.8872
85
0259	0.1446	0.9667	0.4148	0.8800	0.1224s	0.3816	0.8930	0.8871
86
0260	0.1200	0.9833	0.4059	0.8840	0.1222s	0.3753	0.8950	0.8891
87
0261	0.1492	0.9750	0.3950	0.8940	0.1221s	0.3664	0.9040	0.8986
88
0262	0.1396	0.9750	0.3938	0.8980	0.1226s	0.3630	0.9070	0.9014
89
0263	0.1243	0.9833	0.3966	0.9000	0.1221s	0.3630	0.9060	0.9006
90
0264	0.1500	0.9833	0.4018	0.8940	0.1219s	0.3663	0.9080	0.9027
91
0265	0.1348	0.9833	0.4088	0.8880	0.1052s	0.3720	0.9060	0.9004
92
0266	0.1435	0.9833	0.4117	0.8840	0.1224s	0.3757	0.9030	0.8972
93
0267	0.1347	0.9833	0.4123	0.8860	0.1221s	0.3801	0.8990	0.8927
94
0268	0.1365	0.9583	0.4114	0.8860	0.1226s	0.3837	0.8970	0.8905
95
0269	0.1226	0.9833	0.4099	0.8860	0.1218s	0.3841	0.8960	0.8894
96
0270	0.1236	0.9750	0.4048	0.8880	0.1220s	0.3804	0.8980	0.8915
97
0271	0.1181	0.9833	0.4020	0.8900	0.1217s	0.3773	0.9010	0.8949
98
0272	0.1378	1.0000	0.3967	0.8880	0.1217s	0.3724	0.9030	0.8973
99
0273	0.1296	0.9917	0.3901	0.8920	0.1217s	0.3663	0.9040	0.8984
100
0274	0.1633	0.9833	0.3863	0.8960	0.1218s	0.3621	0.9090	0.9040
101
0275	0.1272	0.9917	0.3851	0.8960	0.1217s	0.3590	0.9120	0.9071
102
0276	0.1165	0.9750	0.3879	0.8980	0.1219s	0.3589	0.9110	0.9063
103
0277	0.1424	0.9583	0.3914	0.8940	0.1228s	0.3602	0.9090	0.9042
104
0278	0.1323	0.9833	0.3925	0.8960	0.1223s	0.3605	0.9090	0.9042
105
0279	0.1323	0.9667	0.3946	0.8920	0.1226s	0.3646	0.9080	0.9024
106
0280	0.1197	1.0000	0.3975	0.8900	0.1227s	0.3686	0.9070	0.9013
107
0281	0.1303	1.0000	0.3985	0.8940	0.1218s	0.3716	0.9090	0.9034
108
0282	0.1315	0.9833	0.3977	0.8940	0.1223s	0.3698	0.9060	0.9003
109
0283	0.1588	0.9833	0.3945	0.8960	0.1217s	0.3643	0.9060	0.9005
110
0284	0.1384	0.9917	0.3883	0.8960	0.1211s	0.3524	0.9090	0.9036
111
0285	0.1361	0.9917	0.3870	0.8940	0.1219s	0.3488	0.9080	0.9030
112
0286	0.1375	0.9750	0.3903	0.8960	0.1226s	0.3528	0.9050	0.8998
113
0287	0.1242	0.9750	0.3926	0.8960	0.1212s	0.3598	0.9070	0.9015
114
0288	0.1123	1.0000	0.3964	0.8960	0.1209s	0.3679	0.9090	0.9033
115
0289	0.1314	0.9750	0.4024	0.8960	0.1220s	0.3762	0.9080	0.9022
116
0290	0.1214	0.9667	0.4093	0.8960	0.1183s	0.3840	0.9030	0.8969
117
0291	0.1569	0.9500	0.4085	0.8920	0.1225s	0.3814	0.9040	0.8980
118
0292	0.1331	0.9750	0.4042	0.8920	0.1224s	0.3729	0.9040	0.8983
119
0293	0.1332	0.9833	0.3980	0.8940	0.1222s	0.3625	0.9060	0.9008
120
0294	0.1208	0.9750	0.3959	0.8980	0.1221s	0.3571	0.9120	0.9075
121
0295	0.1539	0.9583	0.3889	0.9000	0.1222s	0.3506	0.9140	0.9099
122
0296	0.1436	0.9583	0.3865	0.9020	0.1224s	0.3508	0.9150	0.9106
123
0297	0.1369	0.9833	0.3910	0.9000	0.1221s	0.3599	0.9090	0.9036
124
0298	0.1389	0.9750	0.4068	0.8920	0.1221s	0.3774	0.9090	0.9032
125
0299	0.1251	0.9833	0.4191	0.8920	0.1218s	0.3882	0.9040	0.8975
126
0300	0.1268	0.9917	0.4210	0.8920	0.1219s	0.3886	0.9010	0.8943
127
0301	0.1228	0.9833	0.4130	0.8940	0.1220s	0.3791	0.9040	0.8975
128
0302	0.1275	0.9750	0.4008	0.8880	0.1219s	0.3655	0.9050	0.8990
129
0303	0.1388	0.9917	0.3874	0.9000	0.1210s	0.3502	0.9050	0.8996
130
0304	0.1136	0.9917	0.3841	0.9080	0.1210s	0.3442	0.9090	0.9038
131
0305	0.1215	1.0000	0.3847	0.9080	0.1233s	0.3430	0.9090	0.9043
132
0306	0.1358	0.9750	0.3841	0.9080	0.1236s	0.3435	0.9080	0.9032
133
0307	0.1225	1.0000	0.3859	0.9020	0.1236s	0.3476	0.9060	0.9012
134
0308	0.1299	0.9917	0.3950	0.8980	0.1235s	0.3575	0.9050	0.8995
135
0309	0.1168	1.0000	0.4082	0.8880	0.1235s	0.3699	0.9050	0.8994
136
0310	0.1419	0.9833	0.4149	0.8880	0.1236s	0.3745	0.9050	0.8993
137
0311	0.1512	0.9750	0.4106	0.8920	0.1232s	0.3699	0.9050	0.8994
138
0312	0.1317	0.9750	0.4022	0.8920	0.1235s	0.3598	0.9050	0.8997
139
0313	0.1366	0.9750	0.3966	0.9000	0.1237s	0.3512	0.9060	0.9007
140
0314	0.1092	0.9750	0.3925	0.9020	0.1233s	0.3460	0.9060	0.9011
141
0315	0.1343	0.9917	0.3866	0.9020	0.1237s	0.3429	0.9060	0.9010
142
0316	0.1457	0.9667	0.3843	0.9040	0.1233s	0.3439	0.9060	0.9011
143
0317	0.1401	0.9833	0.3864	0.9040	0.1235s	0.3497	0.9080	0.9028
144
0318	0.1252	0.9500	0.3944	0.8980	0.1201s	0.3603	0.9090	0.9035
145
0319	0.1315	0.9917	0.4044	0.8940	0.1225s	0.3703	0.9000	0.8935
146
0320	0.1299	0.9917	0.4190	0.8840	0.1224s	0.3818	0.9040	0.8979
147
0321	0.1348	0.9750	0.4237	0.8800	0.1230s	0.3861	0.8980	0.8915
148
0322	0.1550	0.9750	0.4109	0.8900	0.1217s	0.3739	0.9010	0.8949
149
0323	0.1328	0.9667	0.4035	0.8960	0.1219s	0.3648	0.9060	0.9004
150
0324	0.1487	0.9833	0.3969	0.9020	0.1216s	0.3558	0.9080	0.9030
151
0325	0.1374	0.9917	0.3929	0.9000	0.1218s	0.3528	0.9060	0.9010
152
0326	0.1288	0.9833	0.3918	0.9040	0.1221s	0.3545	0.9080	0.9031
153
0327	0.1503	1.0000	0.3943	0.9020	0.1217s	0.3609	0.9110	0.9061
154
0328	0.1467	0.9833	0.4012	0.9020	0.1215s	0.3690	0.9030	0.8974
155
0329	0.1194	0.9917	0.4139	0.8880	0.1217s	0.3806	0.9010	0.8950
156
0330	0.1366	0.9750	0.4297	0.8840	0.1214s	0.3951	0.8920	0.8856
157
0331	0.1404	0.9750	0.4278	0.8860	0.1220s	0.3939	0.8960	0.8905
158
0332	0.1155	0.9833	0.4173	0.8880	0.1217s	0.3833	0.8970	0.8913
159
0333	0.1300	0.9583	0.4013	0.8940	0.1235s	0.3681	0.9030	0.8977
160
0334	0.1388	0.9667	0.3862	0.9020	0.1221s	0.3530	0.9090	0.9040
161
0335	0.1291	0.9833	0.3820	0.9040	0.1224s	0.3473	0.9070	0.9020
162
0336	0.1232	0.9750	0.3812	0.9040	0.1235s	0.3445	0.9060	0.9015
163
0337	0.1262	0.9917	0.3827	0.9060	0.1220s	0.3454	0.9090	0.9041
164
0338	0.1098	0.9833	0.3883	0.8980	0.1225s	0.3501	0.9090	0.9040
165
0339	0.1250	0.9750	0.3998	0.8980	0.1236s	0.3615	0.9050	0.8994
166
0340	0.1144	1.0000	0.4171	0.8900	0.1220s	0.3771	0.8990	0.8930
167
0341	0.1314	0.9750	0.4296	0.8840	0.1217s	0.3877	0.8950	0.8888
168
0342	0.1227	0.9833	0.4277	0.8880	0.1231s	0.3852	0.8950	0.8885
169
0343	0.1216	0.9583	0.4093	0.8940	0.1218s	0.3690	0.9020	0.8963
170
0344	0.1270	0.9667	0.3933	0.9000	0.1225s	0.3560	0.9060	0.9007
171
0345	0.1430	1.0000	0.3873	0.9020	0.1258s	0.3535	0.9040	0.8986
172
0346	0.1300	0.9917	0.3863	0.9020	0.1225s	0.3557	0.9040	0.8982
173
0347	0.1481	0.9667	0.3876	0.9000	0.1222s	0.3589	0.9050	0.8996
174
0348	0.1158	1.0000	0.3861	0.9040	0.1218s	0.3560	0.9070	0.9017
175
0349	0.1327	1.0000	0.3878	0.9040	0.1224s	0.3540	0.9030	0.8974
176
0350	0.1382	0.9750	0.3958	0.8980	0.1047s	0.3578	0.9040	0.8989
177
0351	0.1163	1.0000	0.4037	0.8940	0.1228s	0.3632	0.9000	0.8942
178
0352	0.1207	0.9750	0.4051	0.8960	0.1220s	0.3640	0.8940	0.8880
179
0353	0.1285	0.9750	0.4053	0.8940	0.1236s	0.3645	0.8990	0.8933
180
0354	0.1390	0.9667	0.3993	0.8920	0.1224s	0.3593	0.9010	0.8956
181
0355	0.1349	0.9750	0.3924	0.8960	0.1234s	0.3558	0.9000	0.8945
182
0356	0.1232	0.9917	0.3850	0.8980	0.1222s	0.3530	0.9040	0.8990
183
0357	0.1264	0.9833	0.3779	0.9000	0.1239s	0.3499	0.9010	0.8959
184
0358	0.1191	0.9917	0.3745	0.9020	0.1224s	0.3504	0.9020	0.8969
185
0359	0.1357	0.9833	0.3761	0.9040	0.1238s	0.3554	0.9020	0.8967
186
0360	0.1233	0.9500	0.3840	0.8980	0.1223s	0.3663	0.9010	0.8952
187
0361	0.1270	0.9917	0.3960	0.8900	0.1228s	0.3783	0.9020	0.8966
188
0362	0.1276	1.0000	0.4038	0.8880	0.1106s	0.3834	0.9000	0.8946
189
0363	0.1276	0.9750	0.4029	0.8900	0.1231s	0.3794	0.8980	0.8919
190
0364	0.1404	1.0000	0.4021	0.8920	0.1220s	0.3755	0.8990	0.8931
191
0365	0.1608	0.9917	0.3975	0.8860	0.1234s	0.3684	0.9010	0.8951
192
0366	0.1261	0.9833	0.3931	0.8900	0.1226s	0.3625	0.9010	0.8952
193
0367	0.1341	0.9917	0.3872	0.8960	0.1236s	0.3571	0.9060	0.9010
194
0368	0.1202	0.9750	0.3808	0.9000	0.1216s	0.3528	0.8980	0.8928
195
0369	0.1339	0.9750	0.3822	0.8920	0.1267s	0.3575	0.9000	0.8945
196
0370	0.1254	0.9750	0.3881	0.8880	0.1219s	0.3670	0.9000	0.8946
197
0371	0.1449	0.9500	0.3901	0.8880	0.1218s	0.3702	0.9000	0.8951
198
0372	0.1179	0.9917	0.3888	0.8960	0.1221s	0.3669	0.8980	0.8929
199
Early stop! Min loss:0.371195912361145,  Max accuracy:0.91
Early stop model validation loss:0.371195912361145,  accuracy:0.906
Optimization Finished!
Total time elapsed: 45.8065s
test max acc:0.9150
Loading 171th epoch
stru_node_to_hop attention:tensor([[0.2482, 0.2507, 0.2505, 0.2506],
        [0.2496, 0.2503, 0.2501, 0.2501],
        [0.2493, 0.2505, 0.2501, 0.2501],
        [0.2492, 0.2513, 0.2499, 0.2496],
        [0.2486, 0.2500, 0.2506, 0.2508],
        [0.2486, 0.2507, 0.2504, 0.2503],
        [0.2505, 0.2500, 0.2498, 0.2497],
        [0.2487, 0.2510, 0.2503, 0.2500],
        [0.2501, 0.2502, 0.2499, 0.2498],
        [0.2490, 0.2507, 0.2502, 0.2501],
        [0.2503, 0.2500, 0.2499, 0.2498],
        [0.2490, 0.2504, 0.2504, 0.2502],
        [0.2501, 0.2500, 0.2500, 0.2499],
        [0.2496, 0.2499, 0.2502, 0.2502],
        [0.2509, 0.2496, 0.2498, 0.2497],
        [0.2506, 0.2507, 0.2496, 0.2491],
        [0.2473, 0.2516, 0.2507, 0.2504],
        [0.2483, 0.2515, 0.2504, 0.2499],
        [0.2500, 0.2500, 0.2500, 0.2500],
        [0.2500, 0.2503, 0.2499, 0.2498],
        [0.2501, 0.2500, 0.2499, 0.2499],
        [0.2475, 0.2515, 0.2506, 0.2504],
        [0.2499, 0.2502, 0.2500, 0.2499],
        [0.2491, 0.2505, 0.2502, 0.2502],
        [0.2499, 0.2500, 0.2500, 0.2500],
        [0.2482, 0.2511, 0.2504, 0.2502],
        [0.2497, 0.2502, 0.2501, 0.2500],
        [0.2482, 0.2509, 0.2506, 0.2504],
        [0.2504, 0.2498, 0.2499, 0.2499],
        [0.2484, 0.2512, 0.2503, 0.2501],
        [0.2488, 0.2506, 0.2504, 0.2502],
        [0.2500, 0.2505, 0.2499, 0.2496],
        [0.2498, 0.2503, 0.2500, 0.2499],
        [0.2493, 0.2504, 0.2502, 0.2501],
        [0.2473, 0.2515, 0.2507, 0.2505],
        [0.2484, 0.2510, 0.2503, 0.2503],
        [0.2492, 0.2504, 0.2502, 0.2501],
        [0.2489, 0.2502, 0.2505, 0.2505],
        [0.2494, 0.2505, 0.2501, 0.2500],
        [0.2492, 0.2510, 0.2500, 0.2499],
        [0.2500, 0.2500, 0.2500, 0.2500],
        [0.2491, 0.2507, 0.2502, 0.2500],
        [0.2495, 0.2502, 0.2502, 0.2501],
        [0.2501, 0.2500, 0.2500, 0.2500],
        [0.2490, 0.2503, 0.2504, 0.2503],
        [0.1729, 0.2060, 0.2714, 0.3498],
        [0.2498, 0.2502, 0.2501, 0.2499],
        [0.2497, 0.2502, 0.2501, 0.2500],
        [0.2508, 0.2499, 0.2497, 0.2496],
        [0.2502, 0.2501, 0.2499, 0.2498],
        [0.2466, 0.2511, 0.2511, 0.2512],
        [0.2496, 0.2505, 0.2500, 0.2499],
        [0.2499, 0.2500, 0.2500, 0.2500],
        [0.2504, 0.2500, 0.2498, 0.2498],
        [0.2474, 0.2513, 0.2507, 0.2506],
        [0.2502, 0.2499, 0.2500, 0.2500],
        [0.2497, 0.2512, 0.2497, 0.2493],
        [0.2491, 0.2504, 0.2503, 0.2502],
        [0.2498, 0.2502, 0.2500, 0.2499],
        [0.2474, 0.2522, 0.2504, 0.2499],
        [0.2487, 0.2507, 0.2504, 0.2502],
        [0.2501, 0.2500, 0.2500, 0.2499],
        [0.2507, 0.2501, 0.2497, 0.2495],
        [0.2497, 0.2500, 0.2501, 0.2503],
        [0.2496, 0.2501, 0.2502, 0.2502],
        [0.2495, 0.2497, 0.2504, 0.2504],
        [0.2504, 0.2496, 0.2500, 0.2500],
        [0.2483, 0.2499, 0.2508, 0.2510],
        [0.2499, 0.2500, 0.2500, 0.2500],
        [0.2492, 0.2505, 0.2503, 0.2501],
        [0.2484, 0.2516, 0.2501, 0.2498],
        [0.2492, 0.2503, 0.2502, 0.2503],
        [0.2501, 0.2503, 0.2499, 0.2497],
        [0.2499, 0.2505, 0.2500, 0.2496],
        [0.2500, 0.2500, 0.2500, 0.2500],
        [0.2492, 0.2504, 0.2502, 0.2502],
        [0.2496, 0.2512, 0.2498, 0.2495],
        [0.2523, 0.2486, 0.2495, 0.2496],
        [0.2493, 0.2504, 0.2502, 0.2501],
        [0.2499, 0.2500, 0.2500, 0.2501],
        [0.2510, 0.2503, 0.2495, 0.2491],
        [0.2484, 0.2511, 0.2503, 0.2501],
        [0.2512, 0.2497, 0.2496, 0.2494],
        [0.2500, 0.2501, 0.2499, 0.2499],
        [0.2503, 0.2499, 0.2499, 0.2499],
        [0.2482, 0.2506, 0.2506, 0.2506],
        [0.2487, 0.2505, 0.2504, 0.2504],
        [0.2475, 0.2513, 0.2507, 0.2505],
        [0.2493, 0.2509, 0.2501, 0.2497],
        [0.2506, 0.2500, 0.2498, 0.2497],
        [0.2502, 0.2498, 0.2500, 0.2500],
        [0.2500, 0.2500, 0.2500, 0.2500],
        [0.2500, 0.2500, 0.2500, 0.2500],
        [0.2487, 0.2505, 0.2504, 0.2504],
        [0.2497, 0.2501, 0.2501, 0.2500],
        [0.2500, 0.2500, 0.2500, 0.2500],
        [0.2497, 0.2502, 0.2500, 0.2500],
        [0.2520, 0.2494, 0.2494, 0.2493],
        [0.2493, 0.2505, 0.2502, 0.2500],
        [0.2499, 0.2503, 0.2500, 0.2498]], device='cuda:1')
fea_node_to_hop attention:tensor([[0.3302, 0.3353, 0.3345],
        [0.3326, 0.3335, 0.3339],
        [0.3293, 0.3356, 0.3351],
        [0.3307, 0.3342, 0.3352],
        [0.3339, 0.3331, 0.3330],
        [0.3319, 0.3338, 0.3342],
        [0.3297, 0.3330, 0.3374],
        [0.3292, 0.3346, 0.3362],
        [0.3312, 0.3341, 0.3347],
        [0.3313, 0.3342, 0.3346],
        [0.3340, 0.3325, 0.3335],
        [0.3306, 0.3340, 0.3355],
        [0.3316, 0.3343, 0.3341],
        [0.3350, 0.3313, 0.3337],
        [0.3317, 0.3338, 0.3345],
        [0.3314, 0.3340, 0.3346],
        [0.3287, 0.3340, 0.3372],
        [0.3296, 0.3352, 0.3353],
        [0.3333, 0.3334, 0.3333],
        [0.3323, 0.3337, 0.3340],
        [0.3327, 0.3336, 0.3337],
        [0.3325, 0.3335, 0.3341],
        [0.3312, 0.3339, 0.3349],
        [0.3330, 0.3332, 0.3338],
        [0.3331, 0.3334, 0.3335],
        [0.3309, 0.3339, 0.3353],
        [0.3328, 0.3333, 0.3338],
        [0.3306, 0.3343, 0.3351],
        [0.3306, 0.3331, 0.3363],
        [0.3321, 0.3345, 0.3334],
        [0.3298, 0.3342, 0.3360],
        [0.3295, 0.3345, 0.3360],
        [0.3317, 0.3340, 0.3343],
        [0.3316, 0.3334, 0.3351],
        [0.3336, 0.3341, 0.3323],
        [0.3283, 0.3351, 0.3366],
        [0.3315, 0.3341, 0.3343],
        [0.3305, 0.3351, 0.3344],
        [0.3315, 0.3340, 0.3344],
        [0.3279, 0.3364, 0.3357],
        [0.3327, 0.3337, 0.3336],
        [0.3319, 0.3337, 0.3344],
        [0.3316, 0.3344, 0.3340],
        [0.3334, 0.3333, 0.3333],
        [0.3344, 0.3322, 0.3334],
        [0.3117, 0.3535, 0.3349],
        [0.3297, 0.3353, 0.3351],
        [0.3336, 0.3325, 0.3339],
        [0.3335, 0.3328, 0.3337],
        [0.3335, 0.3330, 0.3335],
        [0.3314, 0.3344, 0.3342],
        [0.3308, 0.3343, 0.3349],
        [0.3331, 0.3334, 0.3335],
        [0.3326, 0.3333, 0.3342],
        [0.3331, 0.3333, 0.3336],
        [0.3338, 0.3327, 0.3335],
        [0.3309, 0.3346, 0.3345],
        [0.3277, 0.3370, 0.3353],
        [0.3335, 0.3320, 0.3344],
        [0.3316, 0.3329, 0.3355],
        [0.3323, 0.3335, 0.3342],
        [0.3316, 0.3338, 0.3347],
        [0.3312, 0.3340, 0.3347],
        [0.3338, 0.3329, 0.3333],
        [0.3324, 0.3337, 0.3340],
        [0.3320, 0.3336, 0.3344],
        [0.3334, 0.3333, 0.3333],
        [0.3348, 0.3317, 0.3335],
        [0.3330, 0.3333, 0.3338],
        [0.3298, 0.3344, 0.3358],
        [0.3309, 0.3341, 0.3350],
        [0.3312, 0.3347, 0.3341],
        [0.3323, 0.3335, 0.3342],
        [0.3301, 0.3344, 0.3355],
        [0.3333, 0.3334, 0.3333],
        [0.3313, 0.3339, 0.3348],
        [0.3302, 0.3345, 0.3353],
        [0.3284, 0.3356, 0.3360],
        [0.3319, 0.3338, 0.3344],
        [0.3319, 0.3338, 0.3343],
        [0.3328, 0.3334, 0.3338],
        [0.3287, 0.3361, 0.3352],
        [0.3299, 0.3345, 0.3356],
        [0.3323, 0.3337, 0.3340],
        [0.3341, 0.3329, 0.3330],
        [0.3288, 0.3352, 0.3360],
        [0.3314, 0.3347, 0.3338],
        [0.3318, 0.3331, 0.3351],
        [0.3316, 0.3337, 0.3347],
        [0.3325, 0.3332, 0.3343],
        [0.3345, 0.3328, 0.3327],
        [0.3333, 0.3333, 0.3334],
        [0.3332, 0.3335, 0.3333],
        [0.3346, 0.3323, 0.3331],
        [0.3323, 0.3331, 0.3346],
        [0.3332, 0.3333, 0.3335],
        [0.3322, 0.3339, 0.3339],
        [0.3328, 0.3332, 0.3340],
        [0.3315, 0.3335, 0.3350],
        [0.3315, 0.3344, 0.3342]], device='cuda:1')
perception attention:tensor([0.5000, 0.5000], device='cuda:1')
Test set results: loss= 0.3381 accuracy= 0.9130 F1_score= 0.9084
