# epoch	loss_train	acc_train	loss_val	acc_val	time	acc_test	f1_test
0001	1.7976	0.2250	1.6879	0.4760	0.1211s	1.6753	0.5170	0.3776
0
0002	1.6701	0.4333	1.5350	0.4960	0.1219s	1.5079	0.5360	0.3962
0
0003	1.5324	0.4833	1.3523	0.6180	0.1244s	1.3245	0.6390	0.5548
0
0004	1.3427	0.6083	1.1560	0.7500	0.1218s	1.1337	0.7610	0.7368
0
0005	1.1213	0.7667	0.9855	0.8460	0.1218s	0.9691	0.8560	0.8480
0
0006	0.9705	0.8000	0.8440	0.8740	0.1226s	0.8321	0.8820	0.8768
0
0007	0.8097	0.8917	0.7196	0.8700	0.1223s	0.7102	0.8790	0.8731
0
0008	0.6906	0.8583	0.6190	0.8920	0.1194s	0.6079	0.8830	0.8761
0
0009	0.5603	0.9167	0.5454	0.8920	0.1219s	0.5314	0.8950	0.8887
0
0010	0.5062	0.9083	0.4899	0.8960	0.1237s	0.4729	0.8960	0.8903
0
0011	0.4675	0.8917	0.4475	0.9000	0.1045s	0.4282	0.8920	0.8866
0
0012	0.3849	0.9250	0.4220	0.9000	0.1194s	0.4007	0.9000	0.8942
0
0013	0.3677	0.9417	0.4077	0.8860	0.1195s	0.3851	0.8910	0.8832
0
0014	0.3240	0.9333	0.3895	0.8940	0.1194s	0.3670	0.8970	0.8905
0
0015	0.2842	0.9333	0.3749	0.9000	0.1219s	0.3526	0.8990	0.8936
0
0016	0.3162	0.9583	0.3713	0.8940	0.1221s	0.3484	0.9030	0.8981
0
0017	0.2493	0.9500	0.3682	0.8960	0.1226s	0.3451	0.9000	0.8949
0
0018	0.2194	0.9417	0.3709	0.8980	0.1222s	0.3491	0.8950	0.8889
0
0019	0.2429	0.9500	0.3771	0.8940	0.1220s	0.3566	0.8970	0.8909
1
0020	0.1976	0.9667	0.3817	0.8860	0.1221s	0.3625	0.9010	0.8952
2
0021	0.2085	0.9333	0.3817	0.8980	0.1223s	0.3616	0.8960	0.8894
3
0022	0.1715	0.9833	0.3822	0.8980	0.1216s	0.3608	0.8980	0.8918
4
0023	0.2121	0.9750	0.3855	0.8980	0.1219s	0.3634	0.8970	0.8905
5
0024	0.2006	0.9667	0.3862	0.8940	0.1224s	0.3652	0.8940	0.8871
6
0025	0.1830	0.9583	0.3918	0.8860	0.1222s	0.3708	0.8970	0.8902
7
0026	0.2071	0.9500	0.3948	0.8840	0.1220s	0.3740	0.9020	0.8958
8
0027	0.1798	0.9750	0.3975	0.8840	0.1222s	0.3774	0.9030	0.8970
9
0028	0.1749	0.9750	0.3995	0.8800	0.1224s	0.3803	0.9040	0.8978
10
0029	0.1621	0.9500	0.3973	0.8840	0.1224s	0.3793	0.9000	0.8937
11
0030	0.1809	0.9667	0.3961	0.8880	0.1219s	0.3797	0.8930	0.8862
12
0031	0.1799	0.9833	0.3980	0.8880	0.1226s	0.3824	0.8900	0.8829
13
0032	0.1654	0.9750	0.3995	0.8880	0.1218s	0.3837	0.8890	0.8819
14
0033	0.1960	0.9833	0.4012	0.8940	0.1220s	0.3844	0.8890	0.8825
15
0034	0.1681	0.9667	0.3981	0.8920	0.1226s	0.3803	0.8920	0.8857
16
0035	0.1441	0.9833	0.3936	0.8940	0.1224s	0.3767	0.8980	0.8922
17
0036	0.1702	0.9917	0.3912	0.8960	0.1222s	0.3755	0.8960	0.8898
18
0037	0.1636	0.9667	0.3951	0.8880	0.1231s	0.3807	0.8970	0.8907
19
0038	0.1606	0.9667	0.4004	0.8880	0.1221s	0.3862	0.8960	0.8892
20
0039	0.1791	0.9667	0.4070	0.8800	0.1216s	0.3922	0.8900	0.8822
21
0040	0.1452	0.9833	0.4139	0.8800	0.1224s	0.3982	0.8910	0.8827
22
0041	0.1759	0.9917	0.4122	0.8820	0.1224s	0.3966	0.8900	0.8818
23
0042	0.1692	0.9750	0.3995	0.8860	0.1224s	0.3847	0.8910	0.8840
24
0043	0.1876	0.9833	0.3891	0.8920	0.1222s	0.3731	0.8960	0.8903
25
0044	0.1643	0.9667	0.3872	0.8960	0.1234s	0.3686	0.8960	0.8901
26
0045	0.1646	0.9917	0.3879	0.8980	0.1226s	0.3671	0.8960	0.8902
27
0046	0.1494	0.9833	0.3905	0.8980	0.1222s	0.3686	0.8950	0.8887
28
0047	0.1796	0.9667	0.3905	0.8920	0.1220s	0.3680	0.8940	0.8876
29
0048	0.1651	0.9833	0.3972	0.8840	0.1225s	0.3752	0.8910	0.8840
30
0049	0.1769	0.9750	0.4014	0.8900	0.1223s	0.3794	0.8930	0.8859
31
0050	0.1468	0.9750	0.4035	0.8880	0.1223s	0.3811	0.8950	0.8879
32
0051	0.1492	0.9917	0.4062	0.8860	0.1234s	0.3835	0.8940	0.8866
33
0052	0.1518	0.9750	0.4049	0.8840	0.1217s	0.3814	0.8930	0.8855
34
0053	0.1650	0.9750	0.4000	0.8860	0.1218s	0.3760	0.8950	0.8881
35
0054	0.1660	0.9750	0.3940	0.8880	0.1215s	0.3685	0.8920	0.8853
36
0055	0.1604	0.9583	0.3889	0.8960	0.1221s	0.3629	0.8950	0.8889
37
0056	0.1721	0.9417	0.3843	0.9020	0.1219s	0.3579	0.8950	0.8891
38
0057	0.1586	0.9833	0.3839	0.9020	0.1221s	0.3579	0.8990	0.8936
0
0058	0.1701	0.9833	0.3868	0.8920	0.1220s	0.3598	0.8960	0.8902
0
0059	0.1487	0.9750	0.3877	0.8920	0.1050s	0.3611	0.8980	0.8923
1
0060	0.1501	0.9750	0.3899	0.8920	0.1221s	0.3633	0.8980	0.8921
2
0061	0.1395	0.9917	0.3931	0.8860	0.1224s	0.3664	0.9020	0.8963
3
0062	0.1380	0.9750	0.3917	0.8900	0.1221s	0.3650	0.9000	0.8940
4
0063	0.1608	0.9917	0.3880	0.8920	0.1210s	0.3609	0.8960	0.8896
5
0064	0.1735	0.9583	0.3917	0.8940	0.1219s	0.3628	0.8950	0.8881
6
0065	0.1546	0.9750	0.3947	0.8960	0.1234s	0.3642	0.8950	0.8884
7
0066	0.1546	0.9917	0.3962	0.9000	0.1221s	0.3649	0.8950	0.8887
8
0067	0.1313	0.9750	0.4004	0.8960	0.1217s	0.3686	0.8920	0.8856
9
0068	0.1460	1.0000	0.3949	0.9000	0.1219s	0.3659	0.8940	0.8879
10
0069	0.1768	0.9667	0.3881	0.8920	0.1212s	0.3630	0.8980	0.8921
11
0070	0.1329	0.9750	0.3877	0.8940	0.1205s	0.3663	0.8970	0.8910
12
0071	0.1617	0.9833	0.3903	0.8920	0.1219s	0.3703	0.9020	0.8967
13
0072	0.1420	0.9667	0.3915	0.8880	0.1263s	0.3714	0.9030	0.8980
14
0073	0.1378	1.0000	0.3882	0.8900	0.1222s	0.3670	0.8990	0.8943
15
0074	0.1648	0.9833	0.3786	0.8900	0.1219s	0.3556	0.9050	0.9006
16
0075	0.1671	0.9667	0.3731	0.9000	0.1222s	0.3482	0.9020	0.8973
17
0076	0.1476	0.9583	0.3709	0.9100	0.1225s	0.3449	0.9020	0.8972
18
0077	0.1629	1.0000	0.3707	0.9100	0.1224s	0.3436	0.9020	0.8972
0
0078	0.1546	1.0000	0.3719	0.9060	0.1221s	0.3451	0.9040	0.8991
0
0079	0.1367	0.9833	0.3746	0.9040	0.1209s	0.3499	0.9020	0.8968
1
0080	0.1639	0.9500	0.3807	0.9020	0.1227s	0.3589	0.9010	0.8953
2
0081	0.1480	0.9750	0.3902	0.8940	0.1224s	0.3699	0.9010	0.8955
3
0082	0.1358	0.9917	0.4004	0.8820	0.1222s	0.3797	0.8970	0.8904
4
0083	0.1548	0.9833	0.4008	0.8840	0.1220s	0.3806	0.8980	0.8913
5
0084	0.1816	0.9833	0.3946	0.8840	0.1226s	0.3733	0.8980	0.8915
6
0085	0.1443	1.0000	0.3824	0.8920	0.1221s	0.3610	0.9000	0.8937
7
0086	0.1645	0.9833	0.3728	0.9000	0.1221s	0.3486	0.9090	0.9037
8
0087	0.1338	0.9833	0.3689	0.9060	0.1222s	0.3406	0.9100	0.9052
9
0088	0.1510	0.9833	0.3686	0.9040	0.1226s	0.3393	0.9120	0.9075
10
0089	0.1347	0.9917	0.3702	0.9060	0.1233s	0.3404	0.9070	0.9020
11
0090	0.1527	0.9833	0.3757	0.8960	0.1223s	0.3469	0.9020	0.8962
12
0091	0.1478	0.9750	0.3831	0.8920	0.1220s	0.3554	0.9010	0.8953
13
0092	0.1455	0.9750	0.3900	0.8840	0.1227s	0.3633	0.8970	0.8906
14
0093	0.1665	0.9750	0.3864	0.8900	0.1213s	0.3593	0.8980	0.8918
15
0094	0.1426	0.9917	0.3769	0.8980	0.1222s	0.3492	0.9050	0.8997
16
0095	0.1423	0.9917	0.3695	0.9040	0.1216s	0.3397	0.9070	0.9021
17
0096	0.1585	0.9917	0.3661	0.9000	0.1223s	0.3342	0.9080	0.9037
18
0097	0.1554	0.9333	0.3672	0.9020	0.1220s	0.3341	0.9070	0.9025
0
0098	0.1498	0.9917	0.3712	0.9020	0.1218s	0.3386	0.9080	0.9033
1
0099	0.1513	0.9833	0.3838	0.8980	0.1219s	0.3507	0.9010	0.8952
2
0100	0.1091	0.9833	0.3996	0.8900	0.1224s	0.3651	0.9000	0.8938
3
0101	0.1402	0.9500	0.4132	0.8840	0.1229s	0.3774	0.8940	0.8873
4
0102	0.1569	0.9583	0.4151	0.8880	0.1222s	0.3786	0.8910	0.8841
5
0103	0.1405	0.9833	0.3994	0.9000	0.1216s	0.3640	0.8960	0.8897
6
0104	0.1597	0.9583	0.3871	0.9000	0.1215s	0.3526	0.9020	0.8965
7
0105	0.1309	0.9750	0.3796	0.9020	0.1219s	0.3469	0.9010	0.8957
8
0106	0.1485	0.9917	0.3748	0.9000	0.1048s	0.3428	0.9050	0.8999
9
0107	0.1424	0.9917	0.3740	0.9000	0.1222s	0.3419	0.9040	0.8988
10
0108	0.1503	0.9750	0.3772	0.9060	0.1221s	0.3448	0.8990	0.8932
11
0109	0.1506	1.0000	0.3816	0.9060	0.1221s	0.3486	0.9000	0.8940
12
0110	0.1392	0.9667	0.3863	0.8960	0.1221s	0.3544	0.8990	0.8926
13
0111	0.1312	0.9917	0.3918	0.8960	0.1222s	0.3604	0.8930	0.8864
14
0112	0.1491	0.9917	0.3956	0.8980	0.1228s	0.3656	0.8970	0.8905
15
0113	0.1383	0.9583	0.3967	0.9000	0.1219s	0.3684	0.8970	0.8907
16
0114	0.1290	0.9833	0.3896	0.9000	0.1219s	0.3632	0.8960	0.8896
17
0115	0.1279	0.9750	0.3764	0.9060	0.1218s	0.3505	0.9000	0.8947
18
0116	0.1615	1.0000	0.3682	0.9040	0.1216s	0.3418	0.9050	0.9000
19
0117	0.1438	0.9833	0.3649	0.9080	0.1212s	0.3389	0.9020	0.8966
20
0118	0.1439	0.9667	0.3644	0.9060	0.1221s	0.3406	0.9020	0.8969
0
0119	0.1423	0.9917	0.3681	0.9080	0.1219s	0.3468	0.9030	0.8977
0
0120	0.1493	0.9833	0.3728	0.9060	0.1216s	0.3528	0.9050	0.8995
1
0121	0.1239	0.9667	0.3761	0.9040	0.1216s	0.3562	0.9010	0.8949
2
0122	0.1545	0.9917	0.3800	0.9000	0.1220s	0.3585	0.9000	0.8942
3
0123	0.1354	0.9750	0.3767	0.8980	0.1230s	0.3556	0.9000	0.8946
4
0124	0.1399	0.9833	0.3726	0.8980	0.1220s	0.3538	0.9000	0.8946
5
0125	0.1462	0.9583	0.3654	0.9040	0.1218s	0.3516	0.9000	0.8943
6
0126	0.1412	0.9833	0.3610	0.9080	0.1222s	0.3537	0.9020	0.8968
7
0127	0.1334	0.9667	0.3581	0.9100	0.1224s	0.3555	0.9000	0.8948
0
0128	0.1302	0.9917	0.3616	0.9080	0.1223s	0.3628	0.9030	0.8979
0
0129	0.1513	0.9750	0.3690	0.9060	0.1226s	0.3721	0.9010	0.8960
1
0130	0.1736	0.9583	0.3753	0.9060	0.1221s	0.3757	0.8980	0.8924
2
0131	0.1396	0.9667	0.3767	0.9060	0.1220s	0.3741	0.9070	0.9015
3
0132	0.1412	0.9750	0.3734	0.9040	0.1217s	0.3695	0.9070	0.9016
4
0133	0.1340	0.9833	0.3687	0.9020	0.1206s	0.3625	0.9070	0.9016
5
0134	0.1273	0.9833	0.3694	0.9020	0.1229s	0.3620	0.9050	0.8996
6
0135	0.1357	0.9583	0.3709	0.8940	0.1218s	0.3634	0.9030	0.8977
7
0136	0.1350	0.9583	0.3691	0.9040	0.1250s	0.3657	0.9020	0.8967
8
0137	0.1304	0.9917	0.3678	0.9020	0.1212s	0.3685	0.8990	0.8933
9
0138	0.1337	0.9917	0.3692	0.8960	0.1210s	0.3737	0.9010	0.8957
10
0139	0.1340	0.9667	0.3711	0.9020	0.1240s	0.3749	0.9010	0.8960
11
0140	0.1453	0.9750	0.3671	0.9040	0.1205s	0.3685	0.9010	0.8959
12
0141	0.1489	0.9750	0.3678	0.9040	0.1217s	0.3668	0.9030	0.8979
13
0142	0.1150	0.9833	0.3706	0.8980	0.1213s	0.3674	0.9060	0.9005
14
0143	0.1452	0.9833	0.3718	0.8920	0.1217s	0.3665	0.9080	0.9024
15
0144	0.1398	0.9583	0.3696	0.8980	0.1222s	0.3623	0.9100	0.9049
16
0145	0.1502	0.9750	0.3683	0.8940	0.1239s	0.3589	0.9060	0.9008
17
0146	0.1539	0.9667	0.3731	0.8940	0.1224s	0.3625	0.9020	0.8966
18
0147	0.1376	0.9833	0.3776	0.8900	0.1217s	0.3677	0.8980	0.8923
19
0148	0.1508	0.9917	0.3756	0.8980	0.1223s	0.3677	0.8980	0.8923
20
0149	0.1425	0.9833	0.3718	0.9000	0.1223s	0.3659	0.9030	0.8973
21
0150	0.1432	0.9750	0.3673	0.9000	0.1218s	0.3649	0.9020	0.8965
22
0151	0.1281	0.9917	0.3642	0.9000	0.1049s	0.3640	0.9070	0.9019
23
0152	0.1471	1.0000	0.3618	0.9020	0.1241s	0.3630	0.9050	0.9001
24
0153	0.1395	0.9667	0.3586	0.9020	0.1245s	0.3586	0.9090	0.9040
25
0154	0.1315	0.9917	0.3601	0.8980	0.1221s	0.3585	0.9100	0.9053
26
0155	0.1408	0.9833	0.3633	0.8980	0.1222s	0.3593	0.9080	0.9031
27
0156	0.1304	0.9750	0.3650	0.8980	0.1239s	0.3573	0.9070	0.9024
28
0157	0.1463	0.9750	0.3703	0.8960	0.1219s	0.3589	0.9040	0.8986
29
0158	0.1611	0.9917	0.3713	0.8960	0.1221s	0.3594	0.9040	0.8986
30
0159	0.1460	0.9500	0.3728	0.8940	0.1217s	0.3617	0.9040	0.8985
31
0160	0.1404	0.9750	0.3823	0.8920	0.1049s	0.3729	0.9010	0.8953
32
0161	0.1506	0.9833	0.3846	0.8960	0.1222s	0.3757	0.8990	0.8931
33
0162	0.1416	0.9917	0.3806	0.8960	0.1220s	0.3728	0.8990	0.8933
34
0163	0.1500	0.9667	0.3715	0.9000	0.1216s	0.3645	0.9050	0.9001
35
0164	0.1442	1.0000	0.3670	0.8980	0.1225s	0.3596	0.9060	0.9008
36
0165	0.1165	0.9833	0.3662	0.8980	0.1223s	0.3561	0.9060	0.9014
37
0166	0.1310	0.9917	0.3701	0.8960	0.1221s	0.3558	0.9060	0.9013
38
0167	0.1197	0.9833	0.3770	0.8960	0.1233s	0.3592	0.9050	0.9007
39
0168	0.1358	0.9750	0.3816	0.8940	0.1226s	0.3624	0.9060	0.9011
40
0169	0.1473	0.9917	0.3826	0.8940	0.1219s	0.3638	0.9040	0.8983
41
0170	0.1305	1.0000	0.3816	0.8960	0.1220s	0.3636	0.9030	0.8971
42
0171	0.1511	0.9750	0.3810	0.8940	0.1046s	0.3645	0.9030	0.8971
43
0172	0.1627	1.0000	0.3831	0.8960	0.1217s	0.3673	0.9000	0.8943
44
0173	0.1446	0.9833	0.3811	0.9000	0.1221s	0.3652	0.9000	0.8942
45
0174	0.1337	0.9833	0.3728	0.9020	0.1217s	0.3570	0.9030	0.8974
46
0175	0.1412	0.9667	0.3720	0.9000	0.1229s	0.3559	0.9060	0.9007
47
0176	0.1359	0.9750	0.3739	0.8980	0.1218s	0.3571	0.9090	0.9040
48
0177	0.1364	0.9750	0.3788	0.8980	0.1220s	0.3614	0.9050	0.8998
49
0178	0.1271	0.9833	0.3840	0.8980	0.1219s	0.3660	0.9040	0.8990
50
0179	0.1221	0.9667	0.3908	0.8920	0.1222s	0.3710	0.9020	0.8967
51
0180	0.1075	1.0000	0.3979	0.8880	0.1204s	0.3755	0.9010	0.8951
52
0181	0.1465	0.9833	0.3997	0.8880	0.1225s	0.3749	0.9030	0.8969
53
0182	0.1152	1.0000	0.3952	0.8960	0.1206s	0.3683	0.9040	0.8985
54
0183	0.1283	0.9750	0.3855	0.8980	0.1220s	0.3580	0.9070	0.9017
55
0184	0.1157	1.0000	0.3772	0.9040	0.1204s	0.3495	0.9090	0.9040
56
0185	0.1402	0.9833	0.3740	0.9060	0.1214s	0.3441	0.9150	0.9107
57
0186	0.1335	0.9917	0.3732	0.9060	0.1227s	0.3414	0.9170	0.9130
58
0187	0.1543	0.9917	0.3759	0.9060	0.1221s	0.3414	0.9130	0.9085
59
0188	0.1356	0.9833	0.3821	0.9000	0.1053s	0.3474	0.9140	0.9090
60
0189	0.1300	0.9750	0.3894	0.9000	0.1222s	0.3581	0.9120	0.9072
61
0190	0.1299	0.9667	0.4008	0.8920	0.1216s	0.3727	0.9060	0.9002
62
0191	0.1459	0.9917	0.4095	0.8880	0.1212s	0.3844	0.9060	0.8999
63
0192	0.1351	0.9917	0.4008	0.8900	0.1220s	0.3787	0.9080	0.9017
64
0193	0.1408	0.9917	0.3901	0.8960	0.1222s	0.3695	0.9060	0.8999
65
0194	0.1453	0.9667	0.3846	0.8980	0.1198s	0.3647	0.9090	0.9038
66
0195	0.1233	0.9833	0.3816	0.9000	0.1211s	0.3624	0.9070	0.9016
67
0196	0.1690	0.9667	0.3783	0.9040	0.1217s	0.3591	0.9070	0.9012
68
0197	0.1237	0.9917	0.3784	0.9080	0.1222s	0.3580	0.9080	0.9026
69
0198	0.1443	0.9833	0.3755	0.9060	0.1219s	0.3526	0.9140	0.9096
70
0199	0.1539	0.9750	0.3743	0.9040	0.1222s	0.3504	0.9130	0.9078
71
0200	0.1456	0.9750	0.3768	0.9020	0.1227s	0.3505	0.9120	0.9068
72
0201	0.1237	0.9917	0.3809	0.9000	0.1231s	0.3540	0.9110	0.9054
73
0202	0.1246	0.9750	0.3921	0.9000	0.1220s	0.3642	0.9040	0.8976
74
0203	0.1350	0.9750	0.3951	0.8940	0.1218s	0.3672	0.9070	0.9008
75
0204	0.1438	1.0000	0.3923	0.8960	0.1219s	0.3650	0.9090	0.9032
76
0205	0.1528	0.9833	0.3852	0.9000	0.1217s	0.3581	0.9060	0.9005
77
0206	0.1204	0.9917	0.3802	0.9080	0.1213s	0.3527	0.9030	0.8976
78
0207	0.1637	0.9500	0.3799	0.9080	0.1222s	0.3506	0.9010	0.8955
79
0208	0.1387	0.9583	0.3853	0.9020	0.1247s	0.3539	0.8990	0.8934
80
0209	0.1192	0.9833	0.3907	0.8980	0.1222s	0.3585	0.8990	0.8935
81
0210	0.1295	0.9917	0.3943	0.8980	0.1226s	0.3616	0.9010	0.8954
82
0211	0.1239	0.9917	0.3935	0.8960	0.1221s	0.3605	0.9040	0.8987
83
0212	0.1160	0.9833	0.3926	0.8960	0.1210s	0.3588	0.9070	0.9019
84
0213	0.1458	0.9833	0.3839	0.9000	0.1219s	0.3509	0.9080	0.9029
85
0214	0.1674	0.9917	0.3800	0.9020	0.1223s	0.3465	0.9080	0.9030
86
0215	0.1349	0.9750	0.3832	0.9020	0.1219s	0.3487	0.9080	0.9028
87
0216	0.1091	1.0000	0.3881	0.9040	0.1223s	0.3524	0.9130	0.9087
88
0217	0.1572	0.9833	0.3863	0.9000	0.1224s	0.3503	0.9110	0.9063
89
0218	0.1237	0.9917	0.3840	0.9060	0.1217s	0.3476	0.9060	0.9011
90
0219	0.1526	1.0000	0.3807	0.9000	0.1223s	0.3464	0.9010	0.8954
91
0220	0.1242	0.9833	0.3830	0.9000	0.1220s	0.3511	0.9050	0.8995
92
0221	0.1433	0.9667	0.3892	0.8920	0.1224s	0.3586	0.8990	0.8936
93
0222	0.1424	0.9917	0.3917	0.8880	0.1224s	0.3630	0.9000	0.8949
94
0223	0.1301	0.9833	0.3881	0.8920	0.1220s	0.3623	0.9020	0.8974
95
0224	0.1275	0.9417	0.3808	0.8980	0.1223s	0.3569	0.9040	0.8991
96
0225	0.1461	0.9750	0.3746	0.9000	0.1220s	0.3494	0.9070	0.9023
97
0226	0.1126	0.9833	0.3730	0.9000	0.1229s	0.3475	0.9080	0.9029
98
0227	0.1244	0.9750	0.3779	0.8960	0.1222s	0.3515	0.9080	0.9028
99
0228	0.1238	0.9917	0.3873	0.8960	0.1220s	0.3590	0.9050	0.8997
100
0229	0.1252	0.9583	0.3965	0.8960	0.1221s	0.3671	0.9020	0.8960
101
0230	0.1293	0.9667	0.4001	0.8920	0.1045s	0.3707	0.9020	0.8961
102
0231	0.1345	0.9667	0.4065	0.8860	0.1218s	0.3775	0.8990	0.8931
103
0232	0.1282	0.9833	0.4014	0.8880	0.1224s	0.3761	0.9000	0.8945
104
0233	0.1245	1.0000	0.3956	0.8880	0.1224s	0.3741	0.9000	0.8949
105
0234	0.1532	0.9417	0.3905	0.8960	0.1225s	0.3710	0.8990	0.8940
106
0235	0.1330	0.9750	0.3807	0.9060	0.1228s	0.3625	0.9010	0.8961
107
0236	0.1237	1.0000	0.3739	0.9080	0.1215s	0.3560	0.9050	0.9003
108
0237	0.1367	0.9833	0.3738	0.9100	0.1220s	0.3555	0.9070	0.9022
109
0238	0.1215	0.9833	0.3789	0.9080	0.1224s	0.3597	0.9080	0.9030
0
0239	0.1421	0.9667	0.3856	0.9020	0.1221s	0.3663	0.9030	0.8978
1
0240	0.1300	0.9917	0.3973	0.8980	0.1220s	0.3774	0.8980	0.8922
2
0241	0.1386	0.9833	0.4065	0.8980	0.1212s	0.3859	0.9000	0.8940
3
0242	0.1319	0.9750	0.4060	0.8920	0.1214s	0.3867	0.8970	0.8907
4
0243	0.1255	0.9917	0.4093	0.8860	0.1048s	0.3913	0.8970	0.8908
5
0244	0.1440	0.9917	0.4054	0.8860	0.1224s	0.3897	0.8950	0.8889
6
0245	0.1375	1.0000	0.3954	0.8900	0.1218s	0.3805	0.8980	0.8930
7
0246	0.1255	0.9917	0.3856	0.9000	0.1219s	0.3696	0.9020	0.8967
8
0247	0.1431	0.9667	0.3788	0.9000	0.1223s	0.3623	0.9050	0.8998
9
0248	0.1343	0.9583	0.3775	0.9100	0.1221s	0.3603	0.9070	0.9017
10
0249	0.1238	0.9917	0.3822	0.9060	0.1228s	0.3650	0.9040	0.8987
0
0250	0.1474	0.9667	0.3908	0.9020	0.1224s	0.3738	0.9020	0.8968
1
0251	0.1391	0.9833	0.3946	0.9000	0.1224s	0.3789	0.8980	0.8922
2
0252	0.1536	0.9917	0.3916	0.8980	0.1225s	0.3761	0.9010	0.8953
3
0253	0.1271	0.9917	0.3911	0.9000	0.1220s	0.3753	0.8980	0.8921
4
0254	0.1427	0.9500	0.3880	0.9000	0.1220s	0.3705	0.9010	0.8947
5
0255	0.1163	1.0000	0.3872	0.9020	0.1221s	0.3676	0.9020	0.8962
6
0256	0.1561	0.9750	0.3819	0.9000	0.1225s	0.3618	0.9000	0.8944
7
0257	0.1269	1.0000	0.3787	0.9020	0.1223s	0.3575	0.9020	0.8967
8
0258	0.1420	0.9917	0.3767	0.8980	0.1225s	0.3559	0.9030	0.8977
9
0259	0.1191	0.9917	0.3758	0.9080	0.1047s	0.3560	0.9060	0.9005
10
0260	0.1442	0.9917	0.3754	0.9040	0.1198s	0.3563	0.9030	0.8973
11
0261	0.1337	0.9917	0.3789	0.9000	0.1221s	0.3598	0.9060	0.9009
12
0262	0.1330	0.9583	0.3856	0.8960	0.1222s	0.3671	0.9010	0.8957
13
0263	0.1472	0.9833	0.3861	0.8960	0.1224s	0.3684	0.8990	0.8932
14
0264	0.1270	0.9917	0.3851	0.8980	0.1228s	0.3674	0.9010	0.8952
15
0265	0.1291	0.9750	0.3809	0.9020	0.1220s	0.3629	0.9020	0.8964
16
0266	0.1465	0.9833	0.3785	0.9080	0.1222s	0.3580	0.9070	0.9013
17
0267	0.1278	0.9583	0.3779	0.9100	0.1223s	0.3556	0.9040	0.8984
18
0268	0.1337	0.9750	0.3784	0.9080	0.1226s	0.3549	0.9050	0.8995
0
0269	0.1308	0.9833	0.3781	0.9080	0.1221s	0.3547	0.9030	0.8971
1
0270	0.1251	1.0000	0.3763	0.9080	0.1199s	0.3543	0.9040	0.8987
2
0271	0.1326	0.9917	0.3766	0.9000	0.1222s	0.3571	0.9050	0.8996
3
0272	0.1366	0.9667	0.3752	0.8980	0.1218s	0.3590	0.9030	0.8972
4
0273	0.1219	0.9917	0.3782	0.8940	0.1223s	0.3644	0.9020	0.8965
5
0274	0.1387	0.9833	0.3809	0.8940	0.1224s	0.3674	0.9030	0.8976
6
0275	0.1390	0.9917	0.3800	0.8960	0.1220s	0.3641	0.9000	0.8942
7
0276	0.1367	0.9917	0.3800	0.8960	0.1227s	0.3593	0.9030	0.8977
8
0277	0.1259	0.9917	0.3820	0.9020	0.1221s	0.3573	0.9080	0.9037
9
0278	0.1327	0.9833	0.3802	0.9000	0.1219s	0.3544	0.9110	0.9066
10
0279	0.1271	0.9917	0.3791	0.9040	0.1222s	0.3530	0.9100	0.9054
11
0280	0.1229	0.9917	0.3804	0.9020	0.1220s	0.3545	0.9070	0.9016
12
0281	0.1323	1.0000	0.3838	0.9000	0.1222s	0.3575	0.9030	0.8972
13
0282	0.1269	0.9833	0.3889	0.8960	0.1227s	0.3623	0.8990	0.8934
14
0283	0.1361	0.9917	0.3896	0.8940	0.1195s	0.3620	0.8980	0.8925
15
0284	0.1387	0.9917	0.3853	0.8960	0.1215s	0.3562	0.9010	0.8956
16
0285	0.1304	1.0000	0.3816	0.9020	0.1210s	0.3503	0.9030	0.8977
17
0286	0.1611	0.9667	0.3756	0.9120	0.1223s	0.3427	0.9070	0.9018
18
0287	0.1419	0.9917	0.3750	0.9100	0.1222s	0.3415	0.9120	0.9077
0
0288	0.1447	0.9917	0.3836	0.9040	0.1223s	0.3523	0.9090	0.9041
1
0289	0.1227	0.9917	0.3979	0.8920	0.1220s	0.3678	0.9030	0.8977
2
0290	0.1452	0.9917	0.4044	0.8880	0.1224s	0.3743	0.9010	0.8951
3
0291	0.1070	0.9833	0.4048	0.8880	0.1220s	0.3742	0.9000	0.8940
4
0292	0.1370	0.9750	0.3960	0.8900	0.1223s	0.3646	0.9040	0.8982
5
0293	0.1486	0.9500	0.3853	0.9020	0.1213s	0.3521	0.9050	0.8996
6
0294	0.1210	0.9750	0.3808	0.9040	0.1223s	0.3444	0.9070	0.9020
7
0295	0.1398	0.9917	0.3817	0.9000	0.1221s	0.3428	0.9070	0.9021
8
0296	0.1295	1.0000	0.3845	0.9000	0.1220s	0.3449	0.9020	0.8966
9
0297	0.1524	0.9667	0.3913	0.8980	0.1222s	0.3530	0.9020	0.8967
10
0298	0.1203	0.9917	0.4021	0.8920	0.1223s	0.3634	0.8960	0.8900
11
0299	0.1326	0.9750	0.4098	0.8840	0.1235s	0.3709	0.9000	0.8943
12
0300	0.1407	1.0000	0.4086	0.8860	0.1223s	0.3702	0.8960	0.8900
13
0301	0.1297	0.9917	0.4082	0.8820	0.1223s	0.3701	0.9010	0.8950
14
0302	0.1289	0.9917	0.4017	0.8880	0.1221s	0.3642	0.9020	0.8964
15
0303	0.1426	0.9750	0.3886	0.8980	0.1216s	0.3507	0.9050	0.9001
16
0304	0.1210	1.0000	0.3804	0.9000	0.1221s	0.3411	0.9060	0.9011
17
0305	0.1250	0.9667	0.3812	0.9020	0.1217s	0.3404	0.9060	0.9009
18
0306	0.1203	1.0000	0.3889	0.8940	0.1223s	0.3471	0.9040	0.8986
19
0307	0.1513	0.9750	0.4003	0.8880	0.1225s	0.3578	0.8980	0.8925
20
0308	0.1502	0.9833	0.4043	0.8900	0.1221s	0.3623	0.8970	0.8910
21
0309	0.1341	0.9750	0.4056	0.8860	0.1224s	0.3661	0.9000	0.8942
22
0310	0.1104	0.9917	0.4078	0.8840	0.1224s	0.3704	0.8980	0.8920
23
0311	0.1367	0.9917	0.4025	0.8880	0.1224s	0.3657	0.9030	0.8973
24
0312	0.1226	0.9750	0.3991	0.8880	0.1221s	0.3606	0.9050	0.8995
25
0313	0.1410	0.9833	0.3971	0.8940	0.1241s	0.3558	0.9020	0.8960
26
0314	0.1226	0.9917	0.3947	0.8940	0.1165s	0.3514	0.9020	0.8957
27
0315	0.1581	0.9833	0.3953	0.8920	0.1215s	0.3496	0.9050	0.8990
28
0316	0.1207	0.9917	0.3968	0.8980	0.1223s	0.3498	0.9050	0.8992
29
0317	0.1387	0.9417	0.3972	0.8940	0.1214s	0.3497	0.9040	0.8985
30
0318	0.1095	1.0000	0.4007	0.8940	0.1224s	0.3532	0.9040	0.8986
31
0319	0.1234	1.0000	0.4033	0.8940	0.1221s	0.3563	0.9000	0.8944
32
0320	0.1435	0.9833	0.4028	0.8960	0.1226s	0.3574	0.9000	0.8942
33
0321	0.1101	0.9917	0.4019	0.8880	0.1223s	0.3581	0.9020	0.8963
34
0322	0.1428	0.9833	0.4020	0.8900	0.1224s	0.3602	0.9010	0.8945
35
0323	0.1387	0.9833	0.4041	0.8940	0.1224s	0.3628	0.8990	0.8925
36
0324	0.1307	0.9750	0.4029	0.8940	0.1226s	0.3616	0.9000	0.8934
37
0325	0.1302	0.9833	0.3969	0.8960	0.1219s	0.3574	0.9060	0.9001
38
0326	0.1225	0.9917	0.3914	0.8940	0.1224s	0.3532	0.9060	0.9005
39
0327	0.1362	0.9833	0.3932	0.8960	0.1217s	0.3549	0.9030	0.8974
40
0328	0.1454	0.9833	0.4053	0.9020	0.1221s	0.3647	0.8990	0.8931
41
0329	0.1285	0.9667	0.4161	0.8960	0.1218s	0.3740	0.8950	0.8889
42
0330	0.1197	0.9833	0.4227	0.8920	0.1224s	0.3804	0.8920	0.8860
43
0331	0.1463	0.9667	0.4178	0.8920	0.1227s	0.3784	0.8920	0.8857
44
0332	0.1293	0.9833	0.4096	0.8920	0.1221s	0.3737	0.8920	0.8854
45
0333	0.1527	0.9667	0.3971	0.9020	0.1222s	0.3665	0.9010	0.8956
46
0334	0.1384	0.9667	0.3904	0.8940	0.1237s	0.3661	0.9050	0.8993
47
0335	0.1359	0.9750	0.3891	0.8960	0.1227s	0.3698	0.9030	0.8977
48
0336	0.1503	0.9833	0.3883	0.8900	0.1218s	0.3710	0.9020	0.8972
49
0337	0.1272	0.9833	0.3860	0.8960	0.1222s	0.3684	0.9060	0.9009
50
0338	0.1260	0.9750	0.3833	0.8920	0.1055s	0.3624	0.9090	0.9035
51
0339	0.1177	1.0000	0.3898	0.9000	0.1223s	0.3642	0.9060	0.9009
52
0340	0.1247	0.9917	0.4022	0.8960	0.1222s	0.3709	0.8990	0.8928
53
0341	0.1366	0.9833	0.4076	0.8960	0.1225s	0.3725	0.8980	0.8918
54
0342	0.1711	0.9667	0.3945	0.9040	0.1213s	0.3589	0.9050	0.9000
55
0343	0.1252	0.9833	0.3830	0.9080	0.1222s	0.3475	0.9090	0.9042
56
0344	0.1535	0.9833	0.3724	0.9040	0.1220s	0.3387	0.9080	0.9028
57
0345	0.1440	0.9667	0.3686	0.9040	0.1224s	0.3357	0.9080	0.9031
58
0346	0.1570	0.9667	0.3691	0.9080	0.1220s	0.3370	0.9120	0.9074
59
0347	0.1332	0.9750	0.3742	0.9020	0.1197s	0.3415	0.9110	0.9060
60
0348	0.1173	0.9750	0.3802	0.9000	0.1220s	0.3472	0.9100	0.9048
61
0349	0.1145	0.9917	0.3878	0.8900	0.1224s	0.3536	0.9130	0.9079
62
0350	0.1462	0.9750	0.3932	0.8900	0.1224s	0.3574	0.9090	0.9039
63
0351	0.1468	0.9833	0.4016	0.8920	0.1209s	0.3626	0.9020	0.8961
64
0352	0.1331	0.9917	0.4039	0.8900	0.1230s	0.3639	0.8980	0.8916
65
0353	0.1505	0.9750	0.3993	0.8920	0.1220s	0.3588	0.9020	0.8963
66
0354	0.1296	0.9917	0.3907	0.8980	0.1217s	0.3516	0.9080	0.9028
67
0355	0.1297	0.9750	0.3807	0.8980	0.1225s	0.3449	0.9060	0.9007
68
0356	0.1219	0.9750	0.3735	0.9040	0.1219s	0.3410	0.9070	0.9022
69
0357	0.1335	0.9917	0.3726	0.9060	0.1221s	0.3419	0.9070	0.9021
70
0358	0.1507	0.9917	0.3726	0.9060	0.1217s	0.3424	0.9070	0.9022
71
0359	0.1431	0.9583	0.3728	0.9060	0.1216s	0.3420	0.9060	0.9011
72
0360	0.1186	0.9833	0.3755	0.9020	0.1223s	0.3445	0.9040	0.8988
73
0361	0.1300	0.9833	0.3805	0.8980	0.1219s	0.3492	0.9060	0.9007
74
0362	0.1216	0.9917	0.3878	0.8940	0.1214s	0.3560	0.9040	0.8985
75
0363	0.1090	0.9917	0.3955	0.8960	0.1224s	0.3633	0.8980	0.8924
76
0364	0.1308	0.9833	0.4006	0.8920	0.1219s	0.3678	0.8950	0.8888
77
0365	0.1326	0.9917	0.3928	0.8940	0.1223s	0.3606	0.8990	0.8932
78
0366	0.1245	0.9833	0.3812	0.8940	0.1225s	0.3492	0.9070	0.9018
79
0367	0.1135	1.0000	0.3749	0.9020	0.1220s	0.3418	0.9070	0.9017
80
0368	0.1323	0.9750	0.3721	0.9020	0.1217s	0.3380	0.9040	0.8987
81
0369	0.1564	0.9750	0.3710	0.9060	0.1221s	0.3358	0.9040	0.8986
82
0370	0.1434	0.9667	0.3743	0.9100	0.1222s	0.3384	0.9010	0.8958
83
0371	0.1395	0.9750	0.3804	0.9000	0.1218s	0.3447	0.9020	0.8965
84
0372	0.1143	0.9667	0.3848	0.9020	0.1219s	0.3492	0.9030	0.8971
85
0373	0.1135	1.0000	0.3881	0.8980	0.1224s	0.3517	0.9040	0.8981
86
0374	0.1186	0.9917	0.3961	0.8900	0.1219s	0.3595	0.9050	0.8996
87
0375	0.1283	0.9667	0.4066	0.8900	0.1225s	0.3682	0.9050	0.8992
88
0376	0.1273	0.9917	0.4091	0.8940	0.1217s	0.3687	0.9060	0.9006
89
0377	0.1216	0.9750	0.3971	0.9020	0.1222s	0.3568	0.9090	0.9040
90
0378	0.1338	0.9750	0.3834	0.9000	0.1218s	0.3435	0.9090	0.9039
91
0379	0.1304	0.9833	0.3760	0.9020	0.1044s	0.3375	0.9070	0.9020
92
0380	0.1438	0.9917	0.3807	0.9060	0.1151s	0.3446	0.9070	0.9019
93
0381	0.1448	0.9833	0.3885	0.8940	0.1218s	0.3536	0.9050	0.8996
94
0382	0.1251	1.0000	0.4016	0.8940	0.1173s	0.3660	0.9000	0.8939
95
0383	0.1135	0.9917	0.4132	0.8880	0.1196s	0.3755	0.9000	0.8937
96
0384	0.1384	0.9750	0.4155	0.8860	0.1223s	0.3755	0.9000	0.8937
97
0385	0.1383	0.9833	0.4153	0.8940	0.1228s	0.3721	0.9030	0.8970
98
0386	0.1344	0.9667	0.4108	0.8980	0.1218s	0.3654	0.9030	0.8972
99
0387	0.1483	0.9917	0.4039	0.9000	0.1214s	0.3578	0.9040	0.8984
100
0388	0.1398	0.9667	0.4007	0.9000	0.1225s	0.3541	0.9010	0.8952
101
0389	0.1307	0.9833	0.3995	0.8980	0.1220s	0.3541	0.8990	0.8935
102
0390	0.1666	0.9833	0.3989	0.8980	0.1222s	0.3555	0.8980	0.8925
103
0391	0.1137	1.0000	0.3969	0.9000	0.1220s	0.3567	0.8980	0.8923
104
0392	0.1342	0.9833	0.3989	0.8960	0.1220s	0.3629	0.9040	0.8989
105
0393	0.1179	1.0000	0.4020	0.8960	0.1221s	0.3694	0.9050	0.8999
106
0394	0.1252	1.0000	0.4072	0.8940	0.1220s	0.3776	0.9010	0.8951
107
0395	0.1492	0.9917	0.4028	0.8960	0.1220s	0.3746	0.9050	0.8994
108
0396	0.1267	1.0000	0.3941	0.8980	0.1216s	0.3670	0.9050	0.8995
109
0397	0.1308	0.9750	0.3899	0.9000	0.1224s	0.3632	0.9070	0.9016
110
0398	0.1340	0.9750	0.3883	0.9040	0.1220s	0.3627	0.9080	0.9027
111
0399	0.1180	0.9917	0.3915	0.9040	0.1222s	0.3670	0.9080	0.9026
112
0400	0.1423	0.9583	0.4016	0.9040	0.1043s	0.3777	0.9000	0.8943
113
0401	0.1450	0.9750	0.4110	0.8960	0.1221s	0.3881	0.8950	0.8886
114
0402	0.1368	0.9833	0.4186	0.8940	0.1214s	0.3968	0.8950	0.8885
115
0403	0.1501	0.9833	0.4207	0.8900	0.1216s	0.3994	0.8940	0.8878
116
0404	0.1357	0.9833	0.4124	0.8920	0.1265s	0.3906	0.8950	0.8888
117
0405	0.1299	0.9583	0.3990	0.8960	0.1220s	0.3774	0.8970	0.8908
118
0406	0.1202	0.9917	0.3918	0.8980	0.1221s	0.3695	0.9010	0.8950
119
0407	0.1253	0.9917	0.3906	0.8960	0.1223s	0.3670	0.9030	0.8975
120
0408	0.1175	0.9750	0.3925	0.8960	0.1226s	0.3680	0.9030	0.8976
121
0409	0.1127	0.9833	0.3956	0.8940	0.1224s	0.3701	0.9030	0.8973
122
0410	0.1389	0.9667	0.4017	0.8940	0.1073s	0.3759	0.9010	0.8946
123
0411	0.1375	0.9917	0.4114	0.8940	0.1049s	0.3854	0.8980	0.8918
124
0412	0.1215	0.9833	0.4222	0.8940	0.1048s	0.3957	0.9000	0.8938
125
0413	0.1563	0.9750	0.4245	0.8880	0.1224s	0.3976	0.8980	0.8917
126
0414	0.1276	0.9833	0.4185	0.8900	0.1230s	0.3908	0.8990	0.8932
127
0415	0.1130	0.9917	0.4063	0.8940	0.1215s	0.3780	0.9020	0.8965
128
0416	0.1252	0.9667	0.3956	0.8980	0.1217s	0.3670	0.9050	0.8993
129
0417	0.1336	0.9917	0.3895	0.8980	0.1224s	0.3610	0.9080	0.9026
130
0418	0.1304	0.9667	0.3904	0.9020	0.1222s	0.3613	0.9070	0.9013
131
0419	0.1145	0.9917	0.3958	0.8980	0.1222s	0.3655	0.9010	0.8951
132
0420	0.1376	0.9750	0.4049	0.9000	0.1176s	0.3732	0.8950	0.8890
133
0421	0.1416	0.9750	0.4181	0.8960	0.1217s	0.3849	0.8910	0.8848
134
0422	0.1429	0.9750	0.4239	0.8940	0.1221s	0.3898	0.8890	0.8818
135
0423	0.1347	0.9667	0.4233	0.8900	0.1232s	0.3883	0.8920	0.8849
136
0424	0.1274	0.9750	0.4154	0.8940	0.1196s	0.3802	0.9020	0.8956
137
0425	0.1328	1.0000	0.4084	0.8900	0.1110s	0.3731	0.9080	0.9022
138
0426	0.1269	0.9917	0.4018	0.8940	0.1219s	0.3661	0.9040	0.8984
139
0427	0.1466	0.9750	0.3967	0.8980	0.1216s	0.3605	0.9040	0.8984
140
0428	0.1364	0.9833	0.3939	0.9000	0.1204s	0.3566	0.9050	0.8995
141
0429	0.1501	0.9667	0.3974	0.9020	0.1188s	0.3573	0.9010	0.8952
142
0430	0.1547	0.9750	0.4082	0.9020	0.1081s	0.3649	0.8960	0.8905
143
0431	0.1366	0.9583	0.4198	0.8980	0.1218s	0.3741	0.8950	0.8895
144
0432	0.1406	0.9750	0.4188	0.8980	0.1226s	0.3740	0.8960	0.8905
145
0433	0.1204	0.9917	0.4128	0.9020	0.1223s	0.3698	0.8940	0.8882
146
0434	0.1501	0.9750	0.4010	0.8940	0.1224s	0.3602	0.8970	0.8914
147
0435	0.1295	0.9917	0.3940	0.9020	0.1222s	0.3548	0.9000	0.8941
148
0436	0.1201	0.9833	0.3931	0.8980	0.1223s	0.3570	0.9020	0.8968
149
0437	0.1514	0.9750	0.3955	0.8940	0.1209s	0.3597	0.9010	0.8955
150
0438	0.1205	1.0000	0.3971	0.8940	0.1049s	0.3616	0.9010	0.8954
151
0439	0.1205	0.9833	0.4024	0.8940	0.1221s	0.3667	0.9000	0.8943
152
0440	0.1277	0.9750	0.4053	0.8900	0.1224s	0.3672	0.8970	0.8908
153
0441	0.1289	0.9750	0.4024	0.8960	0.1224s	0.3628	0.8990	0.8930
154
0442	0.1242	0.9750	0.4025	0.9020	0.1243s	0.3623	0.8970	0.8907
155
0443	0.1268	0.9833	0.4042	0.9020	0.1211s	0.3637	0.8970	0.8907
156
0444	0.1446	0.9750	0.3994	0.9020	0.1221s	0.3600	0.8990	0.8924
157
0445	0.1455	0.9833	0.3933	0.9020	0.1219s	0.3575	0.9020	0.8960
158
0446	0.1416	0.9833	0.3902	0.9000	0.1220s	0.3576	0.9060	0.9006
159
0447	0.1393	1.0000	0.3893	0.9020	0.1219s	0.3588	0.9050	0.8993
160
0448	0.1120	0.9917	0.3916	0.9020	0.1219s	0.3624	0.9040	0.8980
161
0449	0.1264	0.9583	0.3978	0.9000	0.1222s	0.3687	0.9040	0.8980
162
0450	0.1366	0.9833	0.4035	0.9000	0.1223s	0.3724	0.9020	0.8959
163
0451	0.1489	0.9917	0.4074	0.8940	0.1222s	0.3728	0.8980	0.8912
164
0452	0.1196	0.9833	0.4090	0.8920	0.1225s	0.3714	0.8980	0.8915
165
0453	0.1198	0.9750	0.4046	0.8960	0.1219s	0.3657	0.8980	0.8915
166
0454	0.1284	0.9917	0.3997	0.9000	0.1219s	0.3607	0.8970	0.8904
167
0455	0.1091	0.9667	0.3941	0.9040	0.1049s	0.3552	0.9000	0.8937
168
0456	0.1438	0.9833	0.3871	0.9060	0.1206s	0.3491	0.9030	0.8973
169
0457	0.1135	0.9917	0.3847	0.9040	0.1101s	0.3475	0.9040	0.8984
170
0458	0.1500	0.9417	0.3858	0.9040	0.1219s	0.3488	0.9020	0.8964
171
0459	0.1496	0.9833	0.3879	0.9020	0.1222s	0.3505	0.9030	0.8976
172
0460	0.1519	0.9917	0.3886	0.9040	0.1222s	0.3503	0.9040	0.8986
173
0461	0.1243	0.9750	0.3901	0.9020	0.1214s	0.3523	0.9020	0.8963
174
0462	0.1406	0.9917	0.3955	0.9020	0.1223s	0.3579	0.9030	0.8969
175
0463	0.1531	0.9833	0.3922	0.9000	0.1072s	0.3564	0.9100	0.9041
176
0464	0.1395	0.9667	0.3885	0.8980	0.1197s	0.3536	0.9090	0.9031
177
0465	0.1192	1.0000	0.3839	0.9000	0.1048s	0.3502	0.9070	0.9014
178
0466	0.1219	1.0000	0.3810	0.9000	0.1190s	0.3479	0.9050	0.8996
179
0467	0.1271	0.9750	0.3833	0.8980	0.1220s	0.3494	0.9060	0.9005
180
0468	0.1239	0.9917	0.3905	0.9000	0.1221s	0.3554	0.9010	0.8955
181
0469	0.1322	0.9667	0.4051	0.8960	0.1224s	0.3696	0.8920	0.8859
182
0470	0.1325	0.9917	0.4140	0.8860	0.1221s	0.3791	0.8900	0.8834
183
0471	0.1391	0.9917	0.4069	0.8940	0.1219s	0.3735	0.8920	0.8851
184
0472	0.1198	1.0000	0.3930	0.8960	0.1225s	0.3619	0.8990	0.8923
185
0473	0.1335	0.9667	0.3843	0.9020	0.1218s	0.3527	0.9040	0.8978
186
0474	0.1146	0.9917	0.3801	0.9020	0.1223s	0.3469	0.9040	0.8989
187
0475	0.1341	0.9833	0.3807	0.9040	0.1207s	0.3463	0.9020	0.8968
188
0476	0.1261	0.9917	0.3839	0.9020	0.1221s	0.3490	0.9020	0.8961
189
0477	0.1266	0.9917	0.3902	0.9020	0.1222s	0.3563	0.9070	0.9009
190
0478	0.1342	0.9917	0.3911	0.9000	0.1222s	0.3588	0.9040	0.8978
191
0479	0.1186	0.9750	0.3937	0.8980	0.1221s	0.3635	0.8990	0.8927
192
0480	0.1513	0.9583	0.3892	0.9000	0.1228s	0.3606	0.8960	0.8898
193
0481	0.1117	0.9833	0.3840	0.8980	0.1223s	0.3565	0.8970	0.8909
194
0482	0.1360	0.9917	0.3817	0.9000	0.1246s	0.3539	0.8980	0.8921
195
0483	0.1263	0.9750	0.3784	0.9040	0.1231s	0.3502	0.8970	0.8908
196
0484	0.1112	1.0000	0.3772	0.9040	0.1223s	0.3486	0.9030	0.8969
197
0485	0.1362	0.9667	0.3796	0.9020	0.1221s	0.3519	0.9040	0.8979
198
0486	0.1317	0.9917	0.3840	0.9000	0.1223s	0.3574	0.9030	0.8967
199
Early stop! Min loss:0.3580920696258545,  Max accuracy:0.912
Early stop model validation loss:0.3580920696258545,  accuracy:0.91
Optimization Finished!
Total time elapsed: 59.5766s
test max acc:0.9170
Loading 126th epoch
stru_node_to_hop attention:tensor([[0.2527, 0.2509, 0.2485, 0.2479],
        [0.2498, 0.2501, 0.2500, 0.2500],
        [0.2490, 0.2507, 0.2502, 0.2502],
        [0.2471, 0.2493, 0.2515, 0.2520],
        [0.2479, 0.2512, 0.2504, 0.2505],
        [0.2499, 0.2506, 0.2499, 0.2496],
        [0.2494, 0.2505, 0.2501, 0.2500],
        [0.2499, 0.2503, 0.2500, 0.2498],
        [0.2505, 0.2502, 0.2497, 0.2495],
        [0.2490, 0.2508, 0.2502, 0.2500],
        [0.2495, 0.2503, 0.2501, 0.2501],
        [0.2495, 0.2503, 0.2502, 0.2500],
        [0.2499, 0.2501, 0.2500, 0.2500],
        [0.2496, 0.2496, 0.2503, 0.2505],
        [0.2518, 0.2496, 0.2494, 0.2492],
        [0.2493, 0.2509, 0.2500, 0.2498],
        [0.2476, 0.2512, 0.2507, 0.2505],
        [0.2490, 0.2511, 0.2501, 0.2498],
        [0.2500, 0.2500, 0.2500, 0.2500],
        [0.2496, 0.2504, 0.2501, 0.2499],
        [0.2500, 0.2501, 0.2500, 0.2500],
        [0.2485, 0.2517, 0.2501, 0.2498],
        [0.2504, 0.2496, 0.2500, 0.2500],
        [0.2499, 0.2501, 0.2500, 0.2500],
        [0.2493, 0.2505, 0.2502, 0.2500],
        [0.2494, 0.2504, 0.2501, 0.2500],
        [0.2492, 0.2506, 0.2502, 0.2500],
        [0.2500, 0.2501, 0.2500, 0.2499],
        [0.2510, 0.2496, 0.2497, 0.2497],
        [0.2488, 0.2511, 0.2502, 0.2500],
        [0.2487, 0.2507, 0.2504, 0.2503],
        [0.2485, 0.2508, 0.2505, 0.2502],
        [0.2493, 0.2506, 0.2501, 0.2500],
        [0.2495, 0.2503, 0.2501, 0.2502],
        [0.2490, 0.2510, 0.2502, 0.2498],
        [0.2502, 0.2499, 0.2499, 0.2499],
        [0.2489, 0.2505, 0.2505, 0.2501],
        [0.2481, 0.2502, 0.2507, 0.2509],
        [0.2495, 0.2503, 0.2502, 0.2501],
        [0.2507, 0.2501, 0.2497, 0.2495],
        [0.2500, 0.2500, 0.2500, 0.2500],
        [0.2494, 0.2506, 0.2501, 0.2499],
        [0.2498, 0.2503, 0.2500, 0.2500],
        [0.2497, 0.2500, 0.2501, 0.2502],
        [0.2463, 0.2515, 0.2513, 0.2510],
        [0.1795, 0.1826, 0.2766, 0.3613],
        [0.2493, 0.2504, 0.2502, 0.2501],
        [0.2493, 0.2505, 0.2501, 0.2500],
        [0.2503, 0.2500, 0.2499, 0.2498],
        [0.2498, 0.2502, 0.2500, 0.2500],
        [0.2471, 0.2513, 0.2507, 0.2508],
        [0.2485, 0.2508, 0.2504, 0.2502],
        [0.2500, 0.2500, 0.2500, 0.2500],
        [0.2505, 0.2501, 0.2497, 0.2497],
        [0.2462, 0.2519, 0.2509, 0.2510],
        [0.2480, 0.2508, 0.2505, 0.2507],
        [0.2503, 0.2509, 0.2496, 0.2492],
        [0.2496, 0.2503, 0.2501, 0.2499],
        [0.2487, 0.2510, 0.2503, 0.2500],
        [0.2482, 0.2515, 0.2503, 0.2500],
        [0.2481, 0.2514, 0.2505, 0.2500],
        [0.2491, 0.2506, 0.2502, 0.2502],
        [0.2495, 0.2505, 0.2501, 0.2500],
        [0.2487, 0.2503, 0.2506, 0.2504],
        [0.2501, 0.2500, 0.2500, 0.2499],
        [0.2500, 0.2500, 0.2501, 0.2500],
        [0.2498, 0.2504, 0.2500, 0.2498],
        [0.2489, 0.2499, 0.2505, 0.2507],
        [0.2500, 0.2500, 0.2500, 0.2500],
        [0.2488, 0.2507, 0.2503, 0.2502],
        [0.2482, 0.2518, 0.2502, 0.2499],
        [0.2498, 0.2499, 0.2501, 0.2501],
        [0.2490, 0.2505, 0.2503, 0.2502],
        [0.2491, 0.2515, 0.2499, 0.2495],
        [0.2500, 0.2500, 0.2500, 0.2500],
        [0.2486, 0.2507, 0.2504, 0.2502],
        [0.2502, 0.2506, 0.2497, 0.2495],
        [0.2516, 0.2495, 0.2495, 0.2495],
        [0.2495, 0.2502, 0.2502, 0.2501],
        [0.2488, 0.2504, 0.2504, 0.2504],
        [0.2509, 0.2503, 0.2496, 0.2492],
        [0.2485, 0.2513, 0.2502, 0.2499],
        [0.2521, 0.2495, 0.2493, 0.2490],
        [0.2500, 0.2500, 0.2500, 0.2500],
        [0.2502, 0.2499, 0.2499, 0.2499],
        [0.2501, 0.2499, 0.2500, 0.2500],
        [0.2492, 0.2500, 0.2504, 0.2505],
        [0.2465, 0.2519, 0.2510, 0.2507],
        [0.2499, 0.2504, 0.2500, 0.2498],
        [0.2510, 0.2495, 0.2499, 0.2496],
        [0.2495, 0.2502, 0.2502, 0.2501],
        [0.2500, 0.2500, 0.2500, 0.2500],
        [0.2500, 0.2500, 0.2500, 0.2500],
        [0.2501, 0.2500, 0.2500, 0.2499],
        [0.2489, 0.2505, 0.2504, 0.2502],
        [0.2497, 0.2502, 0.2501, 0.2501],
        [0.2495, 0.2503, 0.2501, 0.2500],
        [0.2509, 0.2496, 0.2497, 0.2498],
        [0.2495, 0.2506, 0.2500, 0.2499],
        [0.2497, 0.2503, 0.2501, 0.2500]], device='cuda:1')
fea_node_to_hop attention:tensor([[0.3300, 0.3348, 0.3352],
        [0.3320, 0.3338, 0.3342],
        [0.3325, 0.3326, 0.3350],
        [0.3323, 0.3338, 0.3339],
        [0.3312, 0.3341, 0.3348],
        [0.3312, 0.3330, 0.3358],
        [0.3290, 0.3345, 0.3365],
        [0.3310, 0.3337, 0.3353],
        [0.3316, 0.3336, 0.3348],
        [0.3289, 0.3343, 0.3368],
        [0.3313, 0.3341, 0.3346],
        [0.3304, 0.3349, 0.3347],
        [0.3331, 0.3335, 0.3334],
        [0.3332, 0.3334, 0.3334],
        [0.3315, 0.3330, 0.3355],
        [0.3281, 0.3358, 0.3361],
        [0.3298, 0.3338, 0.3364],
        [0.3313, 0.3338, 0.3349],
        [0.3325, 0.3336, 0.3339],
        [0.3314, 0.3340, 0.3347],
        [0.3330, 0.3335, 0.3335],
        [0.3338, 0.3320, 0.3342],
        [0.3317, 0.3328, 0.3355],
        [0.3343, 0.3328, 0.3330],
        [0.3307, 0.3344, 0.3349],
        [0.3296, 0.3349, 0.3355],
        [0.3319, 0.3338, 0.3343],
        [0.3337, 0.3327, 0.3336],
        [0.3316, 0.3334, 0.3350],
        [0.3315, 0.3343, 0.3342],
        [0.3317, 0.3335, 0.3348],
        [0.3286, 0.3342, 0.3372],
        [0.3302, 0.3345, 0.3352],
        [0.3326, 0.3338, 0.3336],
        [0.3338, 0.3336, 0.3326],
        [0.3338, 0.3331, 0.3331],
        [0.3300, 0.3347, 0.3352],
        [0.3339, 0.3319, 0.3342],
        [0.3315, 0.3340, 0.3345],
        [0.3293, 0.3356, 0.3352],
        [0.3332, 0.3333, 0.3335],
        [0.3306, 0.3347, 0.3346],
        [0.3314, 0.3342, 0.3344],
        [0.3328, 0.3336, 0.3336],
        [0.3295, 0.3364, 0.3341],
        [0.2956, 0.3569, 0.3476],
        [0.3318, 0.3338, 0.3344],
        [0.3326, 0.3333, 0.3341],
        [0.3314, 0.3339, 0.3348],
        [0.3333, 0.3336, 0.3331],
        [0.3324, 0.3339, 0.3337],
        [0.3303, 0.3346, 0.3351],
        [0.3333, 0.3333, 0.3334],
        [0.3315, 0.3334, 0.3351],
        [0.3309, 0.3346, 0.3345],
        [0.3315, 0.3339, 0.3346],
        [0.3329, 0.3334, 0.3337],
        [0.3298, 0.3339, 0.3363],
        [0.3318, 0.3331, 0.3351],
        [0.3323, 0.3329, 0.3348],
        [0.3311, 0.3334, 0.3355],
        [0.3298, 0.3342, 0.3360],
        [0.3329, 0.3328, 0.3343],
        [0.3318, 0.3341, 0.3341],
        [0.3326, 0.3337, 0.3337],
        [0.3326, 0.3333, 0.3341],
        [0.3324, 0.3338, 0.3338],
        [0.3315, 0.3331, 0.3354],
        [0.3327, 0.3336, 0.3337],
        [0.3288, 0.3354, 0.3358],
        [0.3292, 0.3348, 0.3360],
        [0.3318, 0.3335, 0.3347],
        [0.3310, 0.3342, 0.3348],
        [0.3303, 0.3336, 0.3361],
        [0.3334, 0.3333, 0.3333],
        [0.3303, 0.3338, 0.3359],
        [0.3312, 0.3336, 0.3352],
        [0.3292, 0.3348, 0.3360],
        [0.3333, 0.3323, 0.3344],
        [0.3304, 0.3346, 0.3350],
        [0.3313, 0.3352, 0.3336],
        [0.3297, 0.3354, 0.3349],
        [0.3283, 0.3353, 0.3364],
        [0.3339, 0.3329, 0.3332],
        [0.3333, 0.3333, 0.3334],
        [0.3327, 0.3337, 0.3336],
        [0.3313, 0.3346, 0.3342],
        [0.3289, 0.3345, 0.3366],
        [0.3332, 0.3330, 0.3338],
        [0.3279, 0.3366, 0.3355],
        [0.3314, 0.3343, 0.3344],
        [0.3333, 0.3334, 0.3333],
        [0.3325, 0.3339, 0.3336],
        [0.3331, 0.3334, 0.3335],
        [0.3319, 0.3333, 0.3349],
        [0.3325, 0.3334, 0.3341],
        [0.3328, 0.3331, 0.3341],
        [0.3326, 0.3331, 0.3343],
        [0.3319, 0.3338, 0.3343],
        [0.3312, 0.3345, 0.3342]], device='cuda:1')
perception attention:tensor([0.5000, 0.5000], device='cuda:1')
Test set results: loss= 0.3555 accuracy= 0.9000 F1_score= 0.8948
