# epoch	loss_train	acc_train	loss_val	acc_val	time	acc_test	f1_test
0001	1.7956	0.1000	1.6844	0.3040	0.1221s	1.6670	0.3220	0.2211
0
0002	1.6827	0.3833	1.5442	0.3340	0.1220s	1.5073	0.3600	0.2752
0
0003	1.5432	0.4167	1.3814	0.5680	0.1224s	1.3456	0.6110	0.5541
0
0004	1.3397	0.6000	1.1845	0.8300	0.1233s	1.1574	0.8310	0.8184
0
0005	1.1639	0.8000	1.0113	0.8860	0.1222s	0.9912	0.8790	0.8731
0
0006	0.9632	0.8333	0.8714	0.8600	0.1224s	0.8544	0.8650	0.8611
0
0007	0.8525	0.8167	0.7442	0.8700	0.1224s	0.7262	0.8610	0.8555
0
0008	0.7336	0.9167	0.6398	0.8840	0.1225s	0.6208	0.8770	0.8694
0
0009	0.6017	0.8917	0.5595	0.9020	0.1219s	0.5397	0.8940	0.8869
0
0010	0.5045	0.9250	0.5019	0.9000	0.1220s	0.4808	0.9070	0.9021
0
0011	0.4766	0.9167	0.4605	0.8980	0.1221s	0.4373	0.8980	0.8928
0
0012	0.4230	0.9250	0.4308	0.8960	0.1223s	0.4052	0.9040	0.8995
0
0013	0.3695	0.9250	0.4149	0.8860	0.1223s	0.3853	0.8970	0.8904
0
0014	0.3316	0.9583	0.4130	0.8920	0.1055s	0.3790	0.8880	0.8805
0
0015	0.3288	0.9167	0.4077	0.8960	0.1219s	0.3708	0.8860	0.8790
0
0016	0.2857	0.9250	0.3996	0.9040	0.1222s	0.3608	0.8890	0.8823
0
0017	0.2564	0.9750	0.3876	0.8960	0.1226s	0.3475	0.9000	0.8944
0
0018	0.2413	0.9333	0.3810	0.8980	0.1223s	0.3402	0.9050	0.8998
0
0019	0.2534	0.9583	0.3815	0.9000	0.1225s	0.3409	0.9000	0.8946
0
0020	0.2188	0.9667	0.3834	0.8980	0.1220s	0.3420	0.8980	0.8928
1
0021	0.2160	0.9750	0.3882	0.8980	0.1264s	0.3465	0.8960	0.8906
2
0022	0.2093	1.0000	0.3937	0.8940	0.1227s	0.3504	0.8980	0.8925
3
0023	0.1908	0.9667	0.3970	0.8980	0.1221s	0.3511	0.8990	0.8932
4
0024	0.1972	0.9750	0.3987	0.8980	0.1227s	0.3515	0.8990	0.8931
5
0025	0.2222	0.9750	0.3980	0.8980	0.1220s	0.3504	0.8960	0.8901
6
0026	0.1717	0.9833	0.3961	0.8920	0.1221s	0.3500	0.8970	0.8913
7
0027	0.1563	0.9917	0.3933	0.8960	0.1220s	0.3483	0.8970	0.8915
8
0028	0.1636	0.9500	0.3931	0.8980	0.1052s	0.3495	0.9000	0.8947
9
0029	0.1602	0.9917	0.3949	0.9000	0.1042s	0.3527	0.8980	0.8925
10
0030	0.1737	0.9500	0.4013	0.8900	0.1046s	0.3595	0.8960	0.8901
11
0031	0.1843	0.9583	0.4097	0.8860	0.1194s	0.3680	0.8920	0.8853
12
0032	0.1722	0.9833	0.4167	0.8800	0.1220s	0.3747	0.8880	0.8807
13
0033	0.1344	0.9917	0.4250	0.8780	0.1221s	0.3825	0.8890	0.8820
14
0034	0.1464	0.9667	0.4281	0.8740	0.1251s	0.3857	0.8850	0.8775
15
0035	0.1801	0.9417	0.4185	0.8800	0.1224s	0.3775	0.8890	0.8821
16
0036	0.1593	0.9750	0.4045	0.8820	0.1220s	0.3654	0.8940	0.8881
17
0037	0.1553	0.9750	0.3965	0.8860	0.1226s	0.3580	0.8980	0.8926
18
0038	0.1440	0.9917	0.3926	0.8880	0.1223s	0.3547	0.8980	0.8924
19
0039	0.1621	1.0000	0.3915	0.8880	0.1221s	0.3537	0.8980	0.8924
20
0040	0.1404	0.9667	0.3936	0.8860	0.1221s	0.3567	0.8990	0.8934
21
0041	0.1508	0.9833	0.3945	0.8840	0.1225s	0.3583	0.8990	0.8935
22
0042	0.1574	0.9833	0.3975	0.8820	0.1236s	0.3609	0.8990	0.8933
23
0043	0.1524	0.9833	0.4013	0.8820	0.1221s	0.3636	0.8960	0.8896
24
0044	0.1592	0.9833	0.4045	0.8800	0.1226s	0.3659	0.8970	0.8901
25
0045	0.1469	0.9750	0.4060	0.8800	0.1216s	0.3679	0.8910	0.8840
26
0046	0.1741	0.9833	0.4007	0.8800	0.1216s	0.3630	0.8950	0.8885
27
0047	0.1531	0.9667	0.3967	0.8840	0.1046s	0.3610	0.8960	0.8893
28
0048	0.1508	0.9917	0.3923	0.8840	0.1206s	0.3582	0.8980	0.8918
29
0049	0.1661	0.9833	0.3896	0.8860	0.1224s	0.3569	0.9010	0.8954
30
0050	0.1619	0.9833	0.3863	0.8940	0.1220s	0.3536	0.9020	0.8964
31
0051	0.1724	0.9833	0.3839	0.8940	0.1224s	0.3514	0.9010	0.8954
32
0052	0.1663	0.9917	0.3869	0.8900	0.1222s	0.3540	0.9010	0.8954
33
0053	0.1663	0.9917	0.3874	0.8960	0.1223s	0.3541	0.9030	0.8974
34
0054	0.1509	0.9833	0.3885	0.8900	0.1226s	0.3557	0.9030	0.8975
35
0055	0.1590	0.9667	0.3890	0.8920	0.1217s	0.3574	0.9030	0.8973
36
0056	0.1515	0.9833	0.3881	0.8940	0.1221s	0.3566	0.8990	0.8928
37
0057	0.1748	0.9917	0.3887	0.8940	0.1232s	0.3581	0.8980	0.8923
38
0058	0.1456	0.9917	0.3898	0.8880	0.1223s	0.3597	0.9000	0.8944
39
0059	0.1425	0.9750	0.3901	0.8900	0.1221s	0.3595	0.8970	0.8909
40
0060	0.1397	0.9833	0.3847	0.8940	0.1221s	0.3542	0.9010	0.8952
41
0061	0.1853	0.9833	0.3780	0.8960	0.1222s	0.3480	0.9070	0.9016
42
0062	0.1520	0.9833	0.3743	0.8980	0.1225s	0.3450	0.9050	0.8996
0
0063	0.1489	0.9667	0.3745	0.8960	0.1220s	0.3469	0.9060	0.9007
0
0064	0.1613	0.9917	0.3770	0.8940	0.1216s	0.3499	0.9080	0.9028
1
0065	0.1548	0.9750	0.3818	0.8920	0.1224s	0.3547	0.9030	0.8975
2
0066	0.1468	0.9917	0.3870	0.8920	0.1219s	0.3584	0.9000	0.8945
3
0067	0.1574	0.9750	0.3954	0.8900	0.1215s	0.3628	0.8930	0.8868
4
0068	0.1432	0.9833	0.4021	0.8880	0.1219s	0.3652	0.8920	0.8854
5
0069	0.1617	0.9667	0.4052	0.8920	0.1220s	0.3648	0.8960	0.8895
6
0070	0.1569	0.9833	0.4015	0.9000	0.1217s	0.3593	0.8950	0.8887
7
0071	0.1618	0.9917	0.3921	0.9000	0.1227s	0.3508	0.9040	0.8985
8
0072	0.1416	0.9833	0.3838	0.9040	0.1234s	0.3461	0.9050	0.8999
9
0073	0.1574	0.9583	0.3817	0.9000	0.1222s	0.3495	0.9100	0.9060
0
0074	0.1430	0.9583	0.3841	0.8980	0.1222s	0.3560	0.9060	0.9014
1
0075	0.1499	0.9750	0.3830	0.8940	0.1219s	0.3564	0.9060	0.9009
2
0076	0.1360	0.9833	0.3819	0.8960	0.1220s	0.3547	0.9040	0.8990
3
0077	0.1410	0.9667	0.3928	0.8880	0.1217s	0.3624	0.9020	0.8964
4
0078	0.1323	0.9667	0.4093	0.8900	0.1219s	0.3741	0.8880	0.8813
5
0079	0.1397	0.9750	0.4229	0.8860	0.1222s	0.3833	0.8850	0.8786
6
0080	0.1886	0.9500	0.4166	0.8880	0.1220s	0.3756	0.8890	0.8827
7
0081	0.1593	0.9583	0.4003	0.8960	0.1224s	0.3607	0.8940	0.8880
8
0082	0.1616	0.9333	0.3829	0.9040	0.1216s	0.3494	0.9010	0.8955
9
0083	0.1470	0.9833	0.3762	0.9080	0.1222s	0.3481	0.9070	0.9019
0
0084	0.1329	1.0000	0.3812	0.8960	0.1221s	0.3568	0.9040	0.8990
0
0085	0.1383	0.9583	0.3870	0.8980	0.1228s	0.3628	0.9020	0.8967
1
0086	0.1483	0.9750	0.3868	0.8980	0.1220s	0.3612	0.9030	0.8975
2
0087	0.1460	0.9917	0.3899	0.9000	0.1231s	0.3615	0.9040	0.8983
3
0088	0.1341	0.9833	0.3911	0.8980	0.1217s	0.3603	0.9010	0.8952
4
0089	0.1499	0.9917	0.3949	0.9000	0.1219s	0.3610	0.8980	0.8917
5
0090	0.1398	0.9833	0.3954	0.8900	0.1220s	0.3593	0.8970	0.8911
6
0091	0.1442	0.9833	0.3921	0.8940	0.1223s	0.3562	0.8980	0.8923
7
0092	0.1404	0.9750	0.3808	0.9020	0.1221s	0.3478	0.9010	0.8958
8
0093	0.1422	0.9833	0.3728	0.9080	0.1224s	0.3439	0.9020	0.8968
9
0094	0.1258	0.9750	0.3690	0.9040	0.1220s	0.3448	0.9030	0.8978
0
0095	0.1471	0.9833	0.3713	0.9000	0.1226s	0.3500	0.9030	0.8979
0
0096	0.1458	0.9833	0.3809	0.9020	0.1220s	0.3613	0.9060	0.9012
1
0097	0.1548	0.9833	0.3866	0.8940	0.1219s	0.3665	0.9030	0.8975
2
0098	0.1420	0.9667	0.3877	0.8940	0.1053s	0.3651	0.9030	0.8978
3
0099	0.1628	0.9667	0.3869	0.9020	0.1195s	0.3613	0.9060	0.9009
4
0100	0.1537	0.9667	0.3836	0.9000	0.1218s	0.3559	0.9050	0.8999
5
0101	0.1584	0.9750	0.3789	0.8980	0.1223s	0.3509	0.9070	0.9020
6
0102	0.1476	0.9833	0.3775	0.9040	0.1235s	0.3512	0.9050	0.8998
7
0103	0.1480	0.9917	0.3757	0.9000	0.1222s	0.3530	0.9040	0.8992
8
0104	0.1440	0.9750	0.3805	0.9020	0.1254s	0.3615	0.8990	0.8935
9
0105	0.1243	0.9917	0.3827	0.9000	0.1222s	0.3662	0.8980	0.8922
10
0106	0.1398	0.9917	0.3805	0.8980	0.1218s	0.3647	0.9000	0.8943
11
0107	0.1617	0.9750	0.3748	0.8960	0.1221s	0.3589	0.9030	0.8973
12
0108	0.1596	0.9667	0.3702	0.9020	0.1219s	0.3526	0.9110	0.9055
13
0109	0.1359	1.0000	0.3656	0.9080	0.1221s	0.3454	0.9150	0.9100
14
0110	0.1559	0.9750	0.3655	0.9120	0.1258s	0.3436	0.9130	0.9082
0
0111	0.1218	0.9917	0.3683	0.9100	0.1222s	0.3447	0.9150	0.9102
0
0112	0.1522	0.9750	0.3745	0.9100	0.1221s	0.3505	0.9130	0.9087
1
0113	0.1344	0.9750	0.3856	0.9000	0.1221s	0.3620	0.9020	0.8970
2
0114	0.1418	0.9917	0.3918	0.8940	0.1222s	0.3700	0.9020	0.8970
3
0115	0.1408	0.9833	0.3835	0.8980	0.1222s	0.3627	0.9050	0.8999
4
0116	0.1412	0.9583	0.3718	0.9040	0.1221s	0.3524	0.9090	0.9038
5
0117	0.1393	0.9750	0.3644	0.9020	0.1229s	0.3433	0.9150	0.9104
6
0118	0.1456	0.9917	0.3603	0.9100	0.1223s	0.3382	0.9180	0.9139
0
0119	0.1423	0.9750	0.3610	0.9060	0.1217s	0.3376	0.9130	0.9089
0
0120	0.1492	1.0000	0.3638	0.9040	0.1248s	0.3412	0.9110	0.9065
1
0121	0.1255	0.9917	0.3685	0.9020	0.1222s	0.3472	0.9100	0.9048
2
0122	0.1566	0.9500	0.3762	0.9040	0.1223s	0.3551	0.9150	0.9099
3
0123	0.1364	0.9750	0.3868	0.9040	0.1220s	0.3664	0.9060	0.9004
4
0124	0.1693	0.9750	0.3968	0.8980	0.1221s	0.3769	0.9030	0.8974
5
0125	0.1303	0.9833	0.4016	0.8960	0.1223s	0.3832	0.9000	0.8944
6
0126	0.1528	0.9667	0.3877	0.8980	0.1221s	0.3713	0.9010	0.8957
7
0127	0.1311	0.9833	0.3753	0.9040	0.1222s	0.3578	0.9120	0.9070
8
0128	0.1300	1.0000	0.3687	0.9140	0.1220s	0.3471	0.9160	0.9119
9
0129	0.1384	0.9750	0.3691	0.9040	0.1245s	0.3435	0.9140	0.9097
0
0130	0.1417	0.9917	0.3727	0.9020	0.1227s	0.3453	0.9130	0.9085
1
0131	0.1421	0.9833	0.3775	0.9020	0.1226s	0.3502	0.9120	0.9073
2
0132	0.1332	0.9917	0.3838	0.9040	0.1217s	0.3595	0.9100	0.9049
3
0133	0.1490	1.0000	0.3863	0.9020	0.1219s	0.3636	0.9110	0.9060
4
0134	0.1695	0.9750	0.3882	0.9000	0.1223s	0.3694	0.9120	0.9071
5
0135	0.1418	0.9667	0.3902	0.8980	0.1225s	0.3738	0.9060	0.9003
6
0136	0.1510	0.9833	0.3829	0.9000	0.1221s	0.3673	0.9120	0.9073
7
0137	0.1505	0.9750	0.3789	0.9020	0.1219s	0.3625	0.9120	0.9077
8
0138	0.1517	0.9583	0.3768	0.9040	0.1218s	0.3575	0.9080	0.9030
9
0139	0.1506	0.9917	0.3735	0.9080	0.1221s	0.3515	0.9070	0.9021
10
0140	0.1348	0.9917	0.3725	0.9060	0.1223s	0.3499	0.9100	0.9054
11
0141	0.1361	0.9833	0.3725	0.9080	0.1228s	0.3513	0.9090	0.9043
12
0142	0.1286	0.9833	0.3731	0.9080	0.1236s	0.3531	0.9100	0.9053
13
0143	0.1417	0.9667	0.3748	0.9020	0.1221s	0.3562	0.9110	0.9063
14
0144	0.1401	0.9750	0.3784	0.8940	0.1218s	0.3623	0.9110	0.9061
15
0145	0.1167	0.9917	0.3822	0.8960	0.1223s	0.3672	0.9090	0.9038
16
0146	0.1335	0.9833	0.3826	0.8940	0.1226s	0.3695	0.9080	0.9026
17
0147	0.1651	0.9833	0.3781	0.8980	0.1222s	0.3673	0.9110	0.9060
18
0148	0.1256	0.9833	0.3758	0.8980	0.1223s	0.3659	0.9090	0.9040
19
0149	0.1568	0.9750	0.3748	0.8960	0.1226s	0.3663	0.9090	0.9041
20
0150	0.1378	0.9833	0.3735	0.8980	0.1223s	0.3657	0.9090	0.9040
21
0151	0.1481	0.9750	0.3712	0.9000	0.1046s	0.3620	0.9050	0.9000
22
0152	0.1211	1.0000	0.3705	0.9000	0.1147s	0.3587	0.9070	0.9020
23
0153	0.1265	0.9833	0.3751	0.8980	0.1194s	0.3605	0.9090	0.9041
24
0154	0.1318	0.9667	0.3855	0.8900	0.1219s	0.3666	0.9070	0.9019
25
0155	0.1409	1.0000	0.3953	0.8900	0.1235s	0.3727	0.9020	0.8964
26
0156	0.1366	1.0000	0.4024	0.8820	0.1224s	0.3773	0.9000	0.8942
27
0157	0.1452	0.9833	0.4015	0.8860	0.1220s	0.3761	0.8980	0.8921
28
0158	0.1401	0.9833	0.3978	0.8920	0.1219s	0.3746	0.8990	0.8935
29
0159	0.1355	0.9833	0.3953	0.8920	0.1219s	0.3738	0.9010	0.8961
30
0160	0.1415	0.9917	0.3884	0.8920	0.1219s	0.3691	0.9020	0.8974
31
0161	0.1414	0.9667	0.3831	0.9040	0.1217s	0.3648	0.9010	0.8961
32
0162	0.1370	0.9833	0.3782	0.9060	0.1219s	0.3582	0.9070	0.9024
33
0163	0.1375	0.9833	0.3757	0.9040	0.1222s	0.3543	0.9100	0.9053
34
0164	0.1522	1.0000	0.3791	0.9040	0.1221s	0.3550	0.9090	0.9041
35
0165	0.1401	0.9750	0.3965	0.8880	0.1221s	0.3687	0.8990	0.8930
36
0166	0.1372	0.9917	0.4224	0.8780	0.1221s	0.3896	0.8920	0.8851
37
0167	0.1541	0.9583	0.4281	0.8760	0.1225s	0.3929	0.8930	0.8862
38
0168	0.1675	0.9833	0.4131	0.8840	0.1223s	0.3781	0.8960	0.8893
39
0169	0.1407	0.9917	0.3983	0.8940	0.1219s	0.3628	0.9000	0.8940
40
0170	0.1478	0.9667	0.3868	0.8960	0.1223s	0.3521	0.9070	0.9018
41
0171	0.1481	0.9917	0.3833	0.8980	0.1225s	0.3524	0.9090	0.9039
42
0172	0.1541	0.9833	0.3849	0.9040	0.1220s	0.3597	0.9130	0.9079
43
0173	0.1696	1.0000	0.3906	0.9000	0.1225s	0.3679	0.9070	0.9012
44
0174	0.1296	0.9833	0.3954	0.8920	0.1217s	0.3744	0.9020	0.8955
45
0175	0.1080	1.0000	0.3993	0.8920	0.1223s	0.3784	0.8970	0.8898
46
0176	0.1476	0.9833	0.4030	0.8900	0.1221s	0.3782	0.8910	0.8842
47
0177	0.1383	0.9583	0.3984	0.8900	0.1220s	0.3691	0.8980	0.8924
48
0178	0.1401	0.9750	0.3918	0.8980	0.1221s	0.3602	0.8990	0.8932
49
0179	0.1507	0.9833	0.3792	0.9020	0.1220s	0.3480	0.9020	0.8969
50
0180	0.1353	0.9583	0.3720	0.9020	0.1236s	0.3427	0.9050	0.9001
51
0181	0.1419	0.9583	0.3694	0.9020	0.1216s	0.3401	0.9070	0.9023
52
0182	0.1307	0.9750	0.3728	0.9000	0.1220s	0.3441	0.9080	0.9031
53
0183	0.1685	0.9500	0.3810	0.8940	0.1220s	0.3553	0.9070	0.9020
54
0184	0.1277	0.9833	0.3963	0.8920	0.1223s	0.3704	0.9020	0.8960
55
0185	0.1449	0.9750	0.4108	0.8900	0.1219s	0.3846	0.8950	0.8880
56
0186	0.1584	0.9667	0.4087	0.8920	0.1221s	0.3830	0.8880	0.8810
57
0187	0.1588	0.9833	0.3937	0.8940	0.1218s	0.3697	0.8980	0.8921
58
0188	0.1540	0.9833	0.3785	0.9000	0.1218s	0.3547	0.9020	0.8970
59
0189	0.1338	0.9833	0.3694	0.9000	0.1220s	0.3468	0.9080	0.9028
60
0190	0.1248	0.9750	0.3661	0.9100	0.1117s	0.3456	0.9070	0.9019
61
0191	0.1397	0.9750	0.3673	0.9060	0.1187s	0.3471	0.9070	0.9019
62
0192	0.1438	0.9750	0.3713	0.9080	0.0956s	0.3507	0.9030	0.8979
63
0193	0.1370	0.9833	0.3805	0.9000	0.1042s	0.3583	0.9020	0.8967
64
0194	0.1482	0.9667	0.3968	0.8900	0.1188s	0.3729	0.8980	0.8916
65
0195	0.1280	1.0000	0.4143	0.8860	0.0997s	0.3890	0.8920	0.8847
66
0196	0.1349	0.9917	0.4273	0.8900	0.1126s	0.4013	0.8850	0.8767
67
0197	0.1432	0.9750	0.4278	0.8880	0.1220s	0.4027	0.8860	0.8779
68
0198	0.1378	0.9750	0.4166	0.8860	0.1226s	0.3954	0.8900	0.8824
69
0199	0.1400	0.9750	0.3988	0.8860	0.1219s	0.3812	0.8990	0.8926
70
0200	0.1136	1.0000	0.3895	0.8940	0.1221s	0.3731	0.9050	0.8995
71
0201	0.1480	0.9833	0.3870	0.8940	0.1217s	0.3700	0.9060	0.9015
72
0202	0.1463	0.9833	0.3843	0.9020	0.1219s	0.3669	0.9050	0.9004
73
0203	0.1378	0.9667	0.3816	0.9040	0.1221s	0.3632	0.9020	0.8971
74
0204	0.1353	0.9917	0.3817	0.8980	0.1221s	0.3632	0.9040	0.8992
75
0205	0.1313	0.9833	0.3883	0.9000	0.1219s	0.3693	0.9010	0.8958
76
0206	0.1708	0.9750	0.3983	0.8900	0.1225s	0.3781	0.8980	0.8923
77
0207	0.1252	0.9750	0.4019	0.8920	0.1221s	0.3824	0.8970	0.8916
78
0208	0.1580	0.9750	0.3942	0.8980	0.1222s	0.3769	0.9010	0.8957
79
0209	0.1413	0.9583	0.3816	0.9020	0.1224s	0.3647	0.9040	0.8987
80
0210	0.1186	1.0000	0.3777	0.9040	0.1251s	0.3601	0.9090	0.9041
81
0211	0.1539	0.9833	0.3791	0.9040	0.1205s	0.3601	0.9080	0.9030
82
0212	0.1367	0.9750	0.3793	0.9060	0.1219s	0.3598	0.9110	0.9059
83
0213	0.1242	0.9917	0.3816	0.9020	0.1222s	0.3608	0.9100	0.9048
84
0214	0.1419	0.9833	0.3877	0.8960	0.1226s	0.3642	0.8990	0.8929
85
0215	0.1241	0.9750	0.3913	0.8920	0.1222s	0.3664	0.8960	0.8898
86
0216	0.1471	0.9667	0.3908	0.8920	0.1212s	0.3660	0.8950	0.8891
87
0217	0.1227	0.9833	0.3831	0.8920	0.1225s	0.3585	0.8960	0.8902
88
0218	0.1585	0.9750	0.3795	0.8920	0.1226s	0.3549	0.8970	0.8913
89
0219	0.1411	0.9583	0.3730	0.8980	0.1238s	0.3479	0.9000	0.8946
90
0220	0.1340	1.0000	0.3736	0.8980	0.1217s	0.3476	0.9000	0.8947
91
0221	0.1391	0.9750	0.3714	0.9000	0.1226s	0.3451	0.9000	0.8946
92
0222	0.1361	0.9583	0.3696	0.9080	0.1223s	0.3445	0.9040	0.8991
93
0223	0.1204	0.9917	0.3722	0.9040	0.1217s	0.3474	0.9050	0.9000
94
0224	0.1264	0.9417	0.3713	0.9040	0.1222s	0.3457	0.9060	0.9006
95
0225	0.1372	0.9750	0.3689	0.9080	0.1223s	0.3428	0.9050	0.8996
96
0226	0.1516	0.9667	0.3694	0.9040	0.1223s	0.3428	0.9070	0.9021
97
0227	0.1606	0.9833	0.3723	0.9040	0.1223s	0.3451	0.9010	0.8959
98
0228	0.1560	0.9750	0.3748	0.9040	0.1224s	0.3485	0.9020	0.8966
99
0229	0.1285	0.9750	0.3715	0.9040	0.1227s	0.3483	0.8990	0.8934
100
0230	0.1210	0.9833	0.3700	0.9060	0.1222s	0.3515	0.9030	0.8977
101
0231	0.1375	0.9833	0.3723	0.9020	0.1232s	0.3571	0.9010	0.8959
102
0232	0.1432	0.9917	0.3755	0.9060	0.1222s	0.3603	0.9030	0.8977
103
0233	0.1282	0.9667	0.3811	0.9000	0.1219s	0.3632	0.8970	0.8918
104
0234	0.1429	0.9750	0.3827	0.8960	0.1220s	0.3611	0.8940	0.8885
105
0235	0.1667	0.9417	0.3716	0.9040	0.1219s	0.3479	0.9000	0.8945
106
0236	0.1364	0.9750	0.3671	0.9060	0.1217s	0.3429	0.9030	0.8973
107
0237	0.1270	0.9750	0.3718	0.9060	0.1221s	0.3489	0.9030	0.8977
108
0238	0.1653	0.9583	0.3797	0.9000	0.1222s	0.3582	0.8990	0.8938
109
0239	0.1512	1.0000	0.3891	0.8980	0.1219s	0.3677	0.8940	0.8885
110
0240	0.1491	0.9833	0.3880	0.9020	0.1225s	0.3673	0.8990	0.8935
111
0241	0.1236	0.9917	0.3823	0.9060	0.1223s	0.3619	0.8990	0.8931
112
0242	0.1389	0.9750	0.3747	0.9080	0.1217s	0.3534	0.9070	0.9022
113
0243	0.1544	0.9750	0.3737	0.9080	0.1229s	0.3511	0.9030	0.8978
114
0244	0.1435	0.9750	0.3796	0.9040	0.1230s	0.3568	0.9020	0.8966
115
0245	0.1338	0.9833	0.3834	0.9020	0.1213s	0.3596	0.9000	0.8945
116
0246	0.1356	0.9833	0.3848	0.9020	0.1225s	0.3610	0.8970	0.8913
117
0247	0.1576	0.9750	0.3849	0.9060	0.1222s	0.3615	0.8970	0.8914
118
0248	0.1387	0.9667	0.3880	0.9040	0.1218s	0.3650	0.8980	0.8923
119
0249	0.1274	0.9833	0.3917	0.9000	0.1221s	0.3691	0.9000	0.8945
120
0250	0.1238	0.9667	0.3904	0.9040	0.1222s	0.3693	0.9020	0.8965
121
0251	0.1354	0.9917	0.3873	0.9000	0.1234s	0.3684	0.9040	0.8982
122
0252	0.1367	0.9750	0.3853	0.9040	0.1224s	0.3681	0.9070	0.9014
123
0253	0.1303	0.9917	0.3832	0.9020	0.1221s	0.3682	0.9100	0.9049
124
0254	0.1440	0.9583	0.3815	0.9060	0.1218s	0.3660	0.9070	0.9016
125
0255	0.1349	0.9750	0.3806	0.9140	0.1218s	0.3648	0.9060	0.9006
126
0256	0.1174	0.9917	0.3843	0.9060	0.1221s	0.3670	0.9000	0.8943
0
0257	0.1253	0.9750	0.3894	0.9040	0.1236s	0.3700	0.8980	0.8928
1
0258	0.1594	0.9667	0.3963	0.9040	0.1221s	0.3769	0.8960	0.8907
2
0259	0.1426	0.9833	0.3970	0.9020	0.1220s	0.3770	0.8940	0.8880
3
0260	0.1443	0.9833	0.3998	0.9020	0.1221s	0.3792	0.8960	0.8901
4
0261	0.1242	0.9583	0.4021	0.9000	0.1224s	0.3797	0.8960	0.8898
5
0262	0.1219	0.9917	0.4028	0.9060	0.1221s	0.3800	0.8990	0.8929
6
0263	0.1244	0.9917	0.4040	0.9040	0.1236s	0.3797	0.9050	0.8993
7
0264	0.1501	0.9667	0.4115	0.8920	0.1221s	0.3867	0.9070	0.9012
8
0265	0.1492	0.9917	0.4098	0.8900	0.1216s	0.3842	0.9090	0.9034
9
0266	0.1420	0.9583	0.4033	0.8920	0.1220s	0.3772	0.9060	0.9004
10
0267	0.1249	0.9750	0.3958	0.9040	0.1220s	0.3687	0.9030	0.8974
11
0268	0.1320	1.0000	0.3954	0.9060	0.1220s	0.3682	0.9030	0.8974
12
0269	0.1261	0.9917	0.3996	0.8980	0.1227s	0.3721	0.9000	0.8948
13
0270	0.1625	0.9333	0.4054	0.9020	0.1222s	0.3783	0.8960	0.8903
14
0271	0.1518	0.9833	0.4133	0.9000	0.1235s	0.3849	0.8920	0.8860
15
0272	0.1880	0.9417	0.4141	0.9020	0.1218s	0.3831	0.8940	0.8880
16
0273	0.1657	0.9833	0.4017	0.9060	0.1224s	0.3697	0.9010	0.8949
17
0274	0.1518	0.9750	0.3976	0.9060	0.1215s	0.3647	0.9080	0.9025
18
0275	0.1320	0.9583	0.4014	0.8960	0.1058s	0.3697	0.9060	0.9007
19
0276	0.1414	0.9917	0.4102	0.8960	0.1221s	0.3811	0.9090	0.9036
20
0277	0.1344	0.9750	0.4150	0.8860	0.1223s	0.3888	0.9070	0.9011
21
0278	0.1402	0.9667	0.4094	0.8920	0.1224s	0.3848	0.9040	0.8983
22
0279	0.1149	1.0000	0.4047	0.8980	0.1222s	0.3801	0.9020	0.8958
23
0280	0.1349	0.9583	0.4040	0.9000	0.1218s	0.3760	0.8970	0.8911
24
0281	0.1078	0.9833	0.4045	0.9020	0.1216s	0.3713	0.8970	0.8911
25
0282	0.1400	0.9667	0.4032	0.9000	0.1221s	0.3646	0.8970	0.8913
26
0283	0.1287	1.0000	0.4024	0.9020	0.1223s	0.3591	0.8990	0.8931
27
0284	0.1308	0.9833	0.4023	0.9020	0.1224s	0.3562	0.9010	0.8951
28
0285	0.1408	0.9917	0.3979	0.9000	0.1223s	0.3526	0.9040	0.8985
29
0286	0.1323	0.9750	0.3954	0.9000	0.1223s	0.3530	0.9060	0.9003
30
0287	0.1256	0.9917	0.3943	0.9040	0.1220s	0.3552	0.9080	0.9029
31
0288	0.1302	0.9833	0.3961	0.9020	0.1222s	0.3602	0.9100	0.9049
32
0289	0.1260	0.9750	0.3983	0.9000	0.1216s	0.3648	0.9110	0.9058
33
0290	0.1272	1.0000	0.3955	0.9020	0.1221s	0.3623	0.9090	0.9037
34
0291	0.1075	1.0000	0.3941	0.9040	0.1226s	0.3609	0.9060	0.9008
35
0292	0.1518	0.9917	0.3959	0.9020	0.1207s	0.3619	0.9010	0.8954
36
0293	0.1342	0.9917	0.3998	0.9020	0.1044s	0.3646	0.8950	0.8889
37
0294	0.1551	0.9750	0.3955	0.9000	0.1197s	0.3579	0.9000	0.8943
38
0295	0.1261	0.9500	0.3924	0.9060	0.1211s	0.3533	0.9070	0.9015
39
0296	0.1331	0.9667	0.3937	0.9040	0.1205s	0.3554	0.9060	0.9004
40
0297	0.1465	0.9750	0.3947	0.9000	0.1223s	0.3588	0.9040	0.8985
41
0298	0.1306	0.9750	0.3992	0.9040	0.1208s	0.3659	0.9050	0.8997
42
0299	0.1266	0.9833	0.4023	0.9000	0.1221s	0.3707	0.9030	0.8975
43
0300	0.1563	0.9667	0.3926	0.9000	0.1216s	0.3615	0.9010	0.8959
44
0301	0.1227	0.9750	0.3868	0.9040	0.1223s	0.3553	0.9070	0.9026
45
0302	0.1631	0.9833	0.3820	0.9120	0.1219s	0.3514	0.9060	0.9014
46
0303	0.1258	0.9667	0.3780	0.9080	0.1213s	0.3486	0.9040	0.8989
47
0304	0.1363	0.9750	0.3774	0.9080	0.1221s	0.3496	0.9070	0.9019
48
0305	0.1266	0.9667	0.3825	0.9060	0.1214s	0.3578	0.9060	0.9008
49
0306	0.1368	0.9667	0.3851	0.9040	0.1220s	0.3620	0.9030	0.8977
50
0307	0.1295	1.0000	0.3854	0.9060	0.1044s	0.3614	0.9040	0.8984
51
0308	0.1402	0.9750	0.3900	0.9040	0.1044s	0.3642	0.9010	0.8954
52
0309	0.1431	1.0000	0.4004	0.8960	0.1192s	0.3730	0.8990	0.8928
53
0310	0.1107	0.9917	0.4124	0.8940	0.1220s	0.3832	0.8990	0.8929
54
0311	0.1253	0.9917	0.4136	0.8920	0.1223s	0.3844	0.8980	0.8918
55
0312	0.1233	0.9833	0.4106	0.8980	0.1221s	0.3830	0.9010	0.8947
56
0313	0.1536	0.9833	0.4030	0.8980	0.1215s	0.3798	0.9000	0.8937
57
0314	0.1304	1.0000	0.3932	0.9040	0.1219s	0.3739	0.9000	0.8940
58
0315	0.1217	0.9833	0.3890	0.9080	0.1217s	0.3732	0.9000	0.8942
59
0316	0.1397	0.9750	0.3890	0.9080	0.1219s	0.3761	0.9010	0.8951
60
0317	0.1409	0.9750	0.3948	0.9020	0.1226s	0.3842	0.8990	0.8933
61
0318	0.1264	0.9750	0.4010	0.8900	0.1204s	0.3915	0.8940	0.8880
62
0319	0.1573	0.9750	0.4043	0.8920	0.1219s	0.3929	0.8930	0.8870
63
0320	0.1271	1.0000	0.4021	0.8960	0.1226s	0.3879	0.8970	0.8909
64
0321	0.1440	0.9833	0.3985	0.9000	0.1219s	0.3822	0.8990	0.8930
65
0322	0.1253	0.9750	0.3953	0.9020	0.1217s	0.3787	0.9020	0.8961
66
0323	0.1267	0.9917	0.3937	0.9000	0.1241s	0.3770	0.9030	0.8972
67
0324	0.1338	1.0000	0.3919	0.9040	0.1221s	0.3746	0.9040	0.8981
68
0325	0.1293	0.9583	0.3912	0.9020	0.1213s	0.3735	0.9050	0.8992
69
0326	0.1347	1.0000	0.3943	0.9040	0.1210s	0.3769	0.9020	0.8961
70
0327	0.1384	0.9833	0.4067	0.8940	0.1218s	0.3894	0.8990	0.8928
71
0328	0.1360	0.9833	0.4151	0.8920	0.1217s	0.3972	0.8970	0.8905
72
0329	0.1341	0.9750	0.4150	0.8920	0.1219s	0.3971	0.8980	0.8919
73
0330	0.1465	0.9750	0.4083	0.8960	0.1219s	0.3889	0.8980	0.8921
74
0331	0.1265	0.9917	0.4034	0.8980	0.1225s	0.3819	0.8980	0.8923
75
0332	0.1467	0.9750	0.4036	0.8960	0.1219s	0.3816	0.9010	0.8949
76
0333	0.1237	0.9833	0.4016	0.8920	0.1221s	0.3797	0.9000	0.8944
77
0334	0.1275	0.9833	0.4002	0.8920	0.1220s	0.3781	0.9010	0.8957
78
0335	0.1272	0.9833	0.3989	0.8920	0.1222s	0.3757	0.9030	0.8976
79
0336	0.1387	0.9833	0.3946	0.8960	0.1223s	0.3714	0.9030	0.8975
80
0337	0.1258	0.9833	0.3898	0.8980	0.1225s	0.3659	0.9010	0.8957
81
0338	0.1396	0.9750	0.3886	0.8960	0.1222s	0.3636	0.9060	0.9008
82
0339	0.1335	1.0000	0.3901	0.8880	0.1221s	0.3655	0.9060	0.9009
83
0340	0.1327	0.9833	0.3900	0.8920	0.1211s	0.3659	0.9050	0.9001
84
0341	0.1285	0.9583	0.3933	0.8920	0.1049s	0.3689	0.9050	0.8998
85
0342	0.1299	0.9917	0.3991	0.8940	0.1215s	0.3745	0.9020	0.8966
86
0343	0.1413	0.9833	0.4066	0.8920	0.1221s	0.3828	0.8970	0.8912
87
0344	0.1379	0.9583	0.4086	0.8980	0.1226s	0.3845	0.9000	0.8941
88
0345	0.1300	0.9667	0.4114	0.8880	0.1221s	0.3884	0.9010	0.8952
89
0346	0.1382	0.9750	0.4089	0.8900	0.1220s	0.3875	0.9030	0.8979
90
0347	0.1462	0.9500	0.4057	0.8900	0.1221s	0.3845	0.9030	0.8970
91
0348	0.1145	0.9917	0.3989	0.8940	0.1219s	0.3780	0.9020	0.8959
92
0349	0.1373	0.9750	0.3924	0.8920	0.1221s	0.3712	0.9040	0.8984
93
0350	0.1149	0.9750	0.3898	0.8960	0.1221s	0.3675	0.9080	0.9028
94
0351	0.1413	0.9583	0.3885	0.8980	0.1217s	0.3650	0.9070	0.9019
95
0352	0.1227	0.9750	0.3916	0.8920	0.1225s	0.3665	0.9070	0.9024
96
0353	0.1440	0.9833	0.3992	0.8960	0.1223s	0.3738	0.9040	0.8986
97
0354	0.1476	0.9833	0.4089	0.8860	0.1221s	0.3840	0.8950	0.8895
98
0355	0.1228	1.0000	0.4190	0.8860	0.1216s	0.3941	0.8880	0.8819
99
0356	0.1239	0.9917	0.4176	0.8840	0.1218s	0.3929	0.8930	0.8865
100
0357	0.1318	0.9917	0.4162	0.8840	0.1221s	0.3910	0.8970	0.8905
101
0358	0.1495	0.9667	0.4066	0.8900	0.1220s	0.3818	0.9000	0.8940
102
0359	0.1242	0.9833	0.4031	0.8960	0.1219s	0.3780	0.9000	0.8944
103
0360	0.1302	0.9583	0.4048	0.8940	0.1218s	0.3795	0.9010	0.8958
104
0361	0.1493	0.9917	0.4053	0.8960	0.1217s	0.3807	0.9050	0.8998
105
0362	0.1362	0.9833	0.4054	0.8920	0.1214s	0.3822	0.9030	0.8977
106
0363	0.1446	0.9917	0.4125	0.8800	0.1225s	0.3906	0.9010	0.8950
107
0364	0.1302	0.9917	0.4241	0.8820	0.1218s	0.4010	0.8960	0.8897
108
0365	0.1309	0.9667	0.4349	0.8860	0.1220s	0.4116	0.8930	0.8868
109
0366	0.1203	0.9917	0.4362	0.8800	0.1222s	0.4112	0.8940	0.8881
110
0367	0.1257	0.9750	0.4236	0.8840	0.1221s	0.3969	0.8960	0.8899
111
0368	0.1260	0.9917	0.4063	0.8920	0.1227s	0.3780	0.8980	0.8919
112
0369	0.1269	0.9833	0.3997	0.8940	0.1211s	0.3680	0.9010	0.8955
113
0370	0.1391	0.9833	0.4008	0.8960	0.1220s	0.3658	0.9010	0.8953
114
0371	0.1295	0.9583	0.4019	0.8920	0.1221s	0.3675	0.9010	0.8951
115
0372	0.1300	0.9750	0.4091	0.8900	0.1222s	0.3742	0.9030	0.8971
116
0373	0.1304	0.9917	0.4204	0.8820	0.1214s	0.3850	0.8980	0.8916
117
0374	0.1401	0.9917	0.4339	0.8860	0.1247s	0.3984	0.9000	0.8936
118
0375	0.1175	0.9917	0.4381	0.8860	0.1215s	0.4037	0.9000	0.8936
119
0376	0.1338	0.9667	0.4231	0.8840	0.1224s	0.3905	0.9020	0.8956
120
0377	0.1231	0.9917	0.4094	0.8900	0.1045s	0.3770	0.9010	0.8946
121
0378	0.1184	0.9833	0.3997	0.8960	0.1195s	0.3664	0.9050	0.8990
122
0379	0.1416	0.9833	0.3986	0.8980	0.1220s	0.3642	0.9070	0.9015
123
0380	0.1171	0.9667	0.3999	0.8920	0.1217s	0.3634	0.9060	0.9005
124
0381	0.1086	1.0000	0.4035	0.8940	0.1217s	0.3660	0.9070	0.9016
125
0382	0.1255	0.9833	0.4046	0.8960	0.1222s	0.3679	0.9060	0.9003
126
0383	0.1205	0.9750	0.4070	0.8940	0.1218s	0.3724	0.9000	0.8936
127
0384	0.1191	0.9667	0.4157	0.8900	0.1221s	0.3820	0.9010	0.8944
128
0385	0.1252	0.9917	0.4321	0.8860	0.1213s	0.3982	0.9010	0.8942
129
0386	0.1213	0.9917	0.4386	0.8840	0.1216s	0.4050	0.9000	0.8928
130
0387	0.1226	0.9667	0.4319	0.8860	0.1221s	0.3994	0.8990	0.8923
131
0388	0.1319	0.9667	0.4168	0.8920	0.1218s	0.3838	0.9010	0.8945
132
0389	0.1385	0.9583	0.3997	0.8980	0.1211s	0.3662	0.9020	0.8957
133
0390	0.1298	0.9833	0.3919	0.9020	0.1205s	0.3561	0.9040	0.8983
134
0391	0.1487	0.9750	0.3914	0.9020	0.1234s	0.3549	0.9040	0.8987
135
0392	0.1365	0.9833	0.3945	0.9040	0.1206s	0.3589	0.8980	0.8922
136
0393	0.1209	0.9917	0.3992	0.8980	0.1217s	0.3667	0.9010	0.8951
137
0394	0.1425	0.9500	0.4024	0.8940	0.1219s	0.3727	0.8990	0.8927
138
0395	0.1503	0.9833	0.4046	0.8900	0.1231s	0.3775	0.8940	0.8870
139
0396	0.1314	0.9833	0.4083	0.8920	0.1218s	0.3831	0.8910	0.8842
140
0397	0.1329	0.9833	0.4080	0.8940	0.1225s	0.3844	0.8980	0.8915
141
0398	0.1244	0.9667	0.4037	0.8960	0.1223s	0.3809	0.9000	0.8939
142
0399	0.1322	1.0000	0.3972	0.9000	0.1215s	0.3750	0.9010	0.8954
143
0400	0.1206	0.9833	0.3909	0.9020	0.1216s	0.3690	0.9040	0.8984
144
0401	0.1184	0.9667	0.3885	0.8980	0.1217s	0.3670	0.9010	0.8952
145
0402	0.1304	0.9667	0.3901	0.9020	0.1223s	0.3696	0.8990	0.8930
146
0403	0.1146	0.9833	0.3959	0.8980	0.1218s	0.3761	0.8960	0.8901
147
0404	0.1203	0.9833	0.3981	0.8940	0.1222s	0.3799	0.8920	0.8859
148
0405	0.1166	0.9667	0.3957	0.9000	0.1219s	0.3798	0.8950	0.8891
149
0406	0.1521	0.9750	0.3880	0.9000	0.1222s	0.3736	0.9020	0.8966
150
0407	0.1292	0.9667	0.3837	0.9000	0.1213s	0.3706	0.9010	0.8959
151
0408	0.1100	1.0000	0.3840	0.8960	0.1212s	0.3710	0.9010	0.8957
152
0409	0.1247	0.9667	0.3871	0.8960	0.1221s	0.3738	0.9050	0.9000
153
0410	0.1363	0.9667	0.3881	0.9000	0.1220s	0.3735	0.9050	0.9000
154
0411	0.1375	0.9833	0.3896	0.9020	0.1219s	0.3726	0.9020	0.8968
155
0412	0.1427	0.9917	0.3912	0.9020	0.1228s	0.3733	0.9040	0.8987
156
0413	0.1306	0.9667	0.3899	0.9000	0.1222s	0.3720	0.9050	0.8999
157
0414	0.1430	0.9417	0.3893	0.8980	0.1247s	0.3722	0.9020	0.8964
158
0415	0.1376	0.9833	0.3866	0.9020	0.1233s	0.3700	0.9040	0.8988
159
0416	0.1559	0.9917	0.3812	0.9020	0.1234s	0.3625	0.9050	0.9003
160
0417	0.1280	0.9917	0.3794	0.9040	0.1234s	0.3576	0.9040	0.8991
161
0418	0.1191	0.9833	0.3804	0.9060	0.1229s	0.3581	0.9050	0.9003
162
0419	0.1522	0.9750	0.3844	0.9020	0.1233s	0.3630	0.9040	0.8987
163
0420	0.1344	0.9833	0.3919	0.9020	0.1229s	0.3699	0.9040	0.8985
164
0421	0.1237	0.9917	0.3997	0.9000	0.1234s	0.3765	0.9040	0.8983
165
0422	0.1266	0.9917	0.4050	0.9020	0.1213s	0.3804	0.8990	0.8929
166
0423	0.1226	0.9917	0.4029	0.9060	0.1233s	0.3784	0.9020	0.8963
167
0424	0.1379	0.9833	0.3956	0.9040	0.1232s	0.3706	0.9030	0.8976
168
0425	0.1407	1.0000	0.3894	0.9080	0.1211s	0.3624	0.9030	0.8981
169
0426	0.1141	0.9833	0.3877	0.9060	0.1216s	0.3593	0.9050	0.8999
170
0427	0.1389	0.9667	0.3922	0.9020	0.1229s	0.3636	0.9020	0.8967
171
0428	0.1103	0.9917	0.4036	0.8960	0.1249s	0.3745	0.8990	0.8934
172
0429	0.1376	0.9750	0.4176	0.8920	0.1226s	0.3906	0.8930	0.8874
173
0430	0.1426	0.9750	0.4227	0.8920	0.1219s	0.3974	0.8890	0.8830
174
0431	0.1217	0.9750	0.4138	0.8940	0.1244s	0.3899	0.8950	0.8890
175
0432	0.1181	1.0000	0.4024	0.8980	0.1222s	0.3783	0.9000	0.8941
176
0433	0.1177	1.0000	0.3949	0.8980	0.1224s	0.3713	0.9040	0.8990
177
0434	0.1232	1.0000	0.3909	0.9000	0.1232s	0.3668	0.9050	0.8998
178
0435	0.1204	0.9917	0.3887	0.9000	0.1145s	0.3625	0.9050	0.8998
179
0436	0.1446	0.9917	0.3824	0.9000	0.1222s	0.3538	0.9070	0.9021
180
0437	0.1405	0.9833	0.3793	0.9040	0.1223s	0.3480	0.9070	0.9021
181
0438	0.1131	0.9833	0.3785	0.9020	0.1218s	0.3451	0.9080	0.9034
182
0439	0.1286	0.9833	0.3784	0.9000	0.1203s	0.3440	0.9090	0.9045
183
0440	0.1431	0.9667	0.3814	0.9040	0.1226s	0.3473	0.9030	0.8979
184
0441	0.1185	0.9750	0.3884	0.9000	0.1221s	0.3545	0.9020	0.8966
185
0442	0.1341	0.9833	0.3981	0.9000	0.1235s	0.3636	0.8990	0.8929
186
0443	0.1303	0.9667	0.4085	0.8920	0.1206s	0.3728	0.8910	0.8842
187
0444	0.1262	0.9750	0.4117	0.8900	0.1222s	0.3758	0.8910	0.8842
188
0445	0.1198	0.9917	0.4107	0.8900	0.1209s	0.3743	0.8930	0.8865
189
0446	0.1312	0.9917	0.3967	0.8960	0.1206s	0.3601	0.8970	0.8910
190
0447	0.1431	0.9667	0.3820	0.9040	0.1214s	0.3461	0.9040	0.8990
191
0448	0.1216	0.9750	0.3755	0.9000	0.1203s	0.3396	0.9070	0.9024
192
0449	0.1372	0.9667	0.3722	0.8980	0.1217s	0.3348	0.9040	0.8994
193
0450	0.1453	0.9833	0.3735	0.8980	0.1220s	0.3356	0.9020	0.8974
194
0451	0.1552	0.9750	0.3759	0.8980	0.1219s	0.3373	0.9040	0.8992
195
0452	0.1407	0.9667	0.3837	0.9000	0.1218s	0.3428	0.9040	0.8987
196
0453	0.1520	0.9750	0.3939	0.9000	0.1224s	0.3506	0.9040	0.8982
197
0454	0.1366	0.9750	0.4019	0.9020	0.1220s	0.3560	0.8990	0.8928
198
0455	0.1573	0.9500	0.4024	0.8980	0.1220s	0.3547	0.9010	0.8953
199
Early stop! Min loss:0.3602919578552246,  Max accuracy:0.914
Early stop model validation loss:0.3602919578552246,  accuracy:0.91
Optimization Finished!
Total time elapsed: 55.8358s
test max acc:0.9180
Loading 117th epoch
stru_node_to_hop attention:tensor([[0.2508, 0.2512, 0.2492, 0.2488],
        [0.2497, 0.2502, 0.2501, 0.2501],
        [0.2491, 0.2505, 0.2502, 0.2502],
        [0.2496, 0.2532, 0.2490, 0.2483],
        [0.2503, 0.2502, 0.2498, 0.2497],
        [0.2506, 0.2500, 0.2498, 0.2497],
        [0.2503, 0.2500, 0.2498, 0.2499],
        [0.2502, 0.2498, 0.2500, 0.2500],
        [0.2503, 0.2503, 0.2498, 0.2496],
        [0.2487, 0.2507, 0.2504, 0.2502],
        [0.2502, 0.2499, 0.2500, 0.2499],
        [0.2496, 0.2503, 0.2501, 0.2500],
        [0.2503, 0.2499, 0.2499, 0.2499],
        [0.2497, 0.2506, 0.2500, 0.2497],
        [0.2485, 0.2505, 0.2505, 0.2505],
        [0.2491, 0.2506, 0.2502, 0.2501],
        [0.2498, 0.2504, 0.2500, 0.2498],
        [0.2486, 0.2513, 0.2502, 0.2499],
        [0.2499, 0.2502, 0.2500, 0.2499],
        [0.2497, 0.2503, 0.2500, 0.2499],
        [0.2496, 0.2503, 0.2501, 0.2500],
        [0.2493, 0.2510, 0.2500, 0.2498],
        [0.2495, 0.2503, 0.2501, 0.2501],
        [0.2493, 0.2504, 0.2502, 0.2501],
        [0.2499, 0.2501, 0.2500, 0.2500],
        [0.2494, 0.2507, 0.2501, 0.2499],
        [0.2502, 0.2499, 0.2500, 0.2499],
        [0.2485, 0.2511, 0.2503, 0.2502],
        [0.2493, 0.2501, 0.2503, 0.2503],
        [0.2484, 0.2509, 0.2504, 0.2503],
        [0.2476, 0.2515, 0.2506, 0.2503],
        [0.2479, 0.2509, 0.2507, 0.2504],
        [0.2500, 0.2500, 0.2500, 0.2500],
        [0.2487, 0.2506, 0.2504, 0.2503],
        [0.2497, 0.2499, 0.2501, 0.2503],
        [0.2499, 0.2499, 0.2501, 0.2500],
        [0.2500, 0.2500, 0.2501, 0.2499],
        [0.2488, 0.2506, 0.2503, 0.2503],
        [0.2490, 0.2506, 0.2503, 0.2502],
        [0.2493, 0.2509, 0.2499, 0.2499],
        [0.2500, 0.2501, 0.2500, 0.2500],
        [0.2493, 0.2505, 0.2501, 0.2500],
        [0.2492, 0.2503, 0.2503, 0.2502],
        [0.2499, 0.2500, 0.2500, 0.2500],
        [0.2483, 0.2509, 0.2505, 0.2503],
        [0.1897, 0.2019, 0.2758, 0.3325],
        [0.2504, 0.2498, 0.2499, 0.2499],
        [0.2485, 0.2510, 0.2503, 0.2502],
        [0.2489, 0.2505, 0.2503, 0.2503],
        [0.2500, 0.2500, 0.2500, 0.2500],
        [0.2483, 0.2505, 0.2505, 0.2506],
        [0.2499, 0.2501, 0.2500, 0.2500],
        [0.2501, 0.2499, 0.2500, 0.2500],
        [0.2498, 0.2503, 0.2500, 0.2499],
        [0.2478, 0.2513, 0.2505, 0.2504],
        [0.2486, 0.2507, 0.2503, 0.2504],
        [0.2500, 0.2505, 0.2499, 0.2495],
        [0.2503, 0.2500, 0.2499, 0.2498],
        [0.2486, 0.2513, 0.2502, 0.2499],
        [0.2482, 0.2515, 0.2503, 0.2500],
        [0.2490, 0.2506, 0.2503, 0.2501],
        [0.2499, 0.2502, 0.2500, 0.2499],
        [0.2496, 0.2502, 0.2501, 0.2501],
        [0.2494, 0.2497, 0.2505, 0.2505],
        [0.2500, 0.2500, 0.2500, 0.2500],
        [0.2481, 0.2507, 0.2506, 0.2507],
        [0.2490, 0.2513, 0.2500, 0.2497],
        [0.2467, 0.2510, 0.2510, 0.2513],
        [0.2504, 0.2499, 0.2499, 0.2499],
        [0.2493, 0.2503, 0.2503, 0.2502],
        [0.2490, 0.2510, 0.2501, 0.2499],
        [0.2495, 0.2501, 0.2502, 0.2502],
        [0.2498, 0.2501, 0.2501, 0.2500],
        [0.2493, 0.2508, 0.2501, 0.2498],
        [0.2502, 0.2499, 0.2499, 0.2499],
        [0.2493, 0.2503, 0.2502, 0.2502],
        [0.2492, 0.2508, 0.2501, 0.2499],
        [0.2509, 0.2493, 0.2498, 0.2500],
        [0.2488, 0.2505, 0.2504, 0.2503],
        [0.2497, 0.2502, 0.2501, 0.2501],
        [0.2503, 0.2505, 0.2498, 0.2494],
        [0.2482, 0.2510, 0.2505, 0.2502],
        [0.2508, 0.2498, 0.2498, 0.2497],
        [0.2502, 0.2499, 0.2500, 0.2500],
        [0.2499, 0.2502, 0.2500, 0.2499],
        [0.2493, 0.2503, 0.2502, 0.2502],
        [0.2494, 0.2504, 0.2501, 0.2501],
        [0.2473, 0.2517, 0.2507, 0.2503],
        [0.2493, 0.2509, 0.2501, 0.2498],
        [0.2499, 0.2503, 0.2499, 0.2498],
        [0.2484, 0.2507, 0.2505, 0.2505],
        [0.2500, 0.2500, 0.2500, 0.2500],
        [0.2495, 0.2503, 0.2501, 0.2501],
        [0.2490, 0.2505, 0.2503, 0.2502],
        [0.2495, 0.2501, 0.2502, 0.2502],
        [0.2500, 0.2500, 0.2500, 0.2500],
        [0.2492, 0.2504, 0.2502, 0.2502],
        [0.2502, 0.2494, 0.2502, 0.2502],
        [0.2494, 0.2503, 0.2502, 0.2501],
        [0.2498, 0.2502, 0.2501, 0.2499]], device='cuda:1')
fea_node_to_hop attention:tensor([[0.3302, 0.3346, 0.3352],
        [0.3327, 0.3336, 0.3337],
        [0.3305, 0.3345, 0.3350],
        [0.3280, 0.3355, 0.3365],
        [0.3323, 0.3335, 0.3342],
        [0.3322, 0.3334, 0.3344],
        [0.3313, 0.3344, 0.3343],
        [0.3332, 0.3338, 0.3330],
        [0.3306, 0.3342, 0.3352],
        [0.3322, 0.3330, 0.3347],
        [0.3329, 0.3335, 0.3336],
        [0.3323, 0.3331, 0.3346],
        [0.3328, 0.3329, 0.3343],
        [0.3303, 0.3337, 0.3360],
        [0.3280, 0.3367, 0.3353],
        [0.3318, 0.3337, 0.3345],
        [0.3307, 0.3332, 0.3360],
        [0.3312, 0.3337, 0.3351],
        [0.3307, 0.3342, 0.3350],
        [0.3314, 0.3344, 0.3342],
        [0.3309, 0.3347, 0.3344],
        [0.3300, 0.3343, 0.3356],
        [0.3314, 0.3344, 0.3342],
        [0.3314, 0.3343, 0.3343],
        [0.3330, 0.3333, 0.3337],
        [0.3293, 0.3343, 0.3364],
        [0.3332, 0.3330, 0.3338],
        [0.3296, 0.3347, 0.3357],
        [0.3318, 0.3342, 0.3340],
        [0.3310, 0.3351, 0.3339],
        [0.3310, 0.3337, 0.3353],
        [0.3313, 0.3329, 0.3358],
        [0.3320, 0.3343, 0.3337],
        [0.3301, 0.3347, 0.3352],
        [0.3322, 0.3333, 0.3345],
        [0.3325, 0.3335, 0.3340],
        [0.3316, 0.3336, 0.3349],
        [0.3320, 0.3336, 0.3344],
        [0.3313, 0.3338, 0.3349],
        [0.3312, 0.3341, 0.3347],
        [0.3335, 0.3333, 0.3332],
        [0.3302, 0.3346, 0.3352],
        [0.3321, 0.3336, 0.3344],
        [0.3331, 0.3335, 0.3334],
        [0.3339, 0.3336, 0.3324],
        [0.2837, 0.3867, 0.3296],
        [0.3320, 0.3341, 0.3339],
        [0.3302, 0.3344, 0.3354],
        [0.3336, 0.3325, 0.3339],
        [0.3335, 0.3333, 0.3333],
        [0.3338, 0.3328, 0.3334],
        [0.3328, 0.3335, 0.3337],
        [0.3335, 0.3333, 0.3332],
        [0.3317, 0.3332, 0.3350],
        [0.3339, 0.3318, 0.3343],
        [0.3318, 0.3342, 0.3340],
        [0.3321, 0.3339, 0.3340],
        [0.3309, 0.3336, 0.3355],
        [0.3329, 0.3329, 0.3343],
        [0.3315, 0.3328, 0.3357],
        [0.3320, 0.3336, 0.3344],
        [0.3313, 0.3334, 0.3353],
        [0.3334, 0.3333, 0.3333],
        [0.3339, 0.3328, 0.3333],
        [0.3327, 0.3336, 0.3337],
        [0.3286, 0.3356, 0.3358],
        [0.3330, 0.3330, 0.3340],
        [0.3299, 0.3347, 0.3354],
        [0.3349, 0.3328, 0.3324],
        [0.3305, 0.3341, 0.3355],
        [0.3313, 0.3338, 0.3349],
        [0.3308, 0.3343, 0.3349],
        [0.3318, 0.3337, 0.3345],
        [0.3296, 0.3345, 0.3359],
        [0.3339, 0.3331, 0.3330],
        [0.3302, 0.3345, 0.3353],
        [0.3301, 0.3345, 0.3354],
        [0.3292, 0.3346, 0.3362],
        [0.3306, 0.3342, 0.3351],
        [0.3327, 0.3336, 0.3338],
        [0.3313, 0.3345, 0.3343],
        [0.3309, 0.3346, 0.3345],
        [0.3330, 0.3326, 0.3345],
        [0.3326, 0.3336, 0.3338],
        [0.3331, 0.3331, 0.3338],
        [0.3336, 0.3327, 0.3338],
        [0.3307, 0.3346, 0.3347],
        [0.3285, 0.3353, 0.3362],
        [0.3300, 0.3345, 0.3355],
        [0.3301, 0.3340, 0.3359],
        [0.3299, 0.3348, 0.3353],
        [0.3332, 0.3334, 0.3334],
        [0.3312, 0.3346, 0.3342],
        [0.3311, 0.3346, 0.3343],
        [0.3318, 0.3341, 0.3341],
        [0.3332, 0.3333, 0.3335],
        [0.3312, 0.3345, 0.3343],
        [0.3346, 0.3315, 0.3339],
        [0.3326, 0.3334, 0.3340],
        [0.3322, 0.3338, 0.3339]], device='cuda:1')
perception attention:tensor([0.5000, 0.5000], device='cuda:1')
Test set results: loss= 0.3382 accuracy= 0.9180 F1_score= 0.9139
