# epoch	loss_train	acc_train	loss_val	acc_val	time	acc_test	f1_test
0001	1.7999	0.1417	1.6889	0.4520	0.1214s	1.6756	0.4520	0.3713
0
0002	1.6847	0.3750	1.5296	0.4060	0.1196s	1.4967	0.4130	0.3002
0
0003	1.5512	0.4667	1.3667	0.4780	0.1223s	1.3279	0.5050	0.4195
0
0004	1.3558	0.5583	1.1909	0.6380	0.1217s	1.1558	0.6790	0.6520
0
0005	1.1481	0.7083	1.0209	0.8440	0.1219s	0.9892	0.8620	0.8550
0
0006	0.9581	0.8250	0.8841	0.8620	0.1220s	0.8530	0.8800	0.8750
0
0007	0.8261	0.8583	0.7722	0.8540	0.1219s	0.7414	0.8720	0.8677
0
0008	0.6923	0.8667	0.6617	0.8620	0.1223s	0.6323	0.8780	0.8726
0
0009	0.6060	0.9250	0.5768	0.8880	0.1046s	0.5492	0.8890	0.8818
0
0010	0.5103	0.8917	0.5263	0.8800	0.1196s	0.5005	0.8950	0.8875
0
0011	0.4821	0.9000	0.4885	0.8740	0.1222s	0.4646	0.9000	0.8936
0
0012	0.4296	0.9333	0.4487	0.8900	0.1226s	0.4218	0.9070	0.9011
0
0013	0.3978	0.9500	0.4252	0.9000	0.1223s	0.3915	0.8980	0.8914
0
0014	0.3053	0.9333	0.4233	0.8960	0.1220s	0.3852	0.8930	0.8862
0
0015	0.3153	0.9583	0.4276	0.8780	0.1211s	0.3863	0.8840	0.8770
0
0016	0.2975	0.9333	0.4210	0.8660	0.1225s	0.3795	0.8870	0.8796
1
0017	0.2632	0.9667	0.4063	0.8860	0.1045s	0.3648	0.8920	0.8845
0
0018	0.2469	0.9583	0.3956	0.8980	0.1226s	0.3534	0.8960	0.8892
0
0019	0.2339	0.9750	0.3959	0.8940	0.1048s	0.3521	0.8990	0.8928
0
0020	0.2044	0.9833	0.4039	0.8860	0.1210s	0.3588	0.8990	0.8925
1
0021	0.2257	0.9500	0.4119	0.8840	0.1046s	0.3652	0.8960	0.8893
2
0022	0.2195	0.9667	0.4201	0.8740	0.1190s	0.3723	0.8900	0.8819
3
0023	0.1981	0.9500	0.4308	0.8820	0.1220s	0.3818	0.8880	0.8792
4
0024	0.1731	0.9750	0.4364	0.8760	0.1220s	0.3867	0.8880	0.8799
5
0025	0.1927	0.9583	0.4295	0.8740	0.1219s	0.3804	0.8880	0.8811
6
0026	0.1855	0.9833	0.4203	0.8840	0.1225s	0.3730	0.8880	0.8814
7
0027	0.1728	0.9917	0.4198	0.8800	0.1223s	0.3743	0.8880	0.8816
8
0028	0.1807	0.9667	0.4180	0.8800	0.1229s	0.3733	0.8890	0.8825
9
0029	0.1626	0.9500	0.4187	0.8820	0.1221s	0.3734	0.8890	0.8818
10
0030	0.1678	0.9500	0.4184	0.8800	0.1220s	0.3719	0.8870	0.8796
11
0031	0.1613	0.9833	0.4228	0.8920	0.1230s	0.3733	0.8920	0.8846
12
0032	0.1777	0.9583	0.4321	0.8800	0.1221s	0.3788	0.8890	0.8809
13
0033	0.1700	0.9417	0.4431	0.8840	0.1222s	0.3865	0.8800	0.8709
14
0034	0.1576	0.9833	0.4549	0.8820	0.1236s	0.3966	0.8750	0.8653
15
0035	0.1826	0.9583	0.4640	0.8800	0.1223s	0.4050	0.8730	0.8640
16
0036	0.1537	0.9750	0.4658	0.8740	0.1222s	0.4079	0.8720	0.8635
17
0037	0.1503	0.9917	0.4615	0.8760	0.1259s	0.4062	0.8790	0.8710
18
0038	0.1903	0.9500	0.4519	0.8740	0.1196s	0.3999	0.8830	0.8750
19
0039	0.1568	0.9917	0.4405	0.8740	0.1140s	0.3923	0.8910	0.8828
20
0040	0.1499	0.9750	0.4294	0.8780	0.1117s	0.3851	0.8900	0.8821
21
0041	0.1598	0.9833	0.4225	0.8780	0.1226s	0.3807	0.8900	0.8822
22
0042	0.1811	0.9833	0.4148	0.8800	0.1127s	0.3739	0.8880	0.8810
23
0043	0.1524	0.9833	0.4057	0.8940	0.1210s	0.3645	0.8930	0.8864
24
0044	0.1675	0.9750	0.4022	0.8940	0.1259s	0.3592	0.8940	0.8876
25
0045	0.1614	0.9750	0.4031	0.8860	0.1163s	0.3578	0.8950	0.8882
26
0046	0.1487	0.9917	0.4075	0.8820	0.1493s	0.3611	0.8900	0.8826
27
0047	0.1567	0.9833	0.4116	0.8820	0.1228s	0.3654	0.8910	0.8838
28
0048	0.1605	0.9750	0.4126	0.8800	0.1219s	0.3680	0.8880	0.8799
29
0049	0.1574	0.9833	0.4125	0.8880	0.1219s	0.3703	0.8880	0.8804
30
0050	0.1603	0.9500	0.4074	0.8860	0.1217s	0.3678	0.8890	0.8820
31
0051	0.1541	0.9667	0.4019	0.8900	0.1221s	0.3639	0.8940	0.8872
32
0052	0.1898	0.9667	0.3957	0.8940	0.1149s	0.3577	0.8990	0.8928
33
0053	0.1617	0.9917	0.3927	0.8980	0.1194s	0.3539	0.9010	0.8950
34
0054	0.1493	0.9917	0.3940	0.8960	0.1200s	0.3557	0.9010	0.8950
0
0055	0.1566	0.9667	0.3939	0.8960	0.1231s	0.3562	0.9000	0.8939
1
0056	0.1529	0.9750	0.3963	0.8940	0.1251s	0.3589	0.8950	0.8886
2
0057	0.1663	0.9917	0.3991	0.8860	0.1223s	0.3627	0.8910	0.8844
3
0058	0.1902	0.9583	0.4055	0.8860	0.1221s	0.3692	0.8890	0.8823
4
0059	0.1375	0.9833	0.4123	0.8820	0.1219s	0.3764	0.8890	0.8830
5
0060	0.1603	0.9833	0.4118	0.8840	0.1233s	0.3765	0.8920	0.8862
6
0061	0.1434	1.0000	0.4095	0.8840	0.1220s	0.3741	0.8910	0.8848
7
0062	0.1518	0.9833	0.4021	0.8880	0.1217s	0.3676	0.8920	0.8856
8
0063	0.1382	0.9583	0.3931	0.8940	0.1220s	0.3589	0.8950	0.8888
9
0064	0.1512	0.9250	0.3891	0.8980	0.1218s	0.3541	0.8990	0.8930
10
0065	0.1635	0.9833	0.3874	0.9000	0.1231s	0.3515	0.8990	0.8929
0
0066	0.1428	0.9917	0.3875	0.8980	0.1220s	0.3509	0.9020	0.8960
0
0067	0.1301	0.9917	0.3899	0.8920	0.1223s	0.3528	0.8990	0.8933
1
0068	0.1359	1.0000	0.3894	0.8920	0.1221s	0.3530	0.8970	0.8914
2
0069	0.1187	0.9917	0.3886	0.8940	0.1226s	0.3532	0.8990	0.8934
3
0070	0.1762	0.9583	0.3910	0.8960	0.1225s	0.3551	0.8980	0.8927
4
0071	0.1740	0.9917	0.3937	0.8940	0.1225s	0.3566	0.8950	0.8891
5
0072	0.1404	0.9750	0.3978	0.8960	0.1219s	0.3592	0.8970	0.8910
6
0073	0.1379	0.9750	0.4024	0.8920	0.1218s	0.3642	0.8950	0.8891
7
0074	0.1734	0.9583	0.4084	0.8840	0.1235s	0.3707	0.8900	0.8832
8
0075	0.1399	0.9833	0.4103	0.8840	0.1217s	0.3740	0.8870	0.8799
9
0076	0.1561	0.9833	0.3971	0.8840	0.1228s	0.3625	0.8970	0.8908
10
0077	0.1599	0.9833	0.3845	0.8960	0.1218s	0.3521	0.8990	0.8932
11
0078	0.1499	0.9833	0.3795	0.9000	0.1218s	0.3478	0.9000	0.8946
0
0079	0.1457	0.9833	0.3742	0.9040	0.1234s	0.3432	0.9020	0.8967
0
0080	0.1409	0.9750	0.3753	0.9020	0.1218s	0.3436	0.9010	0.8959
0
0081	0.1620	0.9667	0.3817	0.8940	0.1218s	0.3487	0.9050	0.8999
1
0082	0.1397	0.9833	0.3910	0.8900	0.1195s	0.3550	0.9020	0.8969
2
0083	0.1343	0.9833	0.4000	0.8880	0.1218s	0.3605	0.8930	0.8873
3
0084	0.1202	0.9750	0.4032	0.8920	0.1222s	0.3611	0.8980	0.8920
4
0085	0.1483	0.9917	0.4001	0.8860	0.1220s	0.3578	0.8980	0.8921
5
0086	0.1609	0.9583	0.3888	0.8940	0.1217s	0.3492	0.9010	0.8951
6
0087	0.1539	0.9500	0.3803	0.9000	0.1220s	0.3428	0.9070	0.9016
7
0088	0.1250	0.9750	0.3780	0.9020	0.1225s	0.3414	0.9080	0.9027
8
0089	0.1324	0.9667	0.3796	0.8960	0.1248s	0.3448	0.9060	0.9008
9
0090	0.1217	0.9833	0.3818	0.8940	0.1221s	0.3482	0.9090	0.9035
10
0091	0.1364	0.9583	0.3902	0.8880	0.1046s	0.3590	0.9040	0.8984
11
0092	0.1370	1.0000	0.3947	0.8880	0.1222s	0.3639	0.8980	0.8921
12
0093	0.1413	1.0000	0.3950	0.8900	0.1222s	0.3625	0.8970	0.8914
13
0094	0.1628	0.9667	0.3927	0.8920	0.1230s	0.3592	0.9020	0.8969
14
0095	0.1436	0.9917	0.3876	0.8920	0.1222s	0.3514	0.9020	0.8970
15
0096	0.1375	0.9750	0.3869	0.8960	0.1219s	0.3471	0.8990	0.8936
16
0097	0.1643	0.9583	0.3869	0.8960	0.1220s	0.3452	0.8990	0.8937
17
0098	0.1406	0.9917	0.3862	0.8940	0.1220s	0.3444	0.9030	0.8979
18
0099	0.1513	0.9750	0.3862	0.8960	0.1226s	0.3473	0.9070	0.9023
19
0100	0.1458	0.9750	0.3920	0.8940	0.1228s	0.3544	0.9030	0.8976
20
0101	0.1498	0.9750	0.3956	0.8920	0.1219s	0.3578	0.9040	0.8984
21
0102	0.1467	0.9750	0.4026	0.8900	0.1213s	0.3647	0.9030	0.8973
22
0103	0.1457	0.9833	0.4040	0.8900	0.1219s	0.3667	0.9040	0.8982
23
0104	0.1473	0.9667	0.3998	0.8920	0.1219s	0.3628	0.9030	0.8973
24
0105	0.1331	0.9833	0.4014	0.8940	0.1219s	0.3633	0.8940	0.8880
25
0106	0.1295	0.9917	0.4017	0.8920	0.1224s	0.3616	0.8980	0.8921
26
0107	0.1374	0.9833	0.4021	0.8860	0.1236s	0.3590	0.9010	0.8951
27
0108	0.1520	0.9750	0.4017	0.8920	0.1223s	0.3561	0.9010	0.8951
28
0109	0.1305	0.9917	0.4025	0.8920	0.1222s	0.3565	0.9000	0.8942
29
0110	0.1274	0.9917	0.4025	0.8920	0.1223s	0.3571	0.8960	0.8901
30
0111	0.1379	0.9917	0.4044	0.8960	0.1219s	0.3601	0.8980	0.8917
31
0112	0.1453	0.9833	0.4079	0.8960	0.1224s	0.3640	0.8950	0.8889
32
0113	0.1632	0.9750	0.4029	0.8920	0.1216s	0.3619	0.9000	0.8942
33
0114	0.1423	0.9917	0.3992	0.8900	0.1221s	0.3610	0.8980	0.8923
34
0115	0.1617	0.9750	0.3949	0.8940	0.1224s	0.3573	0.9010	0.8953
35
0116	0.1575	0.9833	0.3945	0.8900	0.1223s	0.3540	0.8980	0.8917
36
0117	0.1206	0.9917	0.3997	0.8960	0.1223s	0.3561	0.8980	0.8917
37
0118	0.1472	0.9750	0.3995	0.8940	0.1219s	0.3537	0.8970	0.8908
38
0119	0.1320	0.9917	0.3973	0.8920	0.1220s	0.3520	0.9010	0.8953
39
0120	0.1500	0.9500	0.3911	0.8960	0.1222s	0.3477	0.9020	0.8960
40
0121	0.1469	0.9750	0.3817	0.9040	0.1223s	0.3420	0.9060	0.9006
41
0122	0.1247	0.9833	0.3794	0.9120	0.1234s	0.3444	0.8990	0.8936
0
0123	0.1519	0.9833	0.3884	0.9000	0.1222s	0.3555	0.8960	0.8907
0
0124	0.1367	0.9750	0.4027	0.8980	0.1221s	0.3697	0.8950	0.8897
1
0125	0.1372	0.9917	0.4089	0.8940	0.1221s	0.3761	0.8910	0.8859
2
0126	0.1339	0.9833	0.4109	0.8880	0.1221s	0.3773	0.8930	0.8877
3
0127	0.1431	0.9667	0.3963	0.8940	0.1223s	0.3627	0.8950	0.8893
4
0128	0.1489	0.9833	0.3844	0.9000	0.1225s	0.3493	0.9000	0.8945
5
0129	0.1553	0.9583	0.3841	0.9000	0.1220s	0.3465	0.9010	0.8953
6
0130	0.1440	0.9833	0.3907	0.8960	0.1217s	0.3517	0.9060	0.9000
7
0131	0.1692	0.9667	0.3918	0.8960	0.1224s	0.3546	0.9020	0.8961
8
0132	0.1385	1.0000	0.3932	0.8920	0.1224s	0.3579	0.9000	0.8944
9
0133	0.1412	0.9750	0.3919	0.8900	0.1222s	0.3588	0.8980	0.8924
10
0134	0.1566	0.9750	0.3924	0.8920	0.1218s	0.3614	0.8940	0.8880
11
0135	0.1314	1.0000	0.3979	0.8860	0.1220s	0.3677	0.8930	0.8870
12
0136	0.1255	0.9583	0.4022	0.8900	0.1225s	0.3716	0.8890	0.8830
13
0137	0.1350	0.9750	0.3988	0.8920	0.1236s	0.3683	0.8890	0.8828
14
0138	0.1360	0.9833	0.3894	0.8920	0.1220s	0.3609	0.8950	0.8894
15
0139	0.1388	0.9833	0.3783	0.9020	0.1221s	0.3510	0.8990	0.8936
16
0140	0.1394	0.9833	0.3723	0.9100	0.1218s	0.3439	0.9030	0.8981
17
0141	0.1271	0.9917	0.3695	0.9080	0.1221s	0.3398	0.9030	0.8981
0
0142	0.1358	0.9833	0.3711	0.9140	0.1219s	0.3413	0.9070	0.9020
0
0143	0.1197	0.9917	0.3731	0.9080	0.1222s	0.3424	0.9070	0.9017
0
0144	0.1387	0.9583	0.3825	0.8980	0.1221s	0.3488	0.9040	0.8987
1
0145	0.1387	0.9667	0.3942	0.8920	0.1213s	0.3571	0.8990	0.8935
2
0146	0.1557	0.9833	0.4037	0.8900	0.1220s	0.3637	0.8950	0.8895
3
0147	0.1138	0.9750	0.4102	0.8860	0.1222s	0.3695	0.8920	0.8860
4
0148	0.1350	0.9750	0.4013	0.8900	0.1222s	0.3630	0.8970	0.8918
5
0149	0.1350	0.9750	0.3815	0.8920	0.1225s	0.3491	0.9000	0.8947
6
0150	0.1325	0.9750	0.3706	0.9080	0.1221s	0.3446	0.9040	0.8990
7
0151	0.1363	0.9833	0.3718	0.8980	0.1221s	0.3496	0.9020	0.8972
8
0152	0.1344	0.9917	0.3749	0.8980	0.1229s	0.3559	0.8970	0.8919
9
0153	0.1364	0.9833	0.3763	0.8960	0.1221s	0.3574	0.8980	0.8929
10
0154	0.1392	0.9833	0.3757	0.8960	0.1223s	0.3551	0.9040	0.8989
11
0155	0.1243	1.0000	0.3767	0.8960	0.1222s	0.3525	0.9010	0.8957
12
0156	0.1590	0.9750	0.3800	0.9000	0.1226s	0.3520	0.8990	0.8934
13
0157	0.1511	0.9750	0.3835	0.8960	0.1227s	0.3526	0.9020	0.8966
14
0158	0.1325	0.9833	0.3849	0.8960	0.1216s	0.3516	0.9030	0.8975
15
0159	0.1534	0.9917	0.3806	0.8980	0.1225s	0.3484	0.9020	0.8966
16
0160	0.1344	0.9833	0.3751	0.9060	0.1220s	0.3470	0.9020	0.8967
17
0161	0.1317	0.9750	0.3712	0.9080	0.1221s	0.3481	0.9060	0.9013
18
0162	0.1599	0.9917	0.3739	0.9020	0.1218s	0.3540	0.9060	0.9012
19
0163	0.1192	0.9917	0.3805	0.9020	0.1048s	0.3612	0.9030	0.8978
20
0164	0.1447	0.9833	0.3808	0.9020	0.1047s	0.3600	0.9030	0.8980
21
0165	0.1461	0.9833	0.3798	0.8980	0.1244s	0.3570	0.9020	0.8967
22
0166	0.1440	0.9833	0.3818	0.8960	0.1224s	0.3576	0.9000	0.8948
23
0167	0.1434	0.9417	0.3793	0.8960	0.1052s	0.3549	0.9000	0.8949
24
0168	0.1373	0.9917	0.3760	0.9020	0.1220s	0.3504	0.9020	0.8966
25
0169	0.1404	0.9667	0.3777	0.9020	0.1215s	0.3514	0.9020	0.8964
26
0170	0.1233	1.0000	0.3811	0.9000	0.1222s	0.3548	0.9040	0.8986
27
0171	0.1190	1.0000	0.3813	0.8980	0.1219s	0.3570	0.9050	0.8994
28
0172	0.1262	0.9750	0.3767	0.9020	0.1222s	0.3560	0.9030	0.8972
29
0173	0.1306	0.9750	0.3732	0.9040	0.1225s	0.3561	0.9030	0.8979
30
0174	0.1261	0.9833	0.3702	0.9060	0.1215s	0.3559	0.9030	0.8979
31
0175	0.1348	0.9667	0.3692	0.9080	0.1236s	0.3564	0.9040	0.8985
32
0176	0.1198	0.9917	0.3717	0.9060	0.1222s	0.3594	0.9020	0.8966
0
0177	0.1047	1.0000	0.3802	0.9020	0.1222s	0.3662	0.8990	0.8929
1
0178	0.1341	0.9833	0.3900	0.9020	0.1245s	0.3726	0.8990	0.8932
2
0179	0.1430	0.9917	0.3937	0.8980	0.1220s	0.3729	0.9010	0.8954
3
0180	0.1245	1.0000	0.3977	0.8960	0.1194s	0.3726	0.8960	0.8900
4
0181	0.1326	0.9917	0.3919	0.8940	0.1220s	0.3665	0.8990	0.8931
5
0182	0.1484	0.9833	0.3855	0.8960	0.1225s	0.3620	0.9000	0.8941
6
0183	0.1393	0.9917	0.3781	0.8960	0.1230s	0.3566	0.9050	0.8993
7
0184	0.1181	1.0000	0.3712	0.9000	0.1222s	0.3522	0.9080	0.9029
8
0185	0.1478	0.9750	0.3659	0.9020	0.1219s	0.3490	0.9090	0.9042
9
0186	0.1217	0.9833	0.3658	0.9040	0.1227s	0.3505	0.9080	0.9032
0
0187	0.1132	0.9917	0.3663	0.9060	0.1219s	0.3536	0.9100	0.9054
0
0188	0.1417	0.9833	0.3749	0.8980	0.1247s	0.3634	0.9060	0.9007
1
0189	0.1423	0.9833	0.3837	0.8940	0.1218s	0.3724	0.9000	0.8937
2
0190	0.1210	0.9917	0.3919	0.8940	0.1224s	0.3800	0.8990	0.8927
3
0191	0.1482	0.9583	0.3930	0.8940	0.1223s	0.3829	0.9020	0.8963
4
0192	0.1321	0.9833	0.3850	0.8960	0.1226s	0.3731	0.9020	0.8965
5
0193	0.1466	0.9833	0.3723	0.9000	0.1219s	0.3564	0.9110	0.9065
6
0194	0.1406	0.9833	0.3657	0.9060	0.1225s	0.3469	0.9110	0.9067
7
0195	0.1540	0.9833	0.3668	0.9040	0.1212s	0.3451	0.9100	0.9053
0
0196	0.1278	0.9750	0.3712	0.9040	0.1220s	0.3491	0.9060	0.9007
1
0197	0.1380	1.0000	0.3743	0.9020	0.1223s	0.3540	0.9060	0.9008
2
0198	0.1484	0.9667	0.3871	0.8940	0.1221s	0.3694	0.9040	0.8982
3
0199	0.1369	0.9750	0.4006	0.8900	0.1214s	0.3810	0.9010	0.8949
4
0200	0.1542	0.9833	0.4046	0.8880	0.1222s	0.3832	0.8990	0.8925
5
0201	0.1432	0.9833	0.3920	0.8920	0.1220s	0.3703	0.8950	0.8884
6
0202	0.1237	0.9750	0.3808	0.9000	0.1212s	0.3585	0.9010	0.8952
7
0203	0.1192	0.9917	0.3730	0.9020	0.1051s	0.3491	0.9050	0.8998
8
0204	0.1397	1.0000	0.3643	0.9000	0.1220s	0.3399	0.9090	0.9044
9
0205	0.1282	0.9833	0.3610	0.9080	0.1218s	0.3361	0.9100	0.9057
0
0206	0.1445	0.9833	0.3595	0.9080	0.1219s	0.3352	0.9140	0.9097
0
0207	0.1304	1.0000	0.3612	0.9080	0.1224s	0.3393	0.9130	0.9086
0
0208	0.1264	0.9917	0.3699	0.9000	0.1218s	0.3506	0.9080	0.9028
1
0209	0.1262	0.9917	0.3851	0.8960	0.1224s	0.3677	0.9000	0.8939
2
0210	0.1611	0.9667	0.3982	0.8900	0.1222s	0.3809	0.8960	0.8895
3
0211	0.1293	0.9833	0.4072	0.8880	0.1220s	0.3894	0.8950	0.8883
4
0212	0.1597	0.9833	0.3974	0.8920	0.1216s	0.3788	0.8960	0.8895
5
0213	0.1237	0.9833	0.3815	0.8980	0.1221s	0.3637	0.9030	0.8973
6
0214	0.1250	0.9750	0.3703	0.8960	0.1229s	0.3514	0.9080	0.9030
7
0215	0.1411	0.9917	0.3631	0.9040	0.1222s	0.3439	0.9120	0.9072
8
0216	0.1569	0.9167	0.3615	0.9080	0.1224s	0.3425	0.9120	0.9074
9
0217	0.1169	1.0000	0.3625	0.9080	0.1218s	0.3465	0.9120	0.9072
10
0218	0.1463	0.9750	0.3651	0.9060	0.1228s	0.3526	0.9080	0.9026
11
0219	0.1324	1.0000	0.3721	0.9020	0.1222s	0.3603	0.9050	0.8993
12
0220	0.1255	0.9833	0.3839	0.8900	0.1220s	0.3711	0.8970	0.8906
13
0221	0.1254	0.9833	0.3938	0.8860	0.1225s	0.3796	0.8950	0.8886
14
0222	0.1437	0.9750	0.3863	0.8900	0.1219s	0.3732	0.8940	0.8875
15
0223	0.1313	0.9917	0.3785	0.8940	0.1221s	0.3628	0.8940	0.8879
16
0224	0.1262	0.9833	0.3720	0.9000	0.1220s	0.3543	0.8980	0.8922
17
0225	0.1227	0.9750	0.3691	0.9020	0.1221s	0.3492	0.9020	0.8964
18
0226	0.1163	0.9833	0.3677	0.9020	0.1229s	0.3464	0.8980	0.8923
19
0227	0.1506	0.9667	0.3701	0.9020	0.1221s	0.3486	0.8990	0.8931
20
0228	0.1416	0.9750	0.3783	0.9000	0.1219s	0.3564	0.8990	0.8936
21
0229	0.1763	0.9667	0.3811	0.9020	0.1224s	0.3572	0.8990	0.8936
22
0230	0.1343	1.0000	0.3839	0.9040	0.1223s	0.3586	0.8980	0.8926
23
0231	0.1395	0.9750	0.3824	0.9020	0.1217s	0.3558	0.8980	0.8929
24
0232	0.1416	0.9833	0.3744	0.9020	0.1219s	0.3471	0.9000	0.8943
25
0233	0.1214	1.0000	0.3719	0.9060	0.1219s	0.3445	0.9040	0.8984
26
0234	0.1348	0.9667	0.3738	0.9040	0.1220s	0.3464	0.9060	0.9005
27
0235	0.1342	0.9833	0.3771	0.9000	0.1219s	0.3508	0.9070	0.9017
28
0236	0.1465	0.9833	0.3789	0.9040	0.1220s	0.3530	0.9080	0.9027
29
0237	0.1223	0.9833	0.3801	0.9040	0.1221s	0.3539	0.9060	0.9005
30
0238	0.1290	0.9750	0.3805	0.9040	0.1221s	0.3543	0.9040	0.8987
31
0239	0.1373	0.9750	0.3819	0.9060	0.1226s	0.3535	0.8990	0.8932
32
0240	0.1317	1.0000	0.3895	0.9000	0.1218s	0.3577	0.8970	0.8913
33
0241	0.1215	0.9833	0.3965	0.8960	0.1219s	0.3608	0.8970	0.8918
34
0242	0.1342	0.9917	0.3980	0.8960	0.1225s	0.3599	0.8990	0.8935
35
0243	0.1265	0.9833	0.3876	0.9020	0.1224s	0.3497	0.9060	0.9012
36
0244	0.1281	0.9917	0.3752	0.9060	0.1222s	0.3394	0.9060	0.9010
37
0245	0.1232	0.9750	0.3721	0.9060	0.1223s	0.3390	0.9080	0.9031
38
0246	0.1452	0.9750	0.3749	0.9020	0.1220s	0.3457	0.9090	0.9043
39
0247	0.1326	0.9500	0.3793	0.9000	0.1218s	0.3521	0.9050	0.9000
40
0248	0.1256	0.9750	0.3844	0.9020	0.1220s	0.3571	0.9040	0.8990
41
0249	0.1263	0.9917	0.3918	0.8940	0.1224s	0.3627	0.9000	0.8940
42
0250	0.1208	0.9750	0.3966	0.9000	0.1223s	0.3653	0.8980	0.8915
43
0251	0.1291	0.9833	0.3951	0.9040	0.1214s	0.3630	0.8980	0.8915
44
0252	0.1327	0.9750	0.3898	0.9020	0.1221s	0.3583	0.9030	0.8973
45
0253	0.1367	0.9917	0.3785	0.9060	0.1237s	0.3477	0.9040	0.8989
46
0254	0.1412	0.9750	0.3712	0.9000	0.1227s	0.3418	0.9060	0.9010
47
0255	0.1430	0.9833	0.3684	0.9100	0.1221s	0.3407	0.9090	0.9042
48
0256	0.1458	0.9833	0.3713	0.9040	0.1226s	0.3456	0.9060	0.9014
49
0257	0.1400	0.9833	0.3745	0.9020	0.1219s	0.3500	0.9050	0.9000
50
0258	0.1366	0.9750	0.3748	0.9020	0.1220s	0.3497	0.9090	0.9040
51
0259	0.1448	0.9833	0.3770	0.9060	0.1216s	0.3496	0.9060	0.9006
52
0260	0.1421	0.9833	0.3867	0.9000	0.1220s	0.3567	0.9010	0.8955
53
0261	0.1278	0.9917	0.3976	0.8940	0.1220s	0.3656	0.8980	0.8921
54
0262	0.1374	0.9667	0.4000	0.8960	0.1225s	0.3671	0.9000	0.8942
55
0263	0.1354	0.9583	0.3981	0.8980	0.1223s	0.3649	0.8990	0.8930
56
0264	0.1368	0.9750	0.3906	0.9020	0.1215s	0.3583	0.9020	0.8961
57
0265	0.1396	0.9667	0.3834	0.9040	0.1044s	0.3535	0.9070	0.9014
58
0266	0.1448	0.9917	0.3823	0.9080	0.1221s	0.3557	0.9090	0.9038
59
0267	0.1495	0.9583	0.3841	0.9080	0.1223s	0.3599	0.9080	0.9024
60
0268	0.1312	1.0000	0.3859	0.9080	0.1218s	0.3619	0.9100	0.9046
61
0269	0.1177	0.9917	0.3899	0.9060	0.1220s	0.3657	0.9090	0.9040
62
0270	0.1336	0.9667	0.3972	0.8940	0.1220s	0.3710	0.9050	0.9000
63
0271	0.1256	0.9833	0.4043	0.8920	0.1223s	0.3761	0.8990	0.8935
64
0272	0.1299	0.9750	0.4085	0.8920	0.1218s	0.3784	0.9010	0.8957
65
0273	0.1480	0.9750	0.4073	0.8960	0.1220s	0.3781	0.9000	0.8946
66
0274	0.1533	0.9833	0.3996	0.8940	0.1219s	0.3745	0.9000	0.8943
67
0275	0.1454	0.9917	0.3949	0.9020	0.1220s	0.3742	0.9030	0.8977
68
0276	0.1412	0.9833	0.3958	0.9040	0.1221s	0.3785	0.9060	0.9005
69
0277	0.1544	0.9917	0.3924	0.9060	0.1041s	0.3756	0.9070	0.9016
70
0278	0.1371	1.0000	0.3900	0.9080	0.1211s	0.3727	0.9080	0.9029
71
0279	0.1441	0.9583	0.3908	0.9040	0.1218s	0.3716	0.9070	0.9019
72
0280	0.1558	0.9917	0.3971	0.9000	0.1220s	0.3767	0.9020	0.8961
73
0281	0.1336	1.0000	0.4045	0.8960	0.1222s	0.3853	0.8980	0.8921
74
0282	0.1178	0.9833	0.4149	0.8920	0.1219s	0.3962	0.8950	0.8888
75
0283	0.1377	0.9833	0.4121	0.8900	0.1220s	0.3959	0.8970	0.8911
76
0284	0.1621	0.9667	0.4035	0.8940	0.1224s	0.3903	0.8990	0.8932
77
0285	0.1324	0.9667	0.3960	0.8940	0.1220s	0.3843	0.9010	0.8955
78
0286	0.1229	0.9917	0.3919	0.8920	0.1233s	0.3801	0.9080	0.9030
79
0287	0.1229	0.9833	0.3880	0.9020	0.1213s	0.3739	0.9050	0.9000
80
0288	0.1349	0.9917	0.3857	0.8980	0.1222s	0.3682	0.9040	0.8990
81
0289	0.1364	0.9667	0.3896	0.9000	0.1218s	0.3671	0.9060	0.9012
82
0290	0.1230	1.0000	0.3998	0.9040	0.1219s	0.3733	0.9010	0.8950
83
0291	0.1155	0.9833	0.4061	0.9040	0.1219s	0.3796	0.8990	0.8927
84
0292	0.1273	0.9917	0.4124	0.9000	0.1217s	0.3864	0.9000	0.8939
85
0293	0.1218	0.9750	0.4099	0.9040	0.1213s	0.3867	0.8960	0.8894
86
0294	0.1435	0.9833	0.3968	0.9020	0.1221s	0.3785	0.9000	0.8940
87
0295	0.1223	0.9917	0.3884	0.8920	0.1221s	0.3756	0.9030	0.8976
88
0296	0.1322	0.9750	0.3824	0.8940	0.1223s	0.3736	0.9020	0.8968
89
0297	0.1372	0.9833	0.3818	0.8900	0.1223s	0.3758	0.9010	0.8960
90
0298	0.1425	0.9667	0.3823	0.8940	0.1235s	0.3750	0.9050	0.9000
91
0299	0.1243	0.9833	0.3855	0.8920	0.1217s	0.3758	0.9020	0.8965
92
0300	0.1419	0.9750	0.3922	0.9020	0.1215s	0.3760	0.8970	0.8914
93
0301	0.1558	0.9417	0.3917	0.9040	0.1221s	0.3689	0.8960	0.8900
94
0302	0.1198	0.9833	0.3921	0.9020	0.1213s	0.3651	0.8950	0.8888
95
0303	0.1406	1.0000	0.3876	0.9040	0.1219s	0.3597	0.9010	0.8955
96
0304	0.1547	0.9917	0.3780	0.9020	0.1224s	0.3535	0.9050	0.9000
97
0305	0.1300	0.9583	0.3672	0.9040	0.1219s	0.3494	0.9090	0.9045
98
0306	0.1325	0.9667	0.3645	0.8960	0.1222s	0.3533	0.9070	0.9024
99
0307	0.1420	0.9917	0.3654	0.8960	0.1224s	0.3571	0.9030	0.8979
100
0308	0.1350	0.9833	0.3679	0.8960	0.1220s	0.3607	0.9030	0.8980
101
0309	0.1444	0.9750	0.3699	0.9000	0.1215s	0.3610	0.9000	0.8945
102
0310	0.1335	0.9833	0.3722	0.8980	0.1221s	0.3600	0.9000	0.8948
103
0311	0.1418	0.9833	0.3788	0.9000	0.1224s	0.3635	0.8970	0.8915
104
0312	0.1418	0.9667	0.3892	0.9000	0.1222s	0.3698	0.8950	0.8891
105
0313	0.1329	0.9750	0.3916	0.9020	0.1216s	0.3701	0.8980	0.8917
106
0314	0.1442	0.9750	0.3845	0.8960	0.1214s	0.3636	0.9000	0.8938
107
0315	0.1369	1.0000	0.3746	0.8980	0.1219s	0.3557	0.9030	0.8973
108
0316	0.1371	0.9750	0.3672	0.8980	0.1218s	0.3515	0.9060	0.9009
109
0317	0.1219	0.9833	0.3639	0.8960	0.1216s	0.3526	0.9090	0.9039
110
0318	0.1417	0.9667	0.3660	0.8940	0.1219s	0.3601	0.9070	0.9017
111
0319	0.1523	0.9833	0.3731	0.8900	0.1220s	0.3723	0.9000	0.8938
112
0320	0.1256	1.0000	0.3748	0.8900	0.1241s	0.3758	0.8960	0.8897
113
0321	0.1249	0.9917	0.3728	0.8940	0.1219s	0.3740	0.8950	0.8889
114
0322	0.1496	0.9833	0.3720	0.8920	0.1234s	0.3680	0.8970	0.8918
115
0323	0.1259	1.0000	0.3739	0.9040	0.1221s	0.3622	0.9000	0.8944
116
0324	0.1222	0.9833	0.3837	0.9020	0.1223s	0.3643	0.8990	0.8931
117
0325	0.1166	0.9750	0.3869	0.9020	0.1217s	0.3639	0.8990	0.8929
118
0326	0.1455	0.9750	0.3841	0.8960	0.1218s	0.3643	0.9020	0.8964
119
0327	0.1251	1.0000	0.3879	0.8940	0.1223s	0.3737	0.8960	0.8900
120
0328	0.1086	0.9917	0.3915	0.8940	0.1219s	0.3816	0.8910	0.8839
121
0329	0.1287	0.9750	0.3928	0.8940	0.1223s	0.3865	0.8990	0.8927
122
0330	0.1420	0.9750	0.3865	0.8940	0.1226s	0.3826	0.9000	0.8938
123
0331	0.1700	0.9750	0.3774	0.8920	0.1218s	0.3737	0.9000	0.8941
124
0332	0.1177	1.0000	0.3700	0.8940	0.1219s	0.3644	0.9030	0.8976
125
0333	0.1365	0.9833	0.3676	0.8980	0.1218s	0.3578	0.9080	0.9031
126
0334	0.1341	0.9667	0.3713	0.9000	0.1228s	0.3601	0.9060	0.9009
127
0335	0.1323	0.9833	0.3772	0.8960	0.1242s	0.3655	0.9060	0.9008
128
0336	0.1303	0.9750	0.3852	0.8920	0.1048s	0.3727	0.9000	0.8944
129
0337	0.1263	0.9917	0.3916	0.8900	0.1218s	0.3789	0.8990	0.8929
130
0338	0.1458	0.9750	0.3989	0.8900	0.1221s	0.3864	0.9000	0.8938
131
0339	0.1336	0.9833	0.4038	0.8880	0.1221s	0.3922	0.9000	0.8938
132
0340	0.1243	0.9833	0.4072	0.8920	0.1223s	0.3968	0.8990	0.8930
133
0341	0.1352	0.9917	0.4040	0.8980	0.1226s	0.3938	0.8990	0.8930
134
0342	0.1471	0.9750	0.3922	0.8980	0.1218s	0.3805	0.9010	0.8957
135
0343	0.1316	0.9667	0.3837	0.9020	0.1220s	0.3692	0.9040	0.8990
136
0344	0.1277	0.9833	0.3808	0.9040	0.1222s	0.3656	0.9060	0.9012
137
0345	0.1165	0.9833	0.3842	0.9000	0.1220s	0.3686	0.9060	0.9006
138
0346	0.1270	1.0000	0.3907	0.8940	0.1214s	0.3752	0.9000	0.8944
139
0347	0.1325	0.9833	0.3993	0.8860	0.1220s	0.3821	0.8980	0.8923
140
0348	0.1386	0.9750	0.4044	0.8880	0.1220s	0.3878	0.8970	0.8910
141
0349	0.1084	0.9833	0.4065	0.8880	0.1223s	0.3908	0.8970	0.8911
142
0350	0.1298	0.9750	0.4008	0.8960	0.1218s	0.3871	0.8980	0.8925
143
0351	0.1500	0.9833	0.3986	0.9000	0.1218s	0.3852	0.9010	0.8956
144
0352	0.1272	0.9750	0.4003	0.8920	0.1222s	0.3866	0.9010	0.8953
145
0353	0.1306	0.9583	0.4007	0.8960	0.1245s	0.3872	0.9000	0.8946
146
0354	0.1316	0.9750	0.4011	0.9000	0.1222s	0.3881	0.9040	0.8986
147
0355	0.1194	0.9833	0.3956	0.8980	0.1218s	0.3820	0.9060	0.9008
148
0356	0.1235	1.0000	0.3927	0.9000	0.1223s	0.3781	0.9040	0.8987
149
0357	0.1433	1.0000	0.3906	0.9020	0.1216s	0.3747	0.9000	0.8943
150
0358	0.1173	0.9833	0.3906	0.9000	0.1221s	0.3760	0.9000	0.8943
151
0359	0.1533	0.9667	0.3907	0.9020	0.1214s	0.3812	0.9000	0.8943
152
0360	0.1210	0.9833	0.3933	0.8980	0.1222s	0.3892	0.8980	0.8920
153
0361	0.1186	0.9833	0.4013	0.8960	0.1217s	0.4012	0.8960	0.8900
154
0362	0.1181	0.9667	0.4089	0.8900	0.1213s	0.4103	0.8920	0.8858
155
0363	0.1168	1.0000	0.4123	0.8880	0.1223s	0.4123	0.8920	0.8857
156
0364	0.1303	0.9833	0.4113	0.8880	0.1220s	0.4078	0.8920	0.8858
157
0365	0.1458	0.9750	0.4057	0.8920	0.1224s	0.3967	0.8970	0.8911
158
0366	0.1329	0.9917	0.4020	0.8940	0.1220s	0.3889	0.8970	0.8909
159
0367	0.1307	0.9917	0.3949	0.8960	0.1220s	0.3793	0.9000	0.8944
160
0368	0.1447	0.9667	0.3892	0.9020	0.1221s	0.3730	0.9010	0.8957
161
0369	0.1264	0.9833	0.3871	0.9040	0.1218s	0.3720	0.9010	0.8958
162
0370	0.1490	0.9750	0.3849	0.9060	0.1218s	0.3726	0.9050	0.8998
163
0371	0.1465	0.9667	0.3855	0.8980	0.1221s	0.3761	0.9070	0.9022
164
0372	0.1151	0.9917	0.3858	0.9000	0.1229s	0.3781	0.9000	0.8939
165
0373	0.1371	0.9750	0.3864	0.8940	0.1218s	0.3797	0.9010	0.8952
166
0374	0.1533	0.9750	0.3905	0.8920	0.1220s	0.3833	0.8990	0.8931
167
0375	0.1258	0.9750	0.3981	0.8900	0.1044s	0.3922	0.8970	0.8909
168
0376	0.1258	0.9667	0.3958	0.8900	0.1230s	0.3911	0.8980	0.8921
169
0377	0.1223	0.9833	0.3908	0.8960	0.1225s	0.3861	0.8980	0.8919
170
0378	0.1227	0.9500	0.3856	0.9020	0.1221s	0.3822	0.9000	0.8943
171
0379	0.1320	0.9833	0.3874	0.9000	0.1214s	0.3834	0.9030	0.8977
172
0380	0.1295	0.9833	0.3952	0.9020	0.1218s	0.3896	0.9060	0.9004
173
0381	0.1501	0.9667	0.3933	0.8960	0.1221s	0.3862	0.9070	0.9013
174
0382	0.1263	0.9917	0.3926	0.9000	0.1219s	0.3836	0.9050	0.8988
175
0383	0.1305	0.9833	0.3976	0.8960	0.1218s	0.3866	0.9000	0.8934
176
0384	0.1500	0.9667	0.4058	0.8880	0.1226s	0.3927	0.8960	0.8898
177
0385	0.1476	0.9667	0.4084	0.8880	0.1222s	0.3939	0.8960	0.8902
178
0386	0.1352	0.9750	0.4055	0.8860	0.1222s	0.3906	0.8940	0.8877
179
0387	0.1537	0.9750	0.3926	0.8900	0.1223s	0.3771	0.8970	0.8908
180
0388	0.1335	0.9917	0.3790	0.9000	0.1225s	0.3610	0.9010	0.8953
181
0389	0.1240	0.9667	0.3764	0.9080	0.1221s	0.3544	0.9050	0.8996
182
0390	0.1384	0.9833	0.3785	0.9060	0.1226s	0.3548	0.9050	0.8999
183
0391	0.1410	0.9667	0.3846	0.9020	0.1232s	0.3604	0.9060	0.9007
184
0392	0.1331	0.9750	0.3929	0.9020	0.1221s	0.3685	0.9020	0.8964
185
0393	0.1556	0.9750	0.4013	0.8960	0.1216s	0.3770	0.9000	0.8938
186
0394	0.1346	0.9833	0.4012	0.8920	0.1223s	0.3766	0.9020	0.8957
187
0395	0.1413	0.9750	0.3952	0.8940	0.1224s	0.3721	0.9010	0.8950
188
0396	0.1258	0.9917	0.3894	0.8960	0.1216s	0.3675	0.9020	0.8965
189
0397	0.1314	0.9833	0.3839	0.8920	0.1212s	0.3630	0.8990	0.8938
190
0398	0.1232	0.9833	0.3778	0.8960	0.1220s	0.3568	0.8990	0.8937
191
0399	0.1249	0.9917	0.3771	0.9000	0.1219s	0.3554	0.9000	0.8944
192
0400	0.1115	0.9917	0.3825	0.8960	0.1217s	0.3601	0.9000	0.8941
193
0401	0.1311	0.9833	0.3940	0.8880	0.1214s	0.3695	0.8950	0.8890
194
0402	0.1418	0.9833	0.4016	0.8860	0.1215s	0.3766	0.8970	0.8912
195
0403	0.1382	0.9667	0.4076	0.8860	0.1216s	0.3824	0.8980	0.8917
196
0404	0.1378	0.9667	0.4081	0.8800	0.1219s	0.3838	0.8980	0.8914
197
0405	0.1222	1.0000	0.4063	0.8800	0.1218s	0.3841	0.8990	0.8922
198
0406	0.1268	0.9750	0.4091	0.8800	0.1218s	0.3878	0.9010	0.8945
199
Early stop! Min loss:0.3595370948314667,  Max accuracy:0.914
Early stop model validation loss:0.3595370948314667,  accuracy:0.908
Optimization Finished!
Total time elapsed: 49.9785s
test max acc:0.9140
Loading 205th epoch
stru_node_to_hop attention:tensor([[0.2489, 0.2514, 0.2500, 0.2497],
        [0.2506, 0.2497, 0.2499, 0.2499],
        [0.2492, 0.2505, 0.2502, 0.2501],
        [0.2478, 0.2507, 0.2507, 0.2508],
        [0.2479, 0.2507, 0.2507, 0.2507],
        [0.2496, 0.2503, 0.2501, 0.2500],
        [0.2483, 0.2511, 0.2503, 0.2503],
        [0.2498, 0.2502, 0.2500, 0.2499],
        [0.2488, 0.2508, 0.2502, 0.2501],
        [0.2486, 0.2504, 0.2506, 0.2504],
        [0.2501, 0.2501, 0.2500, 0.2499],
        [0.2499, 0.2502, 0.2500, 0.2498],
        [0.2500, 0.2500, 0.2500, 0.2500],
        [0.2497, 0.2504, 0.2501, 0.2498],
        [0.2492, 0.2501, 0.2503, 0.2504],
        [0.2504, 0.2506, 0.2498, 0.2492],
        [0.2499, 0.2501, 0.2500, 0.2499],
        [0.2482, 0.2518, 0.2503, 0.2497],
        [0.2499, 0.2500, 0.2500, 0.2500],
        [0.2508, 0.2499, 0.2497, 0.2496],
        [0.2495, 0.2502, 0.2502, 0.2502],
        [0.2487, 0.2515, 0.2500, 0.2499],
        [0.2504, 0.2497, 0.2499, 0.2500],
        [0.2487, 0.2507, 0.2504, 0.2503],
        [0.2501, 0.2501, 0.2500, 0.2499],
        [0.2476, 0.2512, 0.2507, 0.2505],
        [0.2490, 0.2505, 0.2503, 0.2502],
        [0.2492, 0.2508, 0.2501, 0.2499],
        [0.2504, 0.2499, 0.2499, 0.2499],
        [0.2488, 0.2512, 0.2501, 0.2499],
        [0.2485, 0.2509, 0.2504, 0.2502],
        [0.2489, 0.2503, 0.2504, 0.2504],
        [0.2479, 0.2511, 0.2506, 0.2504],
        [0.2493, 0.2504, 0.2502, 0.2501],
        [0.2480, 0.2502, 0.2508, 0.2510],
        [0.2495, 0.2505, 0.2500, 0.2500],
        [0.2502, 0.2497, 0.2501, 0.2500],
        [0.2482, 0.2507, 0.2505, 0.2505],
        [0.2490, 0.2505, 0.2503, 0.2502],
        [0.2502, 0.2503, 0.2498, 0.2496],
        [0.2495, 0.2501, 0.2502, 0.2502],
        [0.2506, 0.2499, 0.2498, 0.2497],
        [0.2488, 0.2508, 0.2502, 0.2501],
        [0.2497, 0.2501, 0.2501, 0.2501],
        [0.2466, 0.2517, 0.2510, 0.2507],
        [0.1480, 0.1894, 0.2757, 0.3869],
        [0.2498, 0.2501, 0.2501, 0.2500],
        [0.2474, 0.2515, 0.2506, 0.2505],
        [0.2489, 0.2505, 0.2503, 0.2502],
        [0.2502, 0.2499, 0.2499, 0.2499],
        [0.2489, 0.2503, 0.2504, 0.2504],
        [0.2495, 0.2504, 0.2501, 0.2501],
        [0.2500, 0.2500, 0.2500, 0.2500],
        [0.2501, 0.2499, 0.2500, 0.2500],
        [0.2490, 0.2502, 0.2504, 0.2503],
        [0.2481, 0.2507, 0.2505, 0.2507],
        [0.2510, 0.2506, 0.2495, 0.2489],
        [0.2473, 0.2514, 0.2507, 0.2506],
        [0.2478, 0.2512, 0.2507, 0.2503],
        [0.2495, 0.2507, 0.2500, 0.2498],
        [0.2493, 0.2507, 0.2502, 0.2498],
        [0.2494, 0.2508, 0.2500, 0.2499],
        [0.2485, 0.2509, 0.2504, 0.2502],
        [0.2490, 0.2509, 0.2501, 0.2499],
        [0.2501, 0.2500, 0.2499, 0.2499],
        [0.2481, 0.2503, 0.2508, 0.2508],
        [0.2480, 0.2512, 0.2505, 0.2503],
        [0.2463, 0.2511, 0.2512, 0.2514],
        [0.2501, 0.2500, 0.2500, 0.2500],
        [0.2492, 0.2504, 0.2502, 0.2501],
        [0.2480, 0.2522, 0.2501, 0.2498],
        [0.2501, 0.2498, 0.2501, 0.2501],
        [0.2490, 0.2506, 0.2504, 0.2500],
        [0.2497, 0.2510, 0.2499, 0.2495],
        [0.2500, 0.2500, 0.2500, 0.2500],
        [0.2494, 0.2505, 0.2501, 0.2500],
        [0.2485, 0.2515, 0.2501, 0.2499],
        [0.2517, 0.2486, 0.2498, 0.2499],
        [0.2484, 0.2505, 0.2506, 0.2505],
        [0.2490, 0.2504, 0.2503, 0.2503],
        [0.2506, 0.2498, 0.2499, 0.2496],
        [0.2493, 0.2505, 0.2502, 0.2500],
        [0.2504, 0.2498, 0.2499, 0.2499],
        [0.2498, 0.2501, 0.2501, 0.2501],
        [0.2497, 0.2502, 0.2501, 0.2500],
        [0.2498, 0.2500, 0.2501, 0.2501],
        [0.2498, 0.2501, 0.2501, 0.2501],
        [0.2488, 0.2508, 0.2503, 0.2501],
        [0.2485, 0.2514, 0.2502, 0.2499],
        [0.2501, 0.2501, 0.2499, 0.2499],
        [0.2498, 0.2503, 0.2500, 0.2499],
        [0.2498, 0.2501, 0.2501, 0.2501],
        [0.2499, 0.2500, 0.2500, 0.2500],
        [0.2491, 0.2503, 0.2503, 0.2503],
        [0.2489, 0.2507, 0.2503, 0.2501],
        [0.2499, 0.2501, 0.2500, 0.2500],
        [0.2501, 0.2499, 0.2500, 0.2500],
        [0.2492, 0.2502, 0.2503, 0.2502],
        [0.2495, 0.2505, 0.2500, 0.2499],
        [0.2507, 0.2500, 0.2498, 0.2495]], device='cuda:1')
fea_node_to_hop attention:tensor([[0.3287, 0.3357, 0.3357],
        [0.3349, 0.3327, 0.3324],
        [0.3314, 0.3347, 0.3339],
        [0.3324, 0.3336, 0.3340],
        [0.3330, 0.3329, 0.3341],
        [0.3317, 0.3341, 0.3342],
        [0.3256, 0.3358, 0.3386],
        [0.3317, 0.3331, 0.3352],
        [0.3322, 0.3334, 0.3344],
        [0.3308, 0.3334, 0.3358],
        [0.3341, 0.3330, 0.3330],
        [0.3314, 0.3339, 0.3347],
        [0.3329, 0.3333, 0.3338],
        [0.3316, 0.3339, 0.3346],
        [0.3311, 0.3345, 0.3345],
        [0.3304, 0.3343, 0.3352],
        [0.3326, 0.3328, 0.3346],
        [0.3314, 0.3326, 0.3360],
        [0.3330, 0.3332, 0.3338],
        [0.3339, 0.3327, 0.3334],
        [0.3318, 0.3344, 0.3338],
        [0.3306, 0.3340, 0.3355],
        [0.3347, 0.3324, 0.3329],
        [0.3330, 0.3337, 0.3333],
        [0.3332, 0.3333, 0.3335],
        [0.3313, 0.3334, 0.3353],
        [0.3316, 0.3337, 0.3346],
        [0.3302, 0.3337, 0.3360],
        [0.3301, 0.3339, 0.3360],
        [0.3343, 0.3314, 0.3342],
        [0.3289, 0.3348, 0.3363],
        [0.3309, 0.3352, 0.3339],
        [0.3305, 0.3341, 0.3353],
        [0.3329, 0.3325, 0.3346],
        [0.3297, 0.3351, 0.3353],
        [0.3296, 0.3341, 0.3363],
        [0.3318, 0.3334, 0.3347],
        [0.3335, 0.3332, 0.3332],
        [0.3323, 0.3332, 0.3346],
        [0.3303, 0.3358, 0.3339],
        [0.3305, 0.3345, 0.3350],
        [0.3350, 0.3318, 0.3332],
        [0.3303, 0.3341, 0.3356],
        [0.3338, 0.3331, 0.3331],
        [0.3317, 0.3347, 0.3336],
        [0.3280, 0.3306, 0.3414],
        [0.3338, 0.3331, 0.3331],
        [0.3290, 0.3351, 0.3359],
        [0.3328, 0.3324, 0.3348],
        [0.3340, 0.3332, 0.3328],
        [0.3325, 0.3339, 0.3336],
        [0.3323, 0.3337, 0.3340],
        [0.3332, 0.3334, 0.3334],
        [0.3324, 0.3325, 0.3351],
        [0.3337, 0.3322, 0.3341],
        [0.3329, 0.3332, 0.3339],
        [0.3308, 0.3351, 0.3341],
        [0.3257, 0.3367, 0.3376],
        [0.3347, 0.3315, 0.3337],
        [0.3342, 0.3318, 0.3341],
        [0.3313, 0.3342, 0.3344],
        [0.3268, 0.3362, 0.3370],
        [0.3306, 0.3348, 0.3346],
        [0.3337, 0.3327, 0.3336],
        [0.3329, 0.3334, 0.3337],
        [0.3288, 0.3358, 0.3354],
        [0.3310, 0.3350, 0.3340],
        [0.3294, 0.3347, 0.3359],
        [0.3335, 0.3332, 0.3334],
        [0.3316, 0.3339, 0.3345],
        [0.3270, 0.3363, 0.3366],
        [0.3327, 0.3333, 0.3340],
        [0.3261, 0.3356, 0.3383],
        [0.3306, 0.3336, 0.3358],
        [0.3333, 0.3333, 0.3333],
        [0.3310, 0.3336, 0.3354],
        [0.3309, 0.3335, 0.3356],
        [0.3286, 0.3351, 0.3364],
        [0.3292, 0.3352, 0.3356],
        [0.3332, 0.3330, 0.3337],
        [0.3331, 0.3334, 0.3335],
        [0.3301, 0.3349, 0.3350],
        [0.3316, 0.3340, 0.3344],
        [0.3334, 0.3334, 0.3332],
        [0.3328, 0.3333, 0.3339],
        [0.3308, 0.3341, 0.3351],
        [0.3325, 0.3337, 0.3338],
        [0.3323, 0.3330, 0.3346],
        [0.3300, 0.3346, 0.3354],
        [0.3310, 0.3338, 0.3351],
        [0.3275, 0.3364, 0.3361],
        [0.3323, 0.3339, 0.3338],
        [0.3334, 0.3334, 0.3332],
        [0.3303, 0.3354, 0.3343],
        [0.3292, 0.3350, 0.3358],
        [0.3328, 0.3334, 0.3338],
        [0.3335, 0.3332, 0.3333],
        [0.3317, 0.3340, 0.3343],
        [0.3330, 0.3327, 0.3343],
        [0.3304, 0.3344, 0.3352]], device='cuda:1')
perception attention:tensor([0.5000, 0.5000], device='cuda:1')
Test set results: loss= 0.3352 accuracy= 0.9140 F1_score= 0.9097
