# epoch	loss_train	acc_train	loss_val	acc_val	time	acc_test	f1_test
0001	1.7985	0.1500	1.6891	0.4400	0.1214s	1.6773	0.4690	0.3176
0
0002	1.6884	0.4083	1.5403	0.4920	0.1235s	1.5148	0.5170	0.3479
0
0003	1.5310	0.4583	1.3667	0.5840	0.1219s	1.3369	0.6150	0.5436
0
0004	1.3387	0.6000	1.1765	0.8280	0.1045s	1.1494	0.8220	0.8088
0
0005	1.1491	0.8000	1.0064	0.8660	0.1244s	0.9826	0.8630	0.8553
0
0006	0.9769	0.8250	0.8638	0.8340	0.1226s	0.8435	0.8450	0.8385
0
0007	0.8335	0.8583	0.7343	0.8580	0.1222s	0.7164	0.8690	0.8615
0
0008	0.7287	0.8750	0.6316	0.8880	0.1229s	0.6127	0.8800	0.8724
0
0009	0.6189	0.8667	0.5595	0.8940	0.1059s	0.5401	0.8930	0.8848
0
0010	0.5051	0.8500	0.5011	0.8980	0.1218s	0.4803	0.8920	0.8843
0
0011	0.4565	0.9167	0.4569	0.9020	0.1219s	0.4339	0.8970	0.8906
0
0012	0.3833	0.9333	0.4330	0.8960	0.1247s	0.4067	0.8920	0.8850
0
0013	0.3680	0.9000	0.4194	0.8940	0.1219s	0.3911	0.8900	0.8826
0
0014	0.3284	0.9417	0.4079	0.8880	0.1048s	0.3780	0.8890	0.8818
0
0015	0.2716	0.9583	0.3943	0.8900	0.1222s	0.3642	0.8920	0.8852
0
0016	0.2865	0.9000	0.3893	0.8900	0.1219s	0.3581	0.8950	0.8882
0
0017	0.2447	0.9417	0.3819	0.8940	0.1217s	0.3500	0.8970	0.8907
0
0018	0.2410	0.9583	0.3789	0.8940	0.1224s	0.3460	0.9030	0.8973
0
0019	0.2246	0.9417	0.3819	0.8940	0.1219s	0.3486	0.9060	0.9004
0
0020	0.1997	0.9583	0.3862	0.8900	0.1045s	0.3524	0.9030	0.8973
1
0021	0.2162	0.9500	0.3918	0.8900	0.1192s	0.3576	0.8970	0.8908
2
0022	0.2107	0.9667	0.3951	0.8860	0.1246s	0.3610	0.8900	0.8836
3
0023	0.2021	0.9583	0.4015	0.8820	0.1221s	0.3684	0.8850	0.8778
4
0024	0.1949	0.9917	0.3994	0.8880	0.1215s	0.3676	0.8840	0.8760
5
0025	0.1759	0.9750	0.4044	0.8760	0.1076s	0.3738	0.8870	0.8791
6
0026	0.2177	0.9667	0.4023	0.8760	0.1218s	0.3725	0.8880	0.8802
7
0027	0.1674	0.9417	0.3997	0.8840	0.1219s	0.3697	0.8880	0.8803
8
0028	0.2049	0.9583	0.3994	0.8920	0.1220s	0.3690	0.8890	0.8815
9
0029	0.1716	0.9917	0.4014	0.8920	0.1219s	0.3710	0.8890	0.8815
10
0030	0.1671	0.9917	0.4059	0.8900	0.1223s	0.3752	0.8840	0.8762
11
0031	0.1634	0.9750	0.4146	0.8860	0.1219s	0.3831	0.8830	0.8753
12
0032	0.1638	0.9500	0.4218	0.8860	0.1222s	0.3899	0.8810	0.8737
13
0033	0.1854	0.9417	0.4203	0.8860	0.1226s	0.3888	0.8820	0.8748
14
0034	0.1792	0.9583	0.4116	0.8880	0.1218s	0.3806	0.8850	0.8779
15
0035	0.1375	0.9833	0.4019	0.8920	0.1219s	0.3712	0.8890	0.8819
16
0036	0.1867	0.9833	0.3967	0.8900	0.1237s	0.3677	0.8930	0.8865
17
0037	0.1810	0.9833	0.3939	0.8860	0.1219s	0.3668	0.8950	0.8889
18
0038	0.1721	0.9917	0.3966	0.8860	0.1225s	0.3704	0.8940	0.8880
19
0039	0.1646	0.9667	0.4005	0.8840	0.1222s	0.3750	0.8940	0.8880
20
0040	0.1517	0.9667	0.4037	0.8840	0.1219s	0.3778	0.8940	0.8872
21
0041	0.1607	0.9667	0.3999	0.8900	0.1228s	0.3718	0.8940	0.8870
22
0042	0.1617	0.9833	0.3938	0.8920	0.1222s	0.3632	0.8960	0.8894
23
0043	0.1609	0.9667	0.3916	0.8900	0.1225s	0.3594	0.8930	0.8866
24
0044	0.1518	0.9917	0.3925	0.8980	0.1225s	0.3595	0.8960	0.8899
25
0045	0.1486	0.9750	0.3970	0.8920	0.1220s	0.3643	0.8960	0.8901
26
0046	0.1746	0.9583	0.3991	0.8960	0.1223s	0.3682	0.8920	0.8861
27
0047	0.1828	0.9750	0.3955	0.8920	0.1217s	0.3672	0.8910	0.8850
28
0048	0.1726	0.9583	0.3922	0.8940	0.1223s	0.3668	0.8980	0.8925
29
0049	0.1709	0.9833	0.3929	0.8880	0.1218s	0.3690	0.9000	0.8940
30
0050	0.1476	0.9917	0.4004	0.8860	0.1226s	0.3766	0.8990	0.8924
31
0051	0.1458	0.9917	0.4045	0.8840	0.1221s	0.3801	0.8950	0.8881
32
0052	0.1612	0.9917	0.4017	0.8860	0.1217s	0.3760	0.8920	0.8848
33
0053	0.1351	0.9833	0.3981	0.8900	0.1222s	0.3714	0.8950	0.8881
34
0054	0.1430	0.9917	0.3952	0.8920	0.1222s	0.3671	0.8960	0.8895
35
0055	0.1686	0.9500	0.3930	0.8940	0.0981s	0.3635	0.8910	0.8843
36
0056	0.1644	0.9833	0.3931	0.8960	0.1140s	0.3614	0.8950	0.8891
37
0057	0.1433	0.9667	0.3949	0.8920	0.1219s	0.3622	0.8930	0.8869
38
0058	0.1423	0.9583	0.3994	0.8880	0.1222s	0.3665	0.8910	0.8843
39
0059	0.1611	0.9917	0.4000	0.8840	0.1232s	0.3678	0.8930	0.8862
40
0060	0.1569	0.9833	0.3944	0.8880	0.1173s	0.3627	0.8990	0.8923
41
0061	0.1671	0.9833	0.3891	0.8920	0.1091s	0.3557	0.9000	0.8938
42
0062	0.1713	1.0000	0.3848	0.8960	0.1172s	0.3497	0.9020	0.8961
43
0063	0.1484	0.9833	0.3841	0.8960	0.1052s	0.3482	0.9050	0.8991
44
0064	0.1584	0.9417	0.3804	0.8980	0.1178s	0.3451	0.9060	0.9004
45
0065	0.1564	0.9917	0.3781	0.9020	0.1125s	0.3436	0.9000	0.8943
46
0066	0.1533	0.9750	0.3771	0.9000	0.1200s	0.3441	0.8990	0.8931
0
0067	0.1530	0.9583	0.3765	0.8980	0.1205s	0.3435	0.8990	0.8933
0
0068	0.1624	0.9750	0.3775	0.9000	0.1197s	0.3427	0.8990	0.8934
0
0069	0.1520	0.9833	0.3811	0.8980	0.1108s	0.3456	0.8970	0.8913
1
0070	0.1584	1.0000	0.3861	0.8960	0.1046s	0.3516	0.8980	0.8927
2
0071	0.1462	0.9833	0.3933	0.8900	0.1196s	0.3592	0.8930	0.8869
3
0072	0.1375	0.9750	0.4021	0.8820	0.1228s	0.3688	0.8890	0.8821
4
0073	0.1584	0.9833	0.4168	0.8800	0.1135s	0.3836	0.8830	0.8750
5
0074	0.1639	1.0000	0.4150	0.8760	0.1249s	0.3828	0.8840	0.8761
6
0075	0.1498	0.9750	0.3989	0.8880	0.1096s	0.3670	0.8930	0.8859
7
0076	0.1504	0.9750	0.3831	0.8940	0.1173s	0.3498	0.9040	0.8980
8
0077	0.1648	0.9750	0.3730	0.9020	0.1162s	0.3373	0.9030	0.8971
9
0078	0.1579	1.0000	0.3693	0.9020	0.1201s	0.3317	0.9050	0.8999
0
0079	0.1527	0.9750	0.3712	0.9000	0.1140s	0.3348	0.9050	0.8997
0
0080	0.1339	0.9750	0.3785	0.9020	0.1090s	0.3419	0.9030	0.8973
1
0081	0.1582	0.9833	0.3966	0.8880	0.1044s	0.3591	0.8920	0.8852
0
0082	0.1507	0.9333	0.4105	0.8820	0.1197s	0.3713	0.8870	0.8800
1
0083	0.1434	0.9917	0.4150	0.8820	0.1224s	0.3740	0.8890	0.8817
2
0084	0.1175	0.9917	0.4105	0.8860	0.1188s	0.3698	0.8910	0.8838
3
0085	0.1377	0.9833	0.4064	0.8860	0.1226s	0.3659	0.8910	0.8834
4
0086	0.1557	0.9583	0.3960	0.8900	0.1047s	0.3561	0.9000	0.8937
5
0087	0.1342	0.9917	0.3824	0.9000	0.1110s	0.3419	0.9040	0.8982
6
0088	0.1463	0.9833	0.3765	0.9040	0.1047s	0.3359	0.9040	0.8985
7
0089	0.1376	0.9833	0.3746	0.9020	0.1131s	0.3347	0.9060	0.9009
0
0090	0.1642	0.9750	0.3728	0.9000	0.1223s	0.3324	0.9060	0.9005
1
0091	0.1608	0.9750	0.3761	0.9000	0.1045s	0.3324	0.9070	0.9015
2
0092	0.1406	0.9750	0.3816	0.9020	0.1300s	0.3372	0.9040	0.8982
3
0093	0.1277	0.9750	0.3884	0.8980	0.1386s	0.3458	0.9010	0.8951
4
0094	0.1375	0.9917	0.3979	0.8960	0.1243s	0.3583	0.8980	0.8912
5
0095	0.1596	0.9750	0.3998	0.8940	0.1317s	0.3622	0.9010	0.8942
6
0096	0.1609	0.9917	0.3914	0.9020	0.1312s	0.3549	0.9050	0.8990
7
0097	0.1396	0.9917	0.3828	0.9000	0.1315s	0.3461	0.9050	0.8993
8
0098	0.1592	0.9750	0.3773	0.8980	0.1314s	0.3418	0.9110	0.9060
9
0099	0.1503	0.9583	0.3735	0.9020	0.1254s	0.3400	0.9110	0.9060
10
0100	0.1508	0.9833	0.3739	0.9040	0.1226s	0.3424	0.9100	0.9049
11
0101	0.1512	0.9750	0.3788	0.9040	0.1222s	0.3493	0.9080	0.9022
0
0102	0.1332	0.9833	0.3844	0.8980	0.1236s	0.3561	0.9070	0.9015
0
0103	0.1645	0.9833	0.3891	0.8980	0.1177s	0.3595	0.9040	0.8978
1
0104	0.1560	0.9917	0.3926	0.8920	0.1159s	0.3612	0.9010	0.8946
2
0105	0.1342	0.9833	0.3922	0.8960	0.1282s	0.3593	0.9030	0.8971
3
0106	0.1464	0.9667	0.3935	0.8960	0.1285s	0.3610	0.9000	0.8940
4
0107	0.1316	0.9833	0.3900	0.8960	0.1318s	0.3590	0.9010	0.8952
5
0108	0.1505	0.9667	0.3831	0.8960	0.1308s	0.3552	0.9050	0.8997
6
0109	0.1296	0.9917	0.3770	0.9020	0.1251s	0.3529	0.9040	0.8987
7
0110	0.1399	0.9917	0.3722	0.9040	0.1224s	0.3518	0.9030	0.8979
8
0111	0.1424	0.9917	0.3694	0.9040	0.1108s	0.3521	0.9040	0.8987
0
0112	0.1507	0.9833	0.3720	0.8980	0.1241s	0.3569	0.9010	0.8953
0
0113	0.1220	0.9917	0.3780	0.9000	0.1288s	0.3652	0.9010	0.8950
1
0114	0.1429	0.9917	0.3866	0.8960	0.1244s	0.3743	0.8950	0.8882
2
0115	0.1288	1.0000	0.3966	0.8900	0.1298s	0.3829	0.8930	0.8857
3
0116	0.1495	0.9750	0.3941	0.8940	0.1311s	0.3790	0.8920	0.8847
4
0117	0.1343	0.9667	0.3851	0.8960	0.1327s	0.3676	0.8980	0.8914
5
0118	0.1363	0.9500	0.3769	0.9020	0.1288s	0.3576	0.9040	0.8978
6
0119	0.1409	0.9667	0.3694	0.9080	0.1230s	0.3499	0.9060	0.9002
7
0120	0.1449	0.9750	0.3656	0.9080	0.1217s	0.3463	0.9100	0.9048
0
0121	0.1659	0.9667	0.3637	0.9120	0.1220s	0.3442	0.9140	0.9092
0
0122	0.1484	0.9917	0.3627	0.9120	0.1060s	0.3435	0.9140	0.9089
0
0123	0.1512	0.9750	0.3637	0.9100	0.1215s	0.3444	0.9100	0.9048
0
0124	0.1288	0.9750	0.3702	0.9080	0.1232s	0.3507	0.9040	0.8981
1
0125	0.1235	0.9917	0.3814	0.8980	0.1241s	0.3615	0.8970	0.8907
2
0126	0.1462	0.9917	0.3866	0.8960	0.1263s	0.3652	0.8960	0.8898
3
0127	0.1563	0.9667	0.3882	0.8920	0.1227s	0.3643	0.8980	0.8914
4
0128	0.1355	0.9750	0.3860	0.8940	0.1234s	0.3600	0.9010	0.8945
5
0129	0.1403	0.9750	0.3807	0.9000	0.1222s	0.3541	0.9060	0.9002
6
0130	0.1484	0.9833	0.3761	0.9040	0.1236s	0.3491	0.9100	0.9045
7
0131	0.1538	0.9833	0.3744	0.9000	0.1219s	0.3464	0.9090	0.9035
8
0132	0.1639	0.9833	0.3777	0.9020	0.1263s	0.3522	0.9090	0.9037
9
0133	0.1305	0.9750	0.3808	0.8980	0.1223s	0.3562	0.9080	0.9025
10
0134	0.1218	0.9750	0.3825	0.8980	0.1218s	0.3580	0.9050	0.8994
11
0135	0.1272	0.9917	0.3807	0.8960	0.1232s	0.3552	0.9010	0.8951
12
0136	0.1419	0.9917	0.3742	0.9060	0.1226s	0.3489	0.9040	0.8985
13
0137	0.1468	0.9583	0.3672	0.9040	0.1221s	0.3431	0.9110	0.9060
14
0138	0.1335	0.9750	0.3637	0.9120	0.1224s	0.3410	0.9130	0.9084
15
0139	0.1633	0.9750	0.3679	0.9020	0.1224s	0.3466	0.9110	0.9062
0
0140	0.1381	0.9750	0.3768	0.9040	0.1221s	0.3553	0.9080	0.9030
1
0141	0.1305	0.9750	0.3857	0.9020	0.1229s	0.3636	0.9060	0.9001
2
0142	0.1426	0.9833	0.3879	0.9020	0.1213s	0.3645	0.9010	0.8945
3
0143	0.1365	0.9833	0.3925	0.8940	0.1217s	0.3663	0.8990	0.8928
4
0144	0.1401	0.9750	0.3973	0.8980	0.1221s	0.3696	0.8960	0.8896
5
0145	0.1332	0.9917	0.3937	0.9000	0.1223s	0.3677	0.8960	0.8900
6
0146	0.1419	0.9833	0.3831	0.9020	0.1222s	0.3617	0.9020	0.8968
7
0147	0.1417	0.9833	0.3752	0.9080	0.1219s	0.3575	0.9060	0.9011
8
0148	0.1367	1.0000	0.3726	0.9040	0.1219s	0.3582	0.9050	0.8996
9
0149	0.1423	0.9750	0.3746	0.9020	0.1217s	0.3631	0.9060	0.9007
10
0150	0.1464	0.9667	0.3834	0.8980	0.1224s	0.3740	0.9070	0.9019
11
0151	0.1434	0.9917	0.3917	0.8940	0.1221s	0.3827	0.9080	0.9024
12
0152	0.1433	0.9917	0.3963	0.8940	0.1218s	0.3859	0.9050	0.8988
13
0153	0.1387	0.9917	0.3976	0.9000	0.1223s	0.3849	0.8940	0.8873
14
0154	0.1360	0.9750	0.3934	0.8980	0.1234s	0.3790	0.8930	0.8861
15
0155	0.1481	0.9750	0.3889	0.8980	0.1216s	0.3729	0.8960	0.8896
16
0156	0.1480	0.9667	0.3828	0.9020	0.1219s	0.3646	0.9020	0.8966
17
0157	0.1504	0.9833	0.3774	0.9060	0.1232s	0.3596	0.9030	0.8976
18
0158	0.1420	0.9833	0.3751	0.9040	0.1219s	0.3579	0.9010	0.8950
19
0159	0.1287	0.9833	0.3764	0.9040	0.1216s	0.3603	0.8980	0.8917
20
0160	0.1452	0.9833	0.3783	0.9000	0.1228s	0.3630	0.9010	0.8949
21
0161	0.1360	0.9833	0.3832	0.8980	0.1225s	0.3685	0.9020	0.8962
22
0162	0.1509	0.9833	0.3884	0.8980	0.1225s	0.3731	0.9020	0.8959
23
0163	0.1345	0.9750	0.3881	0.8980	0.1228s	0.3721	0.9020	0.8959
24
0164	0.1378	0.9917	0.3868	0.9000	0.1223s	0.3681	0.8980	0.8916
25
0165	0.1442	0.9750	0.3840	0.8960	0.1217s	0.3632	0.8940	0.8873
26
0166	0.1550	0.9583	0.3801	0.8960	0.1238s	0.3583	0.8960	0.8892
27
0167	0.1335	0.9917	0.3810	0.8980	0.1223s	0.3585	0.8990	0.8927
28
0168	0.1589	0.9583	0.3836	0.8960	0.1223s	0.3609	0.8960	0.8894
29
0169	0.1341	0.9917	0.3848	0.8940	0.1263s	0.3606	0.8940	0.8873
30
0170	0.1472	0.9833	0.3804	0.8960	0.1222s	0.3531	0.9040	0.8983
31
0171	0.1587	0.9833	0.3821	0.8960	0.1227s	0.3503	0.9000	0.8941
32
0172	0.1151	0.9750	0.3813	0.8960	0.1221s	0.3473	0.9060	0.9013
33
0173	0.1594	0.9750	0.3823	0.8960	0.1228s	0.3466	0.9070	0.9025
34
0174	0.1466	0.9750	0.3837	0.8960	0.1224s	0.3464	0.9070	0.9025
35
0175	0.1385	0.9917	0.3843	0.8960	0.1222s	0.3465	0.9080	0.9034
36
0176	0.1497	0.9667	0.3856	0.8960	0.1224s	0.3490	0.9040	0.8987
37
0177	0.1388	0.9833	0.3858	0.8980	0.1218s	0.3494	0.9040	0.8987
38
0178	0.1442	0.9917	0.3881	0.8980	0.1226s	0.3520	0.9050	0.8995
39
0179	0.1457	0.9500	0.3932	0.8920	0.1219s	0.3590	0.9020	0.8957
40
0180	0.1279	0.9833	0.3949	0.8920	0.1218s	0.3613	0.9030	0.8967
41
0181	0.1232	0.9917	0.3952	0.8880	0.1221s	0.3624	0.9020	0.8955
42
0182	0.1358	0.9917	0.3927	0.8920	0.1237s	0.3581	0.9010	0.8944
43
0183	0.1550	0.9667	0.3904	0.8940	0.1224s	0.3523	0.9060	0.9007
44
0184	0.1276	0.9917	0.3890	0.9020	0.1218s	0.3464	0.9060	0.9008
45
0185	0.1363	1.0000	0.3939	0.8980	0.1227s	0.3459	0.9040	0.8989
46
0186	0.1354	0.9667	0.3985	0.9020	0.1219s	0.3465	0.9030	0.8973
47
0187	0.1585	0.9917	0.3967	0.9020	0.1238s	0.3458	0.9050	0.8996
48
0188	0.1356	0.9667	0.3940	0.9040	0.1048s	0.3476	0.9070	0.9018
49
0189	0.1273	0.9917	0.3937	0.8940	0.1221s	0.3526	0.9100	0.9050
50
0190	0.1281	0.9917	0.4002	0.8920	0.1225s	0.3642	0.9020	0.8963
51
0191	0.1466	0.9917	0.4053	0.8880	0.1218s	0.3722	0.8980	0.8918
52
0192	0.1322	0.9917	0.4046	0.8900	0.1235s	0.3705	0.8990	0.8924
53
0193	0.1492	0.9583	0.4020	0.8940	0.1225s	0.3667	0.9000	0.8935
54
0194	0.1388	0.9750	0.3979	0.8920	0.1219s	0.3608	0.9080	0.9026
55
0195	0.1439	0.9833	0.3925	0.9000	0.1225s	0.3528	0.9100	0.9051
56
0196	0.1433	0.9750	0.3906	0.8980	0.1202s	0.3482	0.9130	0.9084
57
0197	0.1573	0.9750	0.3918	0.8980	0.1233s	0.3474	0.9120	0.9073
58
0198	0.1618	0.9917	0.3992	0.8960	0.1175s	0.3542	0.9030	0.8974
59
0199	0.1288	0.9750	0.4047	0.8940	0.1223s	0.3596	0.8990	0.8930
60
0200	0.1186	0.9750	0.4034	0.8920	0.1224s	0.3587	0.9010	0.8953
61
0201	0.1476	0.9750	0.3997	0.8940	0.1223s	0.3568	0.9040	0.8987
62
0202	0.1440	1.0000	0.3965	0.8960	0.1224s	0.3553	0.9050	0.8996
63
0203	0.1469	1.0000	0.3920	0.9000	0.1217s	0.3514	0.9060	0.9009
64
0204	0.1295	0.9833	0.3904	0.8980	0.1222s	0.3502	0.9080	0.9031
65
0205	0.1141	0.9917	0.3891	0.9000	0.1228s	0.3483	0.9080	0.9032
66
0206	0.1384	0.9667	0.3910	0.8980	0.1228s	0.3481	0.9110	0.9065
67
0207	0.1248	0.9917	0.3982	0.8940	0.1221s	0.3535	0.9060	0.9009
68
0208	0.1426	0.9750	0.4087	0.8900	0.1220s	0.3609	0.9000	0.8942
69
0209	0.1437	0.9750	0.4117	0.8900	0.1224s	0.3625	0.9000	0.8940
70
0210	0.1433	0.9750	0.4049	0.8900	0.1222s	0.3566	0.9020	0.8964
71
0211	0.1512	0.9667	0.3965	0.8940	0.1217s	0.3467	0.9080	0.9032
72
0212	0.1359	0.9833	0.3902	0.9020	0.1221s	0.3389	0.9100	0.9054
73
0213	0.1373	0.9667	0.3883	0.9020	0.1224s	0.3364	0.9110	0.9063
74
0214	0.1426	0.9833	0.3887	0.9020	0.1224s	0.3384	0.9080	0.9034
75
0215	0.1430	0.9667	0.3946	0.8960	0.1224s	0.3466	0.9070	0.9027
76
0216	0.1340	1.0000	0.4065	0.8880	0.1234s	0.3602	0.9020	0.8965
77
0217	0.1319	0.9750	0.4160	0.8880	0.1226s	0.3685	0.8960	0.8899
78
0218	0.1355	0.9833	0.4206	0.8860	0.1222s	0.3720	0.8930	0.8867
79
0219	0.1558	0.9667	0.4196	0.8860	0.1226s	0.3709	0.8950	0.8886
80
0220	0.1427	0.9667	0.4145	0.8880	0.1226s	0.3656	0.8950	0.8888
81
0221	0.1423	0.9750	0.4053	0.8880	0.1229s	0.3561	0.9000	0.8949
82
0222	0.1505	0.9583	0.3973	0.8940	0.1220s	0.3472	0.9040	0.8997
83
0223	0.1341	1.0000	0.3888	0.9000	0.1226s	0.3398	0.9080	0.9033
84
0224	0.1541	0.9667	0.3800	0.9060	0.1223s	0.3353	0.9140	0.9095
85
0225	0.1283	0.9833	0.3784	0.9020	0.1223s	0.3395	0.9070	0.9022
86
0226	0.1107	0.9833	0.3825	0.8920	0.1235s	0.3480	0.8990	0.8939
87
0227	0.1441	0.9833	0.3861	0.8960	0.1225s	0.3542	0.8980	0.8930
88
0228	0.1469	0.9750	0.3903	0.8920	0.1228s	0.3594	0.9000	0.8944
89
0229	0.1239	0.9917	0.3934	0.8900	0.1050s	0.3612	0.9010	0.8949
90
0230	0.1151	1.0000	0.3965	0.8900	0.1219s	0.3625	0.8980	0.8915
91
0231	0.1136	0.9917	0.3966	0.8900	0.1229s	0.3601	0.8960	0.8897
92
0232	0.1593	0.9833	0.3902	0.8940	0.1222s	0.3508	0.9020	0.8961
93
0233	0.1454	0.9917	0.3850	0.9000	0.1229s	0.3430	0.9000	0.8941
94
0234	0.1379	0.9667	0.3803	0.9000	0.1222s	0.3379	0.9030	0.8971
95
0235	0.1397	1.0000	0.3744	0.9020	0.1218s	0.3336	0.9090	0.9039
96
0236	0.1265	1.0000	0.3742	0.9000	0.1217s	0.3359	0.9090	0.9038
97
0237	0.1332	0.9833	0.3772	0.8920	0.1224s	0.3417	0.9040	0.8989
98
0238	0.1311	0.9917	0.3828	0.8900	0.1221s	0.3493	0.8980	0.8922
99
0239	0.1149	0.9917	0.3889	0.8880	0.1227s	0.3573	0.8980	0.8925
100
0240	0.1211	0.9833	0.3919	0.8900	0.1224s	0.3594	0.8980	0.8925
101
0241	0.1279	0.9667	0.3894	0.8920	0.1223s	0.3557	0.8970	0.8908
102
0242	0.1182	0.9583	0.3872	0.8980	0.1224s	0.3518	0.9010	0.8954
103
0243	0.1178	0.9750	0.3868	0.9000	0.1219s	0.3491	0.9020	0.8960
104
0244	0.1396	0.9833	0.3872	0.9020	0.1219s	0.3464	0.9020	0.8962
105
0245	0.1303	0.9750	0.3863	0.9020	0.1229s	0.3433	0.9050	0.8995
106
0246	0.1387	0.9417	0.3874	0.9020	0.1240s	0.3435	0.9040	0.8982
107
0247	0.1234	0.9750	0.3900	0.8960	0.1222s	0.3466	0.9050	0.8995
108
0248	0.1427	0.9667	0.3946	0.8940	0.1224s	0.3514	0.9060	0.9006
109
0249	0.1355	0.9917	0.3978	0.8920	0.1226s	0.3554	0.9040	0.8985
110
0250	0.1220	0.9833	0.4038	0.8960	0.1223s	0.3618	0.9040	0.8976
111
0251	0.1458	0.9750	0.4083	0.8960	0.1221s	0.3668	0.8980	0.8917
112
0252	0.1251	1.0000	0.4098	0.8940	0.1221s	0.3690	0.8960	0.8898
113
0253	0.1153	1.0000	0.4060	0.8920	0.1226s	0.3657	0.8990	0.8930
114
0254	0.1197	0.9833	0.3971	0.8960	0.1223s	0.3572	0.9000	0.8946
115
0255	0.1415	0.9917	0.3929	0.9000	0.1223s	0.3520	0.9050	0.8998
116
0256	0.1306	0.9750	0.3915	0.9040	0.1223s	0.3503	0.9040	0.8987
117
0257	0.1249	0.9917	0.3940	0.9000	0.1221s	0.3527	0.9030	0.8977
118
0258	0.1315	1.0000	0.3992	0.8980	0.1218s	0.3579	0.9020	0.8961
119
0259	0.1223	0.9917	0.4086	0.8940	0.1220s	0.3678	0.9020	0.8962
120
0260	0.1267	0.9500	0.4141	0.8880	0.1247s	0.3733	0.9010	0.8952
121
0261	0.1214	0.9833	0.4153	0.8840	0.1174s	0.3757	0.9000	0.8943
122
0262	0.1505	0.9667	0.4085	0.8880	0.1223s	0.3701	0.8970	0.8914
123
0263	0.1383	0.9917	0.3971	0.8920	0.1202s	0.3597	0.8980	0.8925
124
0264	0.1324	0.9833	0.3893	0.9020	0.1222s	0.3513	0.9010	0.8956
125
0265	0.1266	0.9583	0.3880	0.8980	0.1046s	0.3469	0.9010	0.8957
126
0266	0.1522	0.9750	0.3946	0.9000	0.1192s	0.3515	0.9000	0.8947
127
0267	0.1358	0.9917	0.3923	0.8980	0.1219s	0.3501	0.9000	0.8946
128
0268	0.1063	1.0000	0.3895	0.8960	0.1222s	0.3495	0.9040	0.8987
129
0269	0.1309	0.9667	0.3885	0.9040	0.1226s	0.3523	0.9030	0.8970
130
0270	0.1227	0.9833	0.3947	0.8960	0.1225s	0.3616	0.8970	0.8908
131
0271	0.1550	0.9667	0.4000	0.8900	0.1223s	0.3671	0.8960	0.8895
132
0272	0.1432	0.9833	0.3963	0.8940	0.1223s	0.3636	0.8980	0.8917
133
0273	0.1293	0.9667	0.3909	0.8980	0.1221s	0.3584	0.9020	0.8963
134
0274	0.1360	0.9833	0.3820	0.9060	0.1219s	0.3497	0.8980	0.8923
135
0275	0.1477	0.9750	0.3797	0.9040	0.1220s	0.3469	0.9010	0.8961
136
0276	0.1349	0.9833	0.3797	0.9040	0.1234s	0.3452	0.9000	0.8950
137
0277	0.1358	0.9917	0.3834	0.9020	0.1222s	0.3475	0.8950	0.8897
138
0278	0.1453	1.0000	0.3838	0.9040	0.1222s	0.3482	0.8990	0.8937
139
0279	0.1479	0.9833	0.3863	0.9000	0.1219s	0.3534	0.8980	0.8921
140
0280	0.1241	0.9917	0.3981	0.8920	0.1222s	0.3664	0.8950	0.8885
141
0281	0.1356	0.9500	0.4017	0.8900	0.1222s	0.3706	0.8970	0.8907
142
0282	0.1275	0.9750	0.3971	0.8920	0.1229s	0.3670	0.9000	0.8935
143
0283	0.1273	0.9833	0.3891	0.9000	0.1224s	0.3601	0.9010	0.8949
144
0284	0.1231	0.9917	0.3828	0.9000	0.1233s	0.3545	0.9000	0.8942
145
0285	0.1258	0.9917	0.3782	0.9040	0.1221s	0.3492	0.9030	0.8979
146
0286	0.1132	0.9917	0.3753	0.9060	0.1228s	0.3439	0.9070	0.9021
147
0287	0.1442	0.9667	0.3756	0.9040	0.1223s	0.3414	0.9070	0.9022
148
0288	0.1231	0.9750	0.3757	0.9040	0.1224s	0.3408	0.9080	0.9031
149
0289	0.1557	0.9750	0.3801	0.9020	0.1224s	0.3446	0.9050	0.8995
150
0290	0.1345	0.9917	0.3853	0.9020	0.1227s	0.3495	0.9030	0.8973
151
0291	0.1363	0.9750	0.3870	0.9020	0.1221s	0.3501	0.9020	0.8963
152
0292	0.1580	0.9917	0.3871	0.9020	0.1224s	0.3477	0.9040	0.8984
153
0293	0.1469	0.9833	0.3889	0.9020	0.1228s	0.3488	0.9020	0.8960
154
0294	0.1454	0.9750	0.3914	0.9000	0.1221s	0.3514	0.9020	0.8961
155
0295	0.1345	0.9750	0.3915	0.9000	0.1073s	0.3506	0.9010	0.8951
156
0296	0.1191	0.9833	0.3915	0.9020	0.1218s	0.3510	0.9010	0.8951
157
0297	0.1221	0.9917	0.3905	0.8980	0.1222s	0.3518	0.9010	0.8956
158
0298	0.1372	0.9750	0.3912	0.8980	0.1226s	0.3551	0.9010	0.8957
159
0299	0.1209	0.9750	0.3963	0.8960	0.1223s	0.3624	0.8970	0.8916
160
0300	0.1347	0.9667	0.4006	0.8940	0.1213s	0.3681	0.8960	0.8904
161
0301	0.1175	0.9750	0.4042	0.8880	0.1221s	0.3709	0.8960	0.8903
162
0302	0.1507	0.9583	0.4014	0.8940	0.1223s	0.3656	0.8970	0.8909
163
0303	0.1230	0.9750	0.4006	0.8940	0.1218s	0.3613	0.9000	0.8941
164
0304	0.1293	0.9833	0.3981	0.8960	0.1218s	0.3562	0.9050	0.8996
165
0305	0.1206	0.9917	0.3968	0.9020	0.1221s	0.3539	0.9040	0.8986
166
0306	0.1348	0.9750	0.3940	0.9020	0.1234s	0.3522	0.9040	0.8986
167
0307	0.1208	0.9833	0.3961	0.8980	0.1227s	0.3557	0.9020	0.8964
168
0308	0.1433	0.9750	0.3974	0.8980	0.1222s	0.3586	0.9010	0.8956
169
0309	0.1334	1.0000	0.3978	0.8980	0.1222s	0.3612	0.8990	0.8938
170
0310	0.1282	0.9833	0.3985	0.9000	0.1220s	0.3620	0.8970	0.8914
171
0311	0.1321	0.9750	0.3961	0.8980	0.1220s	0.3599	0.8970	0.8914
172
0312	0.1255	1.0000	0.3970	0.8940	0.1220s	0.3601	0.8970	0.8914
173
0313	0.1356	0.9917	0.3959	0.8960	0.1219s	0.3573	0.9020	0.8965
174
0314	0.1275	0.9917	0.3937	0.8920	0.1091s	0.3535	0.9000	0.8946
175
0315	0.1316	0.9917	0.3907	0.8960	0.1220s	0.3486	0.9050	0.8997
176
0316	0.1535	0.9667	0.3890	0.9000	0.1220s	0.3442	0.9030	0.8979
177
0317	0.1344	0.9917	0.3906	0.8980	0.1218s	0.3422	0.9040	0.8987
178
0318	0.1062	0.9833	0.3929	0.9000	0.1217s	0.3433	0.9030	0.8979
179
0319	0.1415	0.9500	0.3922	0.8960	0.1220s	0.3422	0.9040	0.8989
180
0320	0.1311	0.9917	0.3893	0.8940	0.1215s	0.3412	0.9060	0.9014
181
0321	0.1498	0.9917	0.3872	0.8940	0.1219s	0.3405	0.9020	0.8969
182
0322	0.1121	1.0000	0.3881	0.9000	0.1234s	0.3425	0.9020	0.8972
183
0323	0.1143	0.9750	0.3887	0.8980	0.1222s	0.3438	0.8990	0.8940
184
0324	0.1212	0.9917	0.3860	0.8980	0.1218s	0.3404	0.9010	0.8959
185
0325	0.1341	0.9667	0.3827	0.8980	0.1218s	0.3357	0.9030	0.8978
186
0326	0.1226	1.0000	0.3820	0.9000	0.1217s	0.3334	0.9050	0.8999
187
0327	0.1204	0.9833	0.3840	0.8980	0.1223s	0.3351	0.9050	0.9001
188
0328	0.1518	0.9917	0.3886	0.8960	0.1226s	0.3398	0.9020	0.8973
189
0329	0.1172	0.9917	0.3952	0.8880	0.1226s	0.3467	0.9030	0.8984
190
0330	0.1438	0.9583	0.3994	0.8860	0.1223s	0.3492	0.9030	0.8983
191
0331	0.1238	0.9750	0.3982	0.8880	0.1223s	0.3475	0.9010	0.8961
192
0332	0.1427	0.9667	0.3905	0.8940	0.1220s	0.3414	0.9040	0.8990
193
0333	0.1455	0.9750	0.3838	0.9000	0.1222s	0.3346	0.9070	0.9024
194
0334	0.1323	1.0000	0.3818	0.8940	0.1248s	0.3339	0.9060	0.9015
195
0335	0.1277	0.9917	0.3824	0.9000	0.1221s	0.3348	0.9060	0.9015
196
0336	0.1291	0.9750	0.3843	0.8940	0.1059s	0.3373	0.9070	0.9023
197
0337	0.1196	1.0000	0.3866	0.9000	0.1195s	0.3397	0.9070	0.9023
198
0338	0.1381	0.9667	0.3911	0.8880	0.1223s	0.3413	0.9040	0.8992
199
Early stop! Min loss:0.362732470035553,  Max accuracy:0.912
Early stop model validation loss:0.362732470035553,  accuracy:0.912
Optimization Finished!
Total time elapsed: 41.4981s
test max acc:0.9140
Loading 121th epoch
stru_node_to_hop attention:tensor([[0.2494, 0.2519, 0.2495, 0.2491],
        [0.2502, 0.2499, 0.2499, 0.2499],
        [0.2477, 0.2512, 0.2506, 0.2505],
        [0.2498, 0.2510, 0.2497, 0.2494],
        [0.2474, 0.2512, 0.2507, 0.2507],
        [0.2506, 0.2506, 0.2495, 0.2493],
        [0.2502, 0.2498, 0.2500, 0.2500],
        [0.2490, 0.2505, 0.2503, 0.2502],
        [0.2498, 0.2505, 0.2499, 0.2498],
        [0.2499, 0.2503, 0.2499, 0.2498],
        [0.2501, 0.2500, 0.2500, 0.2499],
        [0.2494, 0.2503, 0.2502, 0.2501],
        [0.2496, 0.2503, 0.2501, 0.2501],
        [0.2501, 0.2505, 0.2498, 0.2496],
        [0.2499, 0.2499, 0.2502, 0.2501],
        [0.2499, 0.2508, 0.2498, 0.2495],
        [0.2485, 0.2513, 0.2502, 0.2500],
        [0.2495, 0.2505, 0.2501, 0.2499],
        [0.2494, 0.2502, 0.2502, 0.2502],
        [0.2500, 0.2501, 0.2500, 0.2499],
        [0.2503, 0.2498, 0.2499, 0.2500],
        [0.2469, 0.2529, 0.2504, 0.2498],
        [0.2504, 0.2497, 0.2500, 0.2499],
        [0.2477, 0.2512, 0.2506, 0.2505],
        [0.2500, 0.2500, 0.2500, 0.2500],
        [0.2495, 0.2504, 0.2501, 0.2500],
        [0.2495, 0.2504, 0.2501, 0.2500],
        [0.2493, 0.2506, 0.2501, 0.2499],
        [0.2498, 0.2500, 0.2501, 0.2501],
        [0.2494, 0.2505, 0.2501, 0.2500],
        [0.2496, 0.2503, 0.2501, 0.2500],
        [0.2491, 0.2503, 0.2503, 0.2503],
        [0.2501, 0.2500, 0.2500, 0.2499],
        [0.2490, 0.2504, 0.2503, 0.2502],
        [0.2483, 0.2514, 0.2504, 0.2500],
        [0.2489, 0.2505, 0.2503, 0.2503],
        [0.2493, 0.2505, 0.2502, 0.2499],
        [0.2483, 0.2507, 0.2505, 0.2506],
        [0.2492, 0.2504, 0.2502, 0.2501],
        [0.2496, 0.2508, 0.2499, 0.2498],
        [0.2499, 0.2501, 0.2500, 0.2500],
        [0.2492, 0.2506, 0.2501, 0.2500],
        [0.2490, 0.2508, 0.2502, 0.2501],
        [0.2501, 0.2499, 0.2500, 0.2500],
        [0.2481, 0.2508, 0.2507, 0.2504],
        [0.1886, 0.1902, 0.2750, 0.3462],
        [0.2500, 0.2500, 0.2500, 0.2500],
        [0.2487, 0.2510, 0.2502, 0.2500],
        [0.2496, 0.2501, 0.2502, 0.2501],
        [0.2498, 0.2501, 0.2500, 0.2500],
        [0.2483, 0.2507, 0.2505, 0.2505],
        [0.2494, 0.2504, 0.2502, 0.2501],
        [0.2499, 0.2500, 0.2500, 0.2500],
        [0.2495, 0.2502, 0.2502, 0.2501],
        [0.2471, 0.2514, 0.2507, 0.2508],
        [0.2461, 0.2515, 0.2511, 0.2513],
        [0.2504, 0.2502, 0.2499, 0.2495],
        [0.2501, 0.2500, 0.2500, 0.2499],
        [0.2494, 0.2507, 0.2501, 0.2499],
        [0.2474, 0.2519, 0.2505, 0.2502],
        [0.2492, 0.2506, 0.2502, 0.2500],
        [0.2496, 0.2506, 0.2500, 0.2499],
        [0.2493, 0.2504, 0.2502, 0.2501],
        [0.2491, 0.2510, 0.2501, 0.2498],
        [0.2501, 0.2500, 0.2500, 0.2500],
        [0.2490, 0.2501, 0.2504, 0.2505],
        [0.2496, 0.2512, 0.2498, 0.2494],
        [0.2487, 0.2501, 0.2506, 0.2507],
        [0.2499, 0.2501, 0.2500, 0.2499],
        [0.2484, 0.2509, 0.2505, 0.2502],
        [0.2502, 0.2506, 0.2498, 0.2495],
        [0.2496, 0.2501, 0.2501, 0.2502],
        [0.2493, 0.2506, 0.2501, 0.2499],
        [0.2492, 0.2511, 0.2501, 0.2496],
        [0.2493, 0.2504, 0.2502, 0.2501],
        [0.2484, 0.2513, 0.2503, 0.2501],
        [0.2494, 0.2512, 0.2498, 0.2495],
        [0.2516, 0.2488, 0.2497, 0.2499],
        [0.2485, 0.2508, 0.2504, 0.2502],
        [0.2485, 0.2504, 0.2506, 0.2506],
        [0.2508, 0.2499, 0.2497, 0.2495],
        [0.2490, 0.2506, 0.2502, 0.2501],
        [0.2514, 0.2497, 0.2495, 0.2493],
        [0.2494, 0.2502, 0.2502, 0.2502],
        [0.2495, 0.2504, 0.2501, 0.2500],
        [0.2498, 0.2502, 0.2501, 0.2500],
        [0.2485, 0.2504, 0.2505, 0.2506],
        [0.2502, 0.2500, 0.2499, 0.2499],
        [0.2494, 0.2504, 0.2502, 0.2501],
        [0.2506, 0.2501, 0.2498, 0.2495],
        [0.2494, 0.2503, 0.2502, 0.2501],
        [0.2500, 0.2500, 0.2500, 0.2500],
        [0.2502, 0.2500, 0.2499, 0.2499],
        [0.2503, 0.2497, 0.2500, 0.2500],
        [0.2492, 0.2505, 0.2502, 0.2501],
        [0.2499, 0.2501, 0.2500, 0.2500],
        [0.2496, 0.2503, 0.2501, 0.2500],
        [0.2516, 0.2494, 0.2495, 0.2495],
        [0.2482, 0.2512, 0.2504, 0.2502],
        [0.2500, 0.2502, 0.2500, 0.2498]], device='cuda:1')
fea_node_to_hop attention:tensor([[0.3304, 0.3339, 0.3357],
        [0.3331, 0.3335, 0.3334],
        [0.3307, 0.3339, 0.3354],
        [0.3317, 0.3334, 0.3350],
        [0.3325, 0.3334, 0.3341],
        [0.3281, 0.3357, 0.3362],
        [0.3306, 0.3330, 0.3364],
        [0.3311, 0.3345, 0.3344],
        [0.3312, 0.3341, 0.3347],
        [0.3317, 0.3336, 0.3347],
        [0.3322, 0.3334, 0.3344],
        [0.3309, 0.3342, 0.3349],
        [0.3312, 0.3343, 0.3345],
        [0.3327, 0.3329, 0.3344],
        [0.3320, 0.3340, 0.3340],
        [0.3316, 0.3340, 0.3344],
        [0.3271, 0.3354, 0.3376],
        [0.3338, 0.3330, 0.3332],
        [0.3320, 0.3341, 0.3339],
        [0.3327, 0.3330, 0.3343],
        [0.3347, 0.3325, 0.3328],
        [0.3326, 0.3325, 0.3349],
        [0.3324, 0.3331, 0.3344],
        [0.3296, 0.3354, 0.3350],
        [0.3331, 0.3333, 0.3336],
        [0.3314, 0.3340, 0.3347],
        [0.3318, 0.3333, 0.3349],
        [0.3296, 0.3348, 0.3356],
        [0.3316, 0.3337, 0.3347],
        [0.3314, 0.3344, 0.3342],
        [0.3320, 0.3335, 0.3345],
        [0.3314, 0.3342, 0.3344],
        [0.3325, 0.3335, 0.3340],
        [0.3308, 0.3344, 0.3349],
        [0.3357, 0.3323, 0.3320],
        [0.3298, 0.3341, 0.3360],
        [0.3307, 0.3339, 0.3354],
        [0.3320, 0.3344, 0.3336],
        [0.3312, 0.3341, 0.3347],
        [0.3285, 0.3361, 0.3354],
        [0.3337, 0.3333, 0.3330],
        [0.3291, 0.3357, 0.3352],
        [0.3315, 0.3337, 0.3347],
        [0.3347, 0.3326, 0.3327],
        [0.3324, 0.3333, 0.3343],
        [0.3014, 0.3498, 0.3488],
        [0.3326, 0.3336, 0.3338],
        [0.3287, 0.3353, 0.3360],
        [0.3312, 0.3345, 0.3344],
        [0.3329, 0.3331, 0.3340],
        [0.3322, 0.3342, 0.3336],
        [0.3316, 0.3340, 0.3344],
        [0.3331, 0.3334, 0.3335],
        [0.3311, 0.3343, 0.3347],
        [0.3346, 0.3320, 0.3334],
        [0.3347, 0.3323, 0.3330],
        [0.3325, 0.3334, 0.3341],
        [0.3306, 0.3344, 0.3350],
        [0.3335, 0.3328, 0.3337],
        [0.3319, 0.3330, 0.3351],
        [0.3308, 0.3343, 0.3348],
        [0.3310, 0.3334, 0.3356],
        [0.3320, 0.3339, 0.3341],
        [0.3303, 0.3350, 0.3347],
        [0.3333, 0.3334, 0.3333],
        [0.3291, 0.3355, 0.3355],
        [0.3312, 0.3338, 0.3350],
        [0.3319, 0.3338, 0.3343],
        [0.3305, 0.3340, 0.3355],
        [0.3287, 0.3348, 0.3365],
        [0.3308, 0.3340, 0.3352],
        [0.3312, 0.3343, 0.3345],
        [0.3313, 0.3338, 0.3349],
        [0.3314, 0.3334, 0.3352],
        [0.3321, 0.3339, 0.3340],
        [0.3279, 0.3355, 0.3365],
        [0.3303, 0.3343, 0.3354],
        [0.3279, 0.3357, 0.3364],
        [0.3294, 0.3346, 0.3360],
        [0.3306, 0.3342, 0.3352],
        [0.3321, 0.3345, 0.3334],
        [0.3319, 0.3341, 0.3340],
        [0.3321, 0.3327, 0.3352],
        [0.3328, 0.3333, 0.3339],
        [0.3316, 0.3337, 0.3347],
        [0.3316, 0.3334, 0.3350],
        [0.3324, 0.3343, 0.3334],
        [0.3332, 0.3335, 0.3333],
        [0.3303, 0.3351, 0.3346],
        [0.3281, 0.3353, 0.3366],
        [0.3319, 0.3340, 0.3340],
        [0.3328, 0.3334, 0.3339],
        [0.3321, 0.3338, 0.3341],
        [0.3361, 0.3314, 0.3325],
        [0.3314, 0.3340, 0.3346],
        [0.3330, 0.3333, 0.3338],
        [0.3328, 0.3334, 0.3339],
        [0.3322, 0.3329, 0.3348],
        [0.3302, 0.3344, 0.3354],
        [0.3322, 0.3341, 0.3337]], device='cuda:1')
perception attention:tensor([0.5000, 0.5000], device='cuda:1')
Test set results: loss= 0.3435 accuracy= 0.9140 F1_score= 0.9089
