# epoch	loss_train	acc_train	loss_val	acc_val	time	acc_test	f1_test
0001	1.7950	0.1583	1.6934	0.5080	0.1049s	1.6855	0.5290	0.4775
0
0002	1.6780	0.3917	1.5421	0.4140	0.1193s	1.5208	0.4120	0.3143
0
0003	1.5375	0.4917	1.3796	0.4940	0.1219s	1.3533	0.4980	0.4226
0
0004	1.3651	0.5750	1.1901	0.6960	0.1221s	1.1659	0.7210	0.6998
0
0005	1.1317	0.7500	1.0082	0.8580	0.1232s	0.9859	0.8600	0.8512
0
0006	0.9514	0.8250	0.8678	0.8640	0.1070s	0.8457	0.8700	0.8639
0
0007	0.8005	0.7750	0.7478	0.8580	0.1191s	0.7260	0.8710	0.8648
0
0008	0.6988	0.8917	0.6455	0.8640	0.1222s	0.6216	0.8730	0.8631
0
0009	0.5986	0.8833	0.5743	0.8800	0.1221s	0.5475	0.8820	0.8730
0
0010	0.5192	0.9083	0.5242	0.8760	0.1226s	0.4947	0.8840	0.8760
0
0011	0.4346	0.9167	0.4753	0.8880	0.1228s	0.4453	0.8920	0.8847
0
0012	0.3847	0.9417	0.4376	0.8880	0.1218s	0.4076	0.9010	0.8948
0
0013	0.3528	0.9333	0.4147	0.8960	0.1225s	0.3837	0.9020	0.8961
0
0014	0.3431	0.9250	0.4108	0.8860	0.1220s	0.3777	0.8860	0.8791
0
0015	0.3031	0.9333	0.4080	0.8820	0.1223s	0.3725	0.8820	0.8743
0
0016	0.2894	0.9333	0.3972	0.8940	0.1232s	0.3588	0.8950	0.8885
0
0017	0.2731	0.9583	0.3902	0.8960	0.1211s	0.3492	0.8980	0.8920
0
0018	0.2253	0.9667	0.3900	0.8960	0.1222s	0.3479	0.9000	0.8941
0
0019	0.2268	0.9417	0.3916	0.8940	0.1222s	0.3490	0.8960	0.8895
0
0020	0.2028	0.9750	0.3964	0.8880	0.1219s	0.3525	0.8970	0.8905
1
0021	0.2343	0.9750	0.4049	0.8860	0.1223s	0.3591	0.8980	0.8911
2
0022	0.2310	0.9583	0.4075	0.8860	0.1222s	0.3602	0.9010	0.8942
3
0023	0.1855	0.9667	0.4134	0.8900	0.1223s	0.3638	0.9010	0.8938
4
0024	0.1776	0.9833	0.4204	0.8920	0.1220s	0.3694	0.8910	0.8831
5
0025	0.1871	0.9583	0.4218	0.8920	0.1215s	0.3714	0.8910	0.8831
6
0026	0.1773	0.9667	0.4163	0.8920	0.1218s	0.3686	0.8940	0.8870
7
0027	0.1642	0.9583	0.4092	0.8880	0.1223s	0.3643	0.8970	0.8913
8
0028	0.1600	0.9333	0.4056	0.8920	0.1223s	0.3629	0.8930	0.8868
9
0029	0.1699	0.9500	0.4054	0.8880	0.1226s	0.3644	0.8950	0.8892
10
0030	0.2007	0.9417	0.4058	0.8880	0.1219s	0.3631	0.8960	0.8902
11
0031	0.1642	0.9417	0.4087	0.8920	0.1220s	0.3644	0.8980	0.8919
12
0032	0.1834	0.9583	0.4142	0.8900	0.1215s	0.3677	0.8960	0.8895
13
0033	0.1545	0.9750	0.4194	0.8880	0.1215s	0.3711	0.8940	0.8870
14
0034	0.1688	0.9833	0.4241	0.8900	0.1232s	0.3732	0.8950	0.8879
15
0035	0.1535	0.9917	0.4249	0.8880	0.1218s	0.3729	0.8990	0.8919
16
0036	0.1524	1.0000	0.4204	0.8880	0.1219s	0.3681	0.8970	0.8899
17
0037	0.1564	0.9917	0.4109	0.8920	0.1222s	0.3598	0.9000	0.8935
18
0038	0.1706	0.9833	0.4041	0.8960	0.1220s	0.3554	0.8970	0.8906
19
0039	0.1751	0.9583	0.4005	0.8980	0.1223s	0.3545	0.8970	0.8908
0
0040	0.1783	0.9583	0.4028	0.8960	0.1238s	0.3590	0.8940	0.8879
0
0041	0.1335	0.9917	0.4082	0.8920	0.1224s	0.3671	0.8940	0.8881
1
0042	0.1748	0.9583	0.4091	0.8860	0.1222s	0.3707	0.8930	0.8867
2
0043	0.1658	0.9833	0.4079	0.8860	0.1217s	0.3708	0.8900	0.8839
3
0044	0.1574	0.9833	0.4053	0.8900	0.1220s	0.3693	0.8890	0.8826
4
0045	0.1603	0.9750	0.3994	0.8900	0.1219s	0.3626	0.8930	0.8871
5
0046	0.1409	0.9750	0.3942	0.8960	0.1230s	0.3553	0.8970	0.8914
6
0047	0.1436	1.0000	0.3928	0.8960	0.1221s	0.3524	0.9020	0.8964
7
0048	0.1601	0.9833	0.3931	0.9000	0.1222s	0.3498	0.9000	0.8938
8
0049	0.1509	0.9667	0.3962	0.9020	0.1225s	0.3512	0.8980	0.8917
0
0050	0.1481	0.9667	0.4007	0.8980	0.1219s	0.3546	0.8940	0.8877
0
0051	0.1725	0.9833	0.4088	0.8920	0.1217s	0.3635	0.8960	0.8892
1
0052	0.1395	0.9667	0.4119	0.8880	0.1223s	0.3678	0.8940	0.8868
2
0053	0.1475	0.9917	0.4097	0.8880	0.1225s	0.3679	0.8930	0.8863
3
0054	0.1515	0.9833	0.4030	0.8920	0.1225s	0.3626	0.8940	0.8874
4
0055	0.1593	0.9917	0.3955	0.8920	0.1219s	0.3568	0.9000	0.8942
5
0056	0.1531	1.0000	0.3888	0.9040	0.1218s	0.3490	0.8990	0.8933
6
0057	0.1862	0.9667	0.3873	0.9100	0.1218s	0.3452	0.9000	0.8944
0
0058	0.1545	0.9917	0.3878	0.9040	0.1216s	0.3434	0.8990	0.8928
0
0059	0.1723	0.9750	0.3901	0.9020	0.1221s	0.3448	0.8980	0.8920
1
0060	0.1608	0.9667	0.3947	0.9020	0.1223s	0.3489	0.8970	0.8910
2
0061	0.1591	0.9750	0.4047	0.8940	0.1224s	0.3596	0.8900	0.8833
3
0062	0.1475	0.9917	0.4171	0.8900	0.1223s	0.3731	0.8880	0.8813
4
0063	0.1471	0.9750	0.4283	0.8880	0.1221s	0.3842	0.8880	0.8823
5
0064	0.1668	0.9500	0.4271	0.8860	0.1237s	0.3846	0.8890	0.8833
6
0065	0.1564	0.9667	0.4113	0.8880	0.1214s	0.3716	0.8940	0.8881
7
0066	0.1614	0.9667	0.3936	0.8980	0.1216s	0.3560	0.9000	0.8945
8
0067	0.1611	0.9917	0.3848	0.9060	0.1218s	0.3477	0.9080	0.9027
9
0068	0.1533	0.9833	0.3834	0.9120	0.1220s	0.3445	0.9040	0.8988
0
0069	0.1582	0.9833	0.3843	0.9080	0.1222s	0.3455	0.9030	0.8980
0
0070	0.1868	0.9833	0.3846	0.9040	0.1263s	0.3464	0.9020	0.8967
1
0071	0.1501	0.9750	0.3910	0.9000	0.1221s	0.3532	0.9000	0.8945
2
0072	0.1447	0.9750	0.4007	0.8920	0.1222s	0.3624	0.8960	0.8897
3
0073	0.1522	0.9917	0.4104	0.8960	0.1216s	0.3698	0.8940	0.8880
4
0074	0.1391	0.9500	0.4157	0.8940	0.1220s	0.3728	0.8910	0.8851
5
0075	0.1561	0.9583	0.4133	0.8960	0.1218s	0.3694	0.8940	0.8882
6
0076	0.1474	0.9750	0.4047	0.9000	0.1224s	0.3609	0.8980	0.8924
7
0077	0.1505	0.9750	0.3965	0.8980	0.1219s	0.3522	0.9000	0.8936
8
0078	0.1406	0.9917	0.3911	0.9040	0.1222s	0.3451	0.9050	0.8993
9
0079	0.1644	0.9667	0.3886	0.8980	0.1221s	0.3414	0.9040	0.8983
10
0080	0.1714	0.9917	0.3867	0.8960	0.1222s	0.3403	0.9060	0.9006
11
0081	0.1451	0.9667	0.3859	0.9000	0.1217s	0.3427	0.9010	0.8956
12
0082	0.1547	0.9667	0.3917	0.8980	0.1219s	0.3522	0.9010	0.8954
13
0083	0.1456	0.9750	0.4084	0.8920	0.1222s	0.3702	0.8990	0.8933
14
0084	0.1424	0.9833	0.4246	0.8860	0.1221s	0.3865	0.8940	0.8877
15
0085	0.1398	0.9917	0.4235	0.8820	0.1223s	0.3862	0.8950	0.8886
16
0086	0.1540	0.9833	0.4083	0.8900	0.1215s	0.3715	0.8960	0.8903
17
0087	0.1414	0.9917	0.3945	0.8960	0.1220s	0.3551	0.9000	0.8943
18
0088	0.1739	0.9750	0.3889	0.8980	0.1221s	0.3460	0.9030	0.8981
19
0089	0.1448	0.9833	0.3893	0.8980	0.1223s	0.3432	0.9060	0.9010
20
0090	0.1305	0.9833	0.3891	0.8960	0.1243s	0.3436	0.9040	0.8986
21
0091	0.1499	0.9917	0.3896	0.8960	0.1225s	0.3461	0.9040	0.8986
22
0092	0.1533	0.9917	0.3902	0.8980	0.1219s	0.3499	0.9000	0.8939
23
0093	0.1347	0.9750	0.3930	0.8960	0.1221s	0.3558	0.9020	0.8962
24
0094	0.1363	0.9750	0.3929	0.8940	0.1249s	0.3590	0.9050	0.8995
25
0095	0.1454	0.9833	0.3879	0.8940	0.1220s	0.3567	0.9090	0.9039
26
0096	0.1547	0.9750	0.3790	0.9020	0.1222s	0.3493	0.9060	0.9008
27
0097	0.1397	0.9583	0.3767	0.9040	0.1216s	0.3475	0.9090	0.9042
0
0098	0.1473	0.9917	0.3779	0.9000	0.1225s	0.3489	0.9040	0.8990
0
0099	0.1361	0.9750	0.3804	0.8960	0.1231s	0.3527	0.9020	0.8972
1
0100	0.1564	0.9750	0.3791	0.8960	0.1200s	0.3532	0.9010	0.8960
2
0101	0.1467	0.9917	0.3778	0.8940	0.1220s	0.3537	0.9000	0.8946
3
0102	0.1284	0.9750	0.3769	0.8980	0.1217s	0.3532	0.9000	0.8944
4
0103	0.1370	1.0000	0.3782	0.8960	0.1221s	0.3545	0.9000	0.8942
5
0104	0.1354	0.9917	0.3798	0.8960	0.1221s	0.3564	0.9010	0.8950
6
0105	0.1525	0.9833	0.3832	0.8920	0.1220s	0.3597	0.9010	0.8950
7
0106	0.1284	0.9750	0.3847	0.8960	0.1219s	0.3605	0.9030	0.8974
8
0107	0.1702	0.9667	0.3860	0.8980	0.1221s	0.3610	0.9030	0.8974
9
0108	0.1489	0.9750	0.3804	0.9000	0.1226s	0.3543	0.9050	0.9002
10
0109	0.1571	0.9833	0.3703	0.9020	0.1236s	0.3436	0.9070	0.9021
11
0110	0.1427	0.9833	0.3652	0.9040	0.1223s	0.3381	0.9080	0.9034
0
0111	0.1544	0.9750	0.3633	0.9080	0.1225s	0.3362	0.9110	0.9065
0
0112	0.1351	0.9833	0.3645	0.9080	0.1220s	0.3378	0.9100	0.9055
0
0113	0.1332	0.9833	0.3698	0.9100	0.1222s	0.3434	0.9070	0.9022
1
0114	0.1371	0.9917	0.3767	0.9020	0.1059s	0.3497	0.9020	0.8971
2
0115	0.1486	0.9917	0.3801	0.8980	0.1225s	0.3521	0.8990	0.8934
3
0116	0.1467	0.9333	0.3860	0.8960	0.1223s	0.3579	0.8980	0.8920
4
0117	0.1453	0.9917	0.3909	0.8920	0.1235s	0.3618	0.8980	0.8923
5
0118	0.1261	1.0000	0.3913	0.8920	0.1224s	0.3614	0.9010	0.8953
6
0119	0.1433	0.9833	0.3869	0.8960	0.1223s	0.3543	0.9000	0.8943
7
0120	0.1413	0.9583	0.3805	0.8940	0.1227s	0.3457	0.9020	0.8968
8
0121	0.1360	0.9833	0.3760	0.8960	0.1217s	0.3388	0.9050	0.8998
9
0122	0.1330	0.9750	0.3728	0.8960	0.1221s	0.3358	0.9110	0.9061
10
0123	0.1471	1.0000	0.3734	0.8980	0.1217s	0.3383	0.9080	0.9028
11
0124	0.1350	1.0000	0.3785	0.9020	0.1220s	0.3456	0.9050	0.8997
12
0125	0.1270	0.9750	0.3838	0.8980	0.1218s	0.3524	0.9020	0.8967
13
0126	0.1467	0.9583	0.3845	0.8920	0.1220s	0.3550	0.9010	0.8959
14
0127	0.1244	0.9750	0.3863	0.8880	0.1219s	0.3594	0.8970	0.8909
15
0128	0.1391	0.9833	0.3851	0.8900	0.1221s	0.3593	0.8970	0.8909
16
0129	0.1280	0.9750	0.3827	0.8880	0.1128s	0.3569	0.9040	0.8986
17
0130	0.1331	1.0000	0.3795	0.8980	0.1221s	0.3525	0.9010	0.8963
18
0131	0.1466	1.0000	0.3758	0.9040	0.1043s	0.3469	0.9040	0.8995
19
0132	0.1371	0.9750	0.3744	0.9040	0.1214s	0.3437	0.9070	0.9027
20
0133	0.1616	0.9583	0.3720	0.9080	0.1213s	0.3416	0.9070	0.9023
21
0134	0.1502	0.9833	0.3753	0.8940	0.1219s	0.3470	0.9060	0.9008
22
0135	0.1368	0.9833	0.3857	0.8900	0.1250s	0.3589	0.9020	0.8957
23
0136	0.1158	0.9917	0.4011	0.8880	0.1225s	0.3742	0.8980	0.8912
24
0137	0.1307	0.9917	0.4060	0.8880	0.1218s	0.3791	0.8930	0.8861
25
0138	0.1382	0.9917	0.3931	0.8900	0.1224s	0.3655	0.9010	0.8948
26
0139	0.1225	0.9833	0.3797	0.9000	0.1219s	0.3511	0.9040	0.8980
27
0140	0.1586	0.9750	0.3733	0.8960	0.1223s	0.3431	0.9070	0.9021
28
0141	0.1293	0.9833	0.3752	0.9040	0.1215s	0.3439	0.9070	0.9026
29
0142	0.1243	0.9750	0.3774	0.9060	0.1227s	0.3448	0.9050	0.9008
30
0143	0.1407	0.9750	0.3797	0.8960	0.1222s	0.3451	0.9030	0.8983
31
0144	0.1444	0.9750	0.3856	0.8960	0.1222s	0.3501	0.8990	0.8932
32
0145	0.1449	0.9583	0.3968	0.8920	0.1224s	0.3600	0.8950	0.8884
33
0146	0.1511	0.9917	0.3974	0.8920	0.1217s	0.3603	0.8950	0.8885
34
0147	0.1428	0.9667	0.3916	0.8960	0.1232s	0.3538	0.8990	0.8927
35
0148	0.1366	0.9750	0.3849	0.8960	0.1217s	0.3460	0.9010	0.8949
36
0149	0.1438	0.9833	0.3799	0.8940	0.1225s	0.3411	0.9020	0.8960
37
0150	0.1079	1.0000	0.3772	0.8940	0.1244s	0.3404	0.9010	0.8957
38
0151	0.1292	0.9917	0.3791	0.8920	0.1221s	0.3451	0.9050	0.8998
39
0152	0.1628	0.9417	0.3855	0.8880	0.1222s	0.3537	0.9030	0.8974
40
0153	0.1444	0.9667	0.3891	0.8840	0.1223s	0.3571	0.9020	0.8961
41
0154	0.1452	0.9833	0.3913	0.8840	0.1220s	0.3594	0.9020	0.8963
42
0155	0.1302	0.9917	0.3848	0.8900	0.1226s	0.3527	0.8990	0.8934
43
0156	0.1293	0.9833	0.3768	0.9000	0.1221s	0.3453	0.9030	0.8979
44
0157	0.1501	0.9500	0.3706	0.8960	0.1230s	0.3395	0.9060	0.9011
45
0158	0.1428	0.9333	0.3706	0.9000	0.1116s	0.3385	0.9090	0.9042
46
0159	0.1301	0.9833	0.3724	0.9000	0.1226s	0.3430	0.9060	0.9009
47
0160	0.1405	0.9750	0.3750	0.8980	0.1220s	0.3477	0.9020	0.8963
48
0161	0.1418	0.9750	0.3789	0.9000	0.1223s	0.3521	0.8990	0.8931
49
0162	0.1451	0.9833	0.3781	0.8960	0.1225s	0.3510	0.9000	0.8941
50
0163	0.1426	0.9833	0.3810	0.8960	0.1221s	0.3546	0.9040	0.8981
51
0164	0.1301	0.9833	0.3830	0.8980	0.1207s	0.3562	0.9050	0.8992
52
0165	0.1596	0.9750	0.3839	0.8980	0.1218s	0.3574	0.9020	0.8961
53
0166	0.1329	0.9750	0.3799	0.8980	0.1223s	0.3552	0.9050	0.8993
54
0167	0.1328	1.0000	0.3763	0.8920	0.1222s	0.3531	0.9060	0.9004
55
0168	0.1482	1.0000	0.3742	0.8960	0.1197s	0.3524	0.9060	0.9005
56
0169	0.1296	0.9833	0.3767	0.8960	0.1221s	0.3554	0.9040	0.8981
57
0170	0.1185	0.9833	0.3778	0.8940	0.1220s	0.3570	0.9040	0.8981
58
0171	0.1454	0.9583	0.3745	0.8980	0.1251s	0.3515	0.9040	0.8983
59
0172	0.1307	1.0000	0.3721	0.9020	0.1222s	0.3471	0.9040	0.8983
60
0173	0.1345	0.9917	0.3738	0.9040	0.1226s	0.3480	0.9020	0.8959
61
0174	0.1212	0.9833	0.3778	0.9000	0.1224s	0.3525	0.9030	0.8971
62
0175	0.1435	0.9667	0.3825	0.8960	0.1223s	0.3593	0.9020	0.8964
63
0176	0.1370	0.9667	0.3853	0.8960	0.1223s	0.3645	0.9010	0.8954
64
0177	0.1292	0.9917	0.3839	0.8940	0.1235s	0.3657	0.9000	0.8940
65
0178	0.1378	0.9833	0.3792	0.8900	0.1225s	0.3632	0.8980	0.8914
66
0179	0.1401	0.9583	0.3745	0.8920	0.1217s	0.3602	0.9010	0.8948
67
0180	0.1237	0.9750	0.3723	0.8920	0.1217s	0.3589	0.9030	0.8969
68
0181	0.1569	0.9667	0.3683	0.8980	0.1215s	0.3545	0.9070	0.9012
69
0182	0.1165	0.9667	0.3706	0.9000	0.1214s	0.3571	0.9050	0.8993
70
0183	0.1290	0.9917	0.3703	0.8980	0.1252s	0.3550	0.9050	0.8992
71
0184	0.1342	0.9750	0.3717	0.8960	0.1225s	0.3560	0.9060	0.9003
72
0185	0.1394	0.9833	0.3715	0.9020	0.1222s	0.3562	0.9080	0.9024
73
0186	0.1181	0.9917	0.3764	0.8960	0.1265s	0.3613	0.9050	0.8999
74
0187	0.1339	0.9917	0.3797	0.8980	0.1222s	0.3655	0.9050	0.9002
75
0188	0.1407	0.9917	0.3803	0.8960	0.1220s	0.3675	0.9020	0.8968
76
0189	0.1446	0.9917	0.3811	0.8860	0.1220s	0.3686	0.9010	0.8954
77
0190	0.1316	0.9917	0.3832	0.8860	0.1250s	0.3708	0.9020	0.8961
78
0191	0.1623	0.9750	0.3778	0.8940	0.1220s	0.3631	0.9010	0.8951
79
0192	0.1280	0.9917	0.3772	0.8940	0.1222s	0.3585	0.9010	0.8949
80
0193	0.1329	1.0000	0.3768	0.9000	0.1222s	0.3557	0.9010	0.8948
81
0194	0.1456	0.9750	0.3731	0.9020	0.1220s	0.3517	0.9030	0.8968
82
0195	0.1602	0.9583	0.3730	0.9040	0.1217s	0.3522	0.9050	0.8990
83
0196	0.1321	0.9750	0.3737	0.8980	0.1229s	0.3539	0.9060	0.9000
84
0197	0.1456	0.9750	0.3698	0.9000	0.1221s	0.3510	0.9080	0.9022
85
0198	0.1317	0.9917	0.3667	0.9040	0.1220s	0.3477	0.9070	0.9019
86
0199	0.1420	0.9917	0.3664	0.9060	0.1219s	0.3455	0.9100	0.9057
87
0200	0.1395	0.9667	0.3718	0.9020	0.1222s	0.3485	0.9060	0.9010
88
0201	0.1460	0.9750	0.3765	0.8980	0.1224s	0.3528	0.9040	0.8983
89
0202	0.1491	0.9667	0.3814	0.8980	0.1221s	0.3574	0.9010	0.8952
90
0203	0.1493	0.9833	0.3813	0.8960	0.1220s	0.3562	0.9010	0.8952
91
0204	0.1227	0.9833	0.3773	0.9000	0.1221s	0.3528	0.9020	0.8963
92
0205	0.1430	0.9750	0.3751	0.9020	0.1220s	0.3510	0.9020	0.8962
93
0206	0.1287	0.9833	0.3766	0.8960	0.1224s	0.3536	0.9010	0.8950
94
0207	0.1221	0.9667	0.3780	0.8940	0.1222s	0.3553	0.9010	0.8948
95
0208	0.1484	1.0000	0.3748	0.8960	0.1222s	0.3492	0.9020	0.8962
96
0209	0.1295	0.9917	0.3735	0.9000	0.1225s	0.3452	0.9040	0.8985
97
0210	0.1706	0.9833	0.3750	0.9000	0.1226s	0.3416	0.9050	0.8995
98
0211	0.1260	0.9917	0.3793	0.8960	0.1224s	0.3430	0.9030	0.8974
99
0212	0.1792	0.9583	0.3835	0.8920	0.1250s	0.3470	0.9030	0.8972
100
0213	0.1475	0.9583	0.3826	0.8960	0.1224s	0.3470	0.9000	0.8943
101
0214	0.1450	0.9667	0.3847	0.8980	0.1224s	0.3523	0.9010	0.8950
102
0215	0.1249	0.9583	0.3851	0.8980	0.1220s	0.3567	0.9010	0.8953
103
0216	0.1249	0.9833	0.3851	0.8940	0.1219s	0.3594	0.9000	0.8938
104
0217	0.1429	0.9750	0.3798	0.8960	0.1223s	0.3547	0.8990	0.8928
105
0218	0.1043	1.0000	0.3760	0.8960	0.1222s	0.3512	0.8990	0.8929
106
0219	0.1211	0.9750	0.3739	0.9060	0.1221s	0.3488	0.9030	0.8973
107
0220	0.1366	0.9917	0.3730	0.9060	0.1222s	0.3480	0.9050	0.8995
108
0221	0.1256	0.9750	0.3744	0.9020	0.1217s	0.3506	0.9030	0.8968
109
0222	0.1412	0.9917	0.3827	0.9000	0.1217s	0.3585	0.9000	0.8932
110
0223	0.1176	0.9833	0.3950	0.8940	0.1217s	0.3694	0.8990	0.8925
111
0224	0.1401	0.9833	0.3987	0.8920	0.1216s	0.3719	0.8970	0.8906
112
0225	0.1240	0.9833	0.3935	0.8920	0.1220s	0.3668	0.8960	0.8896
113
0226	0.1388	0.9917	0.3828	0.8980	0.1221s	0.3571	0.8990	0.8927
114
0227	0.1203	0.9833	0.3727	0.9020	0.1223s	0.3476	0.9040	0.8990
115
0228	0.1424	1.0000	0.3699	0.9040	0.1211s	0.3446	0.9060	0.9011
116
0229	0.1415	0.9667	0.3728	0.9020	0.1224s	0.3480	0.9050	0.8999
117
0230	0.1283	0.9833	0.3763	0.9060	0.1218s	0.3520	0.9070	0.9019
118
0231	0.1455	0.9750	0.3843	0.9000	0.1224s	0.3596	0.9010	0.8950
119
0232	0.1359	0.9750	0.3989	0.8900	0.1221s	0.3737	0.9000	0.8936
120
0233	0.1298	0.9917	0.4127	0.8860	0.1219s	0.3853	0.8980	0.8914
121
0234	0.1540	0.9667	0.4100	0.8880	0.1219s	0.3823	0.8990	0.8925
122
0235	0.1302	0.9917	0.3929	0.8900	0.1219s	0.3667	0.9020	0.8957
123
0236	0.1279	1.0000	0.3761	0.9020	0.1225s	0.3523	0.9110	0.9059
124
0237	0.1501	0.9583	0.3699	0.9080	0.1221s	0.3473	0.9110	0.9066
125
0238	0.1184	0.9917	0.3709	0.9040	0.1048s	0.3499	0.9080	0.9037
126
0239	0.1448	0.9667	0.3792	0.8960	0.1247s	0.3612	0.9020	0.8972
127
0240	0.1323	0.9833	0.3886	0.8860	0.1223s	0.3710	0.9040	0.8988
128
0241	0.1303	0.9833	0.3917	0.8880	0.1220s	0.3742	0.9020	0.8966
129
0242	0.1263	0.9917	0.3907	0.8900	0.1225s	0.3731	0.9050	0.8996
130
0243	0.1415	0.9917	0.3818	0.8940	0.1217s	0.3619	0.9070	0.9017
131
0244	0.1227	0.9917	0.3750	0.9040	0.1237s	0.3534	0.9100	0.9049
132
0245	0.1260	0.9917	0.3723	0.9040	0.1222s	0.3470	0.9110	0.9058
133
0246	0.1253	0.9917	0.3737	0.9000	0.1216s	0.3444	0.9130	0.9083
134
0247	0.1277	1.0000	0.3759	0.9000	0.1218s	0.3452	0.9120	0.9070
135
0248	0.1536	0.9750	0.3759	0.9020	0.1221s	0.3467	0.9130	0.9081
136
0249	0.1428	0.9833	0.3725	0.9020	0.1223s	0.3475	0.9110	0.9060
137
0250	0.1317	0.9833	0.3719	0.9040	0.1223s	0.3522	0.9100	0.9047
138
0251	0.1251	0.9833	0.3760	0.9020	0.1226s	0.3610	0.9070	0.9018
139
0252	0.1223	0.9833	0.3804	0.8940	0.1223s	0.3702	0.9060	0.9008
140
0253	0.1162	0.9833	0.3821	0.8960	0.1223s	0.3735	0.9050	0.8995
141
0254	0.1305	0.9917	0.3790	0.8960	0.1219s	0.3691	0.9110	0.9058
142
0255	0.1391	0.9917	0.3738	0.9020	0.1222s	0.3612	0.9110	0.9060
143
0256	0.1360	0.9833	0.3723	0.9040	0.1219s	0.3529	0.9070	0.9016
144
0257	0.1270	0.9750	0.3813	0.9000	0.1220s	0.3561	0.9060	0.9013
145
0258	0.1359	0.9750	0.3886	0.9020	0.1222s	0.3609	0.9040	0.8994
146
0259	0.1270	0.9917	0.3913	0.9000	0.1225s	0.3635	0.9040	0.8994
147
0260	0.1386	0.9917	0.3897	0.9020	0.1221s	0.3655	0.8960	0.8901
148
0261	0.1215	0.9750	0.3837	0.9000	0.1219s	0.3651	0.8980	0.8921
149
0262	0.1287	0.9750	0.3829	0.8960	0.1247s	0.3702	0.9000	0.8942
150
0263	0.1319	0.9833	0.3868	0.8900	0.1221s	0.3773	0.9010	0.8946
151
0264	0.1502	0.9917	0.3922	0.8900	0.1217s	0.3839	0.9020	0.8955
152
0265	0.1409	0.9667	0.3897	0.8900	0.1220s	0.3816	0.9010	0.8946
153
0266	0.1463	0.9667	0.3800	0.8960	0.1223s	0.3701	0.9080	0.9023
154
0267	0.1306	0.9917	0.3720	0.9020	0.1228s	0.3597	0.9130	0.9081
155
0268	0.1304	0.9833	0.3672	0.9060	0.1223s	0.3514	0.9100	0.9049
156
0269	0.1480	1.0000	0.3678	0.9000	0.1223s	0.3479	0.9040	0.8988
157
0270	0.1250	0.9750	0.3691	0.8980	0.1221s	0.3489	0.9030	0.8978
158
0271	0.1594	0.9917	0.3699	0.9020	0.1221s	0.3527	0.9020	0.8964
159
0272	0.1292	0.9833	0.3757	0.8980	0.1222s	0.3611	0.8990	0.8928
160
0273	0.1292	0.9917	0.3774	0.8960	0.1225s	0.3654	0.8960	0.8897
161
0274	0.1188	0.9833	0.3778	0.8920	0.1219s	0.3685	0.8970	0.8908
162
0275	0.1120	0.9750	0.3780	0.8980	0.1222s	0.3706	0.9040	0.8979
163
0276	0.1436	0.9917	0.3731	0.9000	0.1219s	0.3653	0.9060	0.9002
164
0277	0.1285	0.9833	0.3701	0.9020	0.1222s	0.3594	0.9090	0.9040
165
0278	0.1518	0.9667	0.3720	0.9040	0.1223s	0.3562	0.9110	0.9061
166
0279	0.1560	0.9833	0.3764	0.9060	0.1218s	0.3547	0.9060	0.9008
167
0280	0.1293	0.9750	0.3915	0.9000	0.1223s	0.3646	0.9010	0.8950
168
0281	0.1309	0.9750	0.4173	0.8940	0.1224s	0.3862	0.8930	0.8860
169
0282	0.1411	0.9750	0.4326	0.8920	0.1221s	0.3982	0.8900	0.8825
170
0283	0.1389	0.9917	0.4288	0.8880	0.1223s	0.3932	0.8920	0.8847
171
0284	0.1368	0.9833	0.4089	0.8960	0.1221s	0.3759	0.8950	0.8886
172
0285	0.1307	0.9833	0.3944	0.9020	0.1217s	0.3652	0.9080	0.9031
173
0286	0.1442	0.9833	0.3930	0.9000	0.1214s	0.3682	0.9040	0.8991
174
0287	0.1252	0.9583	0.3948	0.8980	0.1220s	0.3719	0.9060	0.9016
175
0288	0.1597	0.9750	0.3852	0.9020	0.1224s	0.3604	0.9060	0.9014
176
0289	0.1281	0.9750	0.3850	0.8920	0.1198s	0.3563	0.9040	0.8987
177
0290	0.1380	1.0000	0.4021	0.8920	0.1220s	0.3687	0.8980	0.8917
178
0291	0.1180	0.9917	0.4202	0.8840	0.1221s	0.3831	0.8910	0.8850
179
0292	0.1451	0.9833	0.4253	0.8840	0.1221s	0.3870	0.8860	0.8799
180
0293	0.1426	0.9750	0.4098	0.8920	0.1231s	0.3728	0.8930	0.8870
181
0294	0.1507	0.9833	0.3901	0.9020	0.1219s	0.3556	0.9030	0.8976
182
0295	0.1270	0.9917	0.3814	0.9020	0.1218s	0.3499	0.9080	0.9034
183
0296	0.1392	0.9750	0.3817	0.9080	0.1222s	0.3547	0.9080	0.9034
184
0297	0.1405	0.9833	0.3890	0.9020	0.1220s	0.3657	0.9050	0.9008
185
0298	0.1450	0.9833	0.4026	0.8960	0.1221s	0.3808	0.8990	0.8942
186
0299	0.1502	0.9833	0.4075	0.8940	0.1222s	0.3838	0.9040	0.8986
187
0300	0.1304	0.9917	0.4140	0.8860	0.1224s	0.3871	0.8970	0.8902
188
0301	0.1421	0.9917	0.4180	0.8820	0.1223s	0.3886	0.8960	0.8891
189
0302	0.1265	0.9750	0.4167	0.8840	0.1217s	0.3854	0.8930	0.8859
190
0303	0.1240	0.9750	0.4138	0.8880	0.1219s	0.3821	0.8960	0.8889
191
0304	0.1364	0.9750	0.4049	0.8920	0.1218s	0.3739	0.8960	0.8886
192
0305	0.1308	0.9833	0.3962	0.8940	0.1217s	0.3673	0.9030	0.8966
193
0306	0.1286	0.9917	0.3910	0.9000	0.1220s	0.3649	0.9140	0.9087
194
0307	0.1280	0.9750	0.3876	0.9040	0.1220s	0.3645	0.9130	0.9081
195
0308	0.1616	0.9750	0.3857	0.9040	0.1218s	0.3655	0.9080	0.9032
196
0309	0.1365	0.9917	0.3848	0.9000	0.1228s	0.3671	0.9060	0.9012
197
0310	0.1432	0.9833	0.3872	0.8900	0.1222s	0.3717	0.9010	0.8954
198
0311	0.1380	0.9750	0.3932	0.8880	0.1216s	0.3806	0.9010	0.8953
199
Early stop! Min loss:0.3632882237434387,  Max accuracy:0.912
Early stop model validation loss:0.3632882237434387,  accuracy:0.908
Optimization Finished!
Total time elapsed: 38.6153s
test max acc:0.9140
Loading 110th epoch
stru_node_to_hop attention:tensor([[0.2505, 0.2516, 0.2493, 0.2487],
        [0.2499, 0.2501, 0.2500, 0.2500],
        [0.2486, 0.2507, 0.2504, 0.2504],
        [0.2497, 0.2516, 0.2495, 0.2492],
        [0.2490, 0.2504, 0.2503, 0.2503],
        [0.2515, 0.2499, 0.2494, 0.2492],
        [0.2502, 0.2499, 0.2500, 0.2499],
        [0.2495, 0.2502, 0.2502, 0.2501],
        [0.2491, 0.2506, 0.2502, 0.2500],
        [0.2497, 0.2502, 0.2501, 0.2500],
        [0.2504, 0.2499, 0.2499, 0.2499],
        [0.2498, 0.2502, 0.2500, 0.2500],
        [0.2495, 0.2504, 0.2501, 0.2500],
        [0.2505, 0.2502, 0.2498, 0.2495],
        [0.2497, 0.2503, 0.2500, 0.2500],
        [0.2499, 0.2506, 0.2499, 0.2496],
        [0.2490, 0.2507, 0.2503, 0.2501],
        [0.2496, 0.2507, 0.2500, 0.2497],
        [0.2501, 0.2500, 0.2500, 0.2500],
        [0.2495, 0.2504, 0.2501, 0.2499],
        [0.2497, 0.2502, 0.2501, 0.2501],
        [0.2476, 0.2525, 0.2502, 0.2498],
        [0.2495, 0.2504, 0.2501, 0.2500],
        [0.2485, 0.2509, 0.2503, 0.2503],
        [0.2499, 0.2501, 0.2500, 0.2500],
        [0.2498, 0.2503, 0.2500, 0.2499],
        [0.2504, 0.2498, 0.2499, 0.2499],
        [0.2481, 0.2509, 0.2505, 0.2505],
        [0.2491, 0.2504, 0.2502, 0.2503],
        [0.2492, 0.2508, 0.2501, 0.2499],
        [0.2482, 0.2512, 0.2505, 0.2501],
        [0.2485, 0.2506, 0.2506, 0.2503],
        [0.2500, 0.2503, 0.2499, 0.2497],
        [0.2496, 0.2501, 0.2502, 0.2501],
        [0.2489, 0.2510, 0.2503, 0.2499],
        [0.2495, 0.2505, 0.2500, 0.2500],
        [0.2494, 0.2500, 0.2503, 0.2502],
        [0.2479, 0.2506, 0.2507, 0.2508],
        [0.2497, 0.2501, 0.2501, 0.2500],
        [0.2495, 0.2507, 0.2500, 0.2499],
        [0.2500, 0.2499, 0.2500, 0.2500],
        [0.2500, 0.2502, 0.2499, 0.2499],
        [0.2491, 0.2507, 0.2501, 0.2501],
        [0.2503, 0.2499, 0.2499, 0.2499],
        [0.2479, 0.2510, 0.2506, 0.2504],
        [0.1951, 0.2097, 0.2664, 0.3288],
        [0.2500, 0.2501, 0.2500, 0.2499],
        [0.2487, 0.2510, 0.2503, 0.2501],
        [0.2494, 0.2504, 0.2502, 0.2500],
        [0.2501, 0.2499, 0.2500, 0.2500],
        [0.2488, 0.2505, 0.2504, 0.2504],
        [0.2492, 0.2505, 0.2502, 0.2501],
        [0.2501, 0.2500, 0.2500, 0.2500],
        [0.2500, 0.2499, 0.2500, 0.2500],
        [0.2481, 0.2513, 0.2504, 0.2501],
        [0.2470, 0.2510, 0.2509, 0.2511],
        [0.2507, 0.2504, 0.2496, 0.2492],
        [0.2492, 0.2504, 0.2503, 0.2502],
        [0.2494, 0.2506, 0.2501, 0.2499],
        [0.2488, 0.2513, 0.2501, 0.2498],
        [0.2493, 0.2507, 0.2501, 0.2499],
        [0.2500, 0.2503, 0.2499, 0.2498],
        [0.2485, 0.2509, 0.2504, 0.2502],
        [0.2495, 0.2500, 0.2502, 0.2503],
        [0.2500, 0.2500, 0.2500, 0.2500],
        [0.2487, 0.2502, 0.2505, 0.2506],
        [0.2503, 0.2511, 0.2496, 0.2490],
        [0.2475, 0.2506, 0.2509, 0.2510],
        [0.2497, 0.2501, 0.2501, 0.2501],
        [0.2498, 0.2502, 0.2500, 0.2500],
        [0.2490, 0.2509, 0.2501, 0.2500],
        [0.2489, 0.2504, 0.2503, 0.2504],
        [0.2501, 0.2502, 0.2499, 0.2498],
        [0.2497, 0.2509, 0.2499, 0.2495],
        [0.2499, 0.2501, 0.2500, 0.2500],
        [0.2501, 0.2500, 0.2500, 0.2499],
        [0.2498, 0.2509, 0.2498, 0.2495],
        [0.2517, 0.2492, 0.2495, 0.2496],
        [0.2498, 0.2501, 0.2501, 0.2501],
        [0.2497, 0.2501, 0.2501, 0.2501],
        [0.2502, 0.2503, 0.2499, 0.2496],
        [0.2490, 0.2508, 0.2502, 0.2500],
        [0.2510, 0.2497, 0.2497, 0.2496],
        [0.2499, 0.2501, 0.2500, 0.2500],
        [0.2499, 0.2500, 0.2500, 0.2500],
        [0.2486, 0.2506, 0.2504, 0.2504],
        [0.2496, 0.2502, 0.2501, 0.2501],
        [0.2475, 0.2513, 0.2507, 0.2505],
        [0.2496, 0.2505, 0.2500, 0.2499],
        [0.2502, 0.2500, 0.2500, 0.2499],
        [0.2495, 0.2502, 0.2501, 0.2501],
        [0.2501, 0.2500, 0.2500, 0.2500],
        [0.2499, 0.2500, 0.2500, 0.2500],
        [0.2490, 0.2506, 0.2503, 0.2501],
        [0.2493, 0.2506, 0.2501, 0.2500],
        [0.2500, 0.2500, 0.2500, 0.2500],
        [0.2507, 0.2498, 0.2498, 0.2498],
        [0.2506, 0.2499, 0.2498, 0.2497],
        [0.2475, 0.2515, 0.2507, 0.2504],
        [0.2506, 0.2501, 0.2497, 0.2496]], device='cuda:1')
fea_node_to_hop attention:tensor([[0.3295, 0.3348, 0.3357],
        [0.3329, 0.3336, 0.3336],
        [0.3319, 0.3328, 0.3352],
        [0.3298, 0.3346, 0.3356],
        [0.3333, 0.3330, 0.3337],
        [0.3317, 0.3333, 0.3350],
        [0.3288, 0.3343, 0.3369],
        [0.3317, 0.3341, 0.3342],
        [0.3290, 0.3352, 0.3358],
        [0.3330, 0.3332, 0.3337],
        [0.3345, 0.3325, 0.3330],
        [0.3321, 0.3339, 0.3340],
        [0.3318, 0.3339, 0.3343],
        [0.3321, 0.3332, 0.3347],
        [0.3328, 0.3333, 0.3339],
        [0.3309, 0.3336, 0.3355],
        [0.3298, 0.3341, 0.3361],
        [0.3331, 0.3331, 0.3337],
        [0.3333, 0.3334, 0.3333],
        [0.3308, 0.3339, 0.3352],
        [0.3328, 0.3336, 0.3336],
        [0.3323, 0.3332, 0.3344],
        [0.3315, 0.3335, 0.3350],
        [0.3320, 0.3336, 0.3343],
        [0.3332, 0.3333, 0.3335],
        [0.3317, 0.3335, 0.3347],
        [0.3341, 0.3330, 0.3329],
        [0.3321, 0.3332, 0.3347],
        [0.3310, 0.3344, 0.3346],
        [0.3314, 0.3342, 0.3344],
        [0.3308, 0.3337, 0.3354],
        [0.3309, 0.3331, 0.3360],
        [0.3331, 0.3328, 0.3341],
        [0.3321, 0.3339, 0.3340],
        [0.3334, 0.3336, 0.3330],
        [0.3286, 0.3346, 0.3368],
        [0.3306, 0.3345, 0.3350],
        [0.3316, 0.3336, 0.3347],
        [0.3327, 0.3333, 0.3340],
        [0.3313, 0.3343, 0.3345],
        [0.3329, 0.3330, 0.3340],
        [0.3331, 0.3331, 0.3339],
        [0.3310, 0.3339, 0.3351],
        [0.3338, 0.3330, 0.3331],
        [0.3317, 0.3346, 0.3337],
        [0.3069, 0.3684, 0.3248],
        [0.3334, 0.3335, 0.3331],
        [0.3292, 0.3350, 0.3359],
        [0.3308, 0.3341, 0.3351],
        [0.3337, 0.3331, 0.3332],
        [0.3335, 0.3327, 0.3338],
        [0.3316, 0.3337, 0.3347],
        [0.3334, 0.3333, 0.3333],
        [0.3304, 0.3351, 0.3346],
        [0.3326, 0.3332, 0.3342],
        [0.3308, 0.3347, 0.3345],
        [0.3328, 0.3336, 0.3337],
        [0.3297, 0.3342, 0.3360],
        [0.3326, 0.3338, 0.3336],
        [0.3317, 0.3328, 0.3356],
        [0.3312, 0.3338, 0.3349],
        [0.3298, 0.3341, 0.3361],
        [0.3313, 0.3340, 0.3347],
        [0.3333, 0.3333, 0.3334],
        [0.3332, 0.3334, 0.3334],
        [0.3275, 0.3365, 0.3360],
        [0.3309, 0.3344, 0.3347],
        [0.3311, 0.3346, 0.3343],
        [0.3319, 0.3341, 0.3340],
        [0.3330, 0.3330, 0.3341],
        [0.3323, 0.3333, 0.3343],
        [0.3302, 0.3346, 0.3352],
        [0.3312, 0.3338, 0.3350],
        [0.3297, 0.3349, 0.3354],
        [0.3331, 0.3333, 0.3336],
        [0.3318, 0.3336, 0.3346],
        [0.3311, 0.3337, 0.3352],
        [0.3285, 0.3353, 0.3362],
        [0.3340, 0.3331, 0.3329],
        [0.3322, 0.3337, 0.3341],
        [0.3323, 0.3342, 0.3335],
        [0.3314, 0.3337, 0.3348],
        [0.3307, 0.3342, 0.3351],
        [0.3328, 0.3335, 0.3337],
        [0.3320, 0.3337, 0.3343],
        [0.3302, 0.3345, 0.3353],
        [0.3326, 0.3342, 0.3332],
        [0.3282, 0.3352, 0.3366],
        [0.3318, 0.3333, 0.3349],
        [0.3294, 0.3347, 0.3360],
        [0.3316, 0.3340, 0.3345],
        [0.3333, 0.3334, 0.3332],
        [0.3325, 0.3337, 0.3338],
        [0.3297, 0.3353, 0.3350],
        [0.3313, 0.3340, 0.3347],
        [0.3330, 0.3334, 0.3335],
        [0.3328, 0.3333, 0.3339],
        [0.3314, 0.3337, 0.3349],
        [0.3305, 0.3337, 0.3358],
        [0.3328, 0.3334, 0.3338]], device='cuda:1')
perception attention:tensor([0.5000, 0.5000], device='cuda:1')
Test set results: loss= 0.3362 accuracy= 0.9110 F1_score= 0.9065
