# epoch	loss_train	acc_train	loss_val	acc_val	time	acc_test	f1_test
0001	1.7976	0.1417	1.6856	0.3400	0.1202s	1.6739	0.3600	0.2109
0
0002	1.6910	0.3333	1.5369	0.4000	0.1224s	1.5109	0.3980	0.2528
0
0003	1.5487	0.4000	1.3550	0.5620	0.1224s	1.3288	0.5820	0.5102
0
0004	1.3270	0.6083	1.1542	0.8140	0.1158s	1.1322	0.8210	0.8038
0
0005	1.1324	0.8250	0.9884	0.8480	0.1223s	0.9667	0.8390	0.8295
0
0006	0.9641	0.8417	0.8513	0.8420	0.1231s	0.8313	0.8540	0.8480
0
0007	0.8277	0.8417	0.7264	0.8660	0.1236s	0.7079	0.8800	0.8742
0
0008	0.7030	0.8583	0.6238	0.8880	0.1227s	0.6041	0.8920	0.8862
0
0009	0.6044	0.8917	0.5556	0.8860	0.1223s	0.5330	0.8960	0.8895
0
0010	0.5284	0.9500	0.5054	0.8780	0.1226s	0.4827	0.8930	0.8863
0
0011	0.4397	0.9500	0.4648	0.8900	0.1228s	0.4394	0.8960	0.8894
0
0012	0.4108	0.8833	0.4286	0.9000	0.1218s	0.4011	0.9020	0.8965
0
0013	0.3687	0.9250	0.4081	0.8880	0.1223s	0.3792	0.9080	0.9028
0
0014	0.3270	0.8833	0.3964	0.8960	0.1222s	0.3674	0.9030	0.8973
0
0015	0.2728	0.9500	0.3898	0.8900	0.1220s	0.3605	0.9020	0.8960
0
0016	0.2728	0.9750	0.3860	0.8960	0.1225s	0.3551	0.9040	0.8983
0
0017	0.2410	0.9583	0.3863	0.8920	0.1221s	0.3543	0.9050	0.8993
0
0018	0.2442	0.9667	0.3839	0.8900	0.1252s	0.3503	0.8990	0.8925
1
0019	0.2156	0.9750	0.3844	0.8900	0.1223s	0.3495	0.8990	0.8925
0
0020	0.2158	0.9833	0.3852	0.8880	0.1225s	0.3504	0.8960	0.8892
1
0021	0.2123	0.9750	0.3933	0.8840	0.1223s	0.3603	0.8990	0.8922
2
0022	0.2042	0.9583	0.3962	0.8840	0.1223s	0.3649	0.8960	0.8887
3
0023	0.1977	0.9417	0.3947	0.8880	0.1220s	0.3645	0.8970	0.8903
4
0024	0.1647	0.9833	0.3940	0.8900	0.1226s	0.3646	0.8980	0.8921
5
0025	0.1885	0.9917	0.3926	0.8860	0.1194s	0.3621	0.8980	0.8924
6
0026	0.1615	0.9667	0.3937	0.8840	0.1226s	0.3609	0.8990	0.8927
7
0027	0.1728	0.9833	0.3967	0.8880	0.1234s	0.3602	0.8980	0.8914
8
0028	0.1789	0.9667	0.4002	0.8860	0.1227s	0.3627	0.8950	0.8884
9
0029	0.1834	0.9917	0.4069	0.8920	0.1109s	0.3705	0.8930	0.8859
10
0030	0.1721	0.9750	0.4130	0.8860	0.1195s	0.3785	0.8890	0.8815
11
0031	0.1543	0.9583	0.4244	0.8800	0.1220s	0.3907	0.8850	0.8766
12
0032	0.1463	0.9917	0.4267	0.8800	0.1235s	0.3935	0.8890	0.8810
13
0033	0.1828	0.9500	0.4203	0.8800	0.1219s	0.3878	0.8940	0.8871
14
0034	0.1753	0.9917	0.4099	0.8880	0.1219s	0.3773	0.8970	0.8909
15
0035	0.1678	0.9583	0.4021	0.8920	0.1252s	0.3671	0.8950	0.8890
16
0036	0.1457	0.9917	0.3985	0.8920	0.1224s	0.3622	0.8960	0.8900
17
0037	0.1656	0.9583	0.3979	0.8880	0.1237s	0.3612	0.8950	0.8890
18
0038	0.1702	0.9833	0.4014	0.8860	0.1222s	0.3657	0.8950	0.8887
19
0039	0.1630	0.9917	0.4079	0.8820	0.1044s	0.3731	0.8920	0.8856
20
0040	0.1468	0.9667	0.4194	0.8820	0.1224s	0.3840	0.8850	0.8775
21
0041	0.1874	0.9667	0.4297	0.8780	0.1219s	0.3930	0.8810	0.8729
22
0042	0.1664	0.9583	0.4299	0.8800	0.1232s	0.3918	0.8830	0.8752
23
0043	0.1600	0.9583	0.4264	0.8860	0.1225s	0.3861	0.8880	0.8809
24
0044	0.1894	0.9583	0.4176	0.8840	0.1224s	0.3777	0.8950	0.8892
25
0045	0.1548	0.9667	0.4067	0.8900	0.1225s	0.3681	0.8940	0.8879
26
0046	0.1600	0.9667	0.3972	0.8880	0.1221s	0.3608	0.8960	0.8899
27
0047	0.1591	0.9750	0.3913	0.8920	0.1237s	0.3571	0.8970	0.8909
28
0048	0.1629	0.9833	0.3887	0.8940	0.1229s	0.3566	0.8980	0.8924
29
0049	0.1490	0.9667	0.3879	0.8940	0.1221s	0.3560	0.8980	0.8923
30
0050	0.1482	0.9917	0.3888	0.8920	0.1224s	0.3564	0.8990	0.8932
31
0051	0.1559	0.9667	0.3908	0.8940	0.1225s	0.3566	0.8950	0.8886
32
0052	0.1471	0.9917	0.3933	0.8960	0.1229s	0.3571	0.8930	0.8867
33
0053	0.1605	1.0000	0.3932	0.8980	0.1228s	0.3556	0.8930	0.8866
34
0054	0.1755	0.9583	0.3905	0.8960	0.1220s	0.3532	0.8960	0.8899
35
0055	0.1608	0.9583	0.3885	0.8940	0.1221s	0.3528	0.8960	0.8898
36
0056	0.1577	0.9917	0.3856	0.8980	0.1227s	0.3498	0.8970	0.8908
37
0057	0.1493	1.0000	0.3843	0.8960	0.1228s	0.3490	0.8990	0.8930
38
0058	0.1635	0.9833	0.3858	0.8920	0.1222s	0.3510	0.9000	0.8940
39
0059	0.1472	0.9833	0.3873	0.8880	0.1226s	0.3529	0.9000	0.8942
40
0060	0.1430	0.9917	0.3885	0.8940	0.1224s	0.3539	0.8970	0.8909
41
0061	0.1484	0.9833	0.3883	0.9000	0.1268s	0.3529	0.8940	0.8876
42
0062	0.1497	0.9667	0.3903	0.8940	0.1226s	0.3527	0.8920	0.8857
0
0063	0.1417	0.9917	0.3924	0.8920	0.1222s	0.3528	0.8960	0.8898
1
0064	0.1462	0.9750	0.3919	0.8960	0.1224s	0.3514	0.8950	0.8889
2
0065	0.1499	0.9833	0.3917	0.8940	0.1222s	0.3506	0.8980	0.8918
3
0066	0.1477	0.9750	0.3940	0.8960	0.1220s	0.3519	0.8950	0.8885
4
0067	0.1388	0.9833	0.3947	0.8980	0.1226s	0.3538	0.8920	0.8855
5
0068	0.1350	1.0000	0.3967	0.8960	0.1222s	0.3578	0.8930	0.8869
6
0069	0.1636	0.9750	0.3935	0.8960	0.1222s	0.3565	0.8940	0.8881
7
0070	0.1535	0.9667	0.3857	0.8960	0.1222s	0.3506	0.8990	0.8932
8
0071	0.1745	0.9500	0.3784	0.9040	0.1224s	0.3449	0.9010	0.8951
9
0072	0.1528	0.9583	0.3766	0.9060	0.1217s	0.3442	0.8980	0.8921
0
0073	0.1392	0.9833	0.3755	0.9060	0.1218s	0.3441	0.8980	0.8921
0
0074	0.1378	0.9750	0.3750	0.9060	0.1232s	0.3444	0.9010	0.8955
0
0075	0.1532	0.9750	0.3763	0.9040	0.1222s	0.3451	0.9000	0.8944
0
0076	0.1510	0.9917	0.3771	0.9040	0.1223s	0.3461	0.8990	0.8932
1
0077	0.1514	0.9667	0.3794	0.9000	0.1221s	0.3487	0.8990	0.8931
2
0078	0.1447	0.9833	0.3859	0.8940	0.1222s	0.3538	0.8990	0.8932
3
0079	0.1584	0.9667	0.3860	0.8940	0.1223s	0.3533	0.8990	0.8932
4
0080	0.1749	0.9833	0.3789	0.9020	0.1223s	0.3464	0.8990	0.8930
5
0081	0.1363	0.9917	0.3736	0.9040	0.1222s	0.3419	0.9030	0.8975
6
0082	0.1394	0.9750	0.3693	0.9060	0.1222s	0.3406	0.9040	0.8985
0
0083	0.1503	0.9750	0.3668	0.9080	0.1224s	0.3404	0.9030	0.8975
0
0084	0.1405	0.9583	0.3668	0.9060	0.1224s	0.3415	0.9040	0.8984
0
0085	0.1640	0.9833	0.3681	0.9040	0.1219s	0.3431	0.9030	0.8974
1
0086	0.1429	0.9833	0.3702	0.9040	0.1221s	0.3438	0.9050	0.8998
2
0087	0.1342	0.9917	0.3731	0.9020	0.1224s	0.3428	0.9050	0.8997
3
0088	0.1282	0.9750	0.3784	0.9020	0.1224s	0.3459	0.9080	0.9028
4
0089	0.1298	0.9750	0.3791	0.9000	0.1219s	0.3461	0.9080	0.9028
5
0090	0.1740	0.9500	0.3769	0.9020	0.1223s	0.3423	0.9060	0.9008
6
0091	0.1719	0.9750	0.3764	0.9020	0.1225s	0.3410	0.9050	0.9000
7
0092	0.1389	1.0000	0.3762	0.9000	0.1229s	0.3393	0.9050	0.9006
8
0093	0.1486	0.9750	0.3742	0.9040	0.1224s	0.3363	0.9060	0.9018
9
0094	0.1455	0.9917	0.3736	0.9000	0.1046s	0.3369	0.9030	0.8982
10
0095	0.1522	0.9833	0.3770	0.9000	0.1222s	0.3407	0.9040	0.8989
11
0096	0.1545	0.9833	0.3769	0.9040	0.1234s	0.3419	0.9060	0.9008
12
0097	0.1447	0.9750	0.3747	0.9040	0.1226s	0.3393	0.9080	0.9029
13
0098	0.1478	0.9750	0.3779	0.9000	0.1220s	0.3395	0.9090	0.9039
14
0099	0.1466	0.9667	0.3840	0.8980	0.1047s	0.3435	0.9060	0.9006
15
0100	0.1426	0.9833	0.3837	0.9000	0.1090s	0.3429	0.9090	0.9038
16
0101	0.1618	1.0000	0.3821	0.8980	0.1220s	0.3429	0.9130	0.9083
17
0102	0.1184	0.9833	0.3789	0.9000	0.1225s	0.3438	0.9080	0.9031
18
0103	0.1428	0.9583	0.3782	0.8960	0.1224s	0.3459	0.9070	0.9020
19
0104	0.1521	0.9583	0.3790	0.9000	0.1236s	0.3468	0.9080	0.9031
20
0105	0.1315	0.9917	0.3786	0.9020	0.1219s	0.3472	0.9070	0.9020
21
0106	0.1372	0.9667	0.3809	0.9020	0.1222s	0.3494	0.9020	0.8969
22
0107	0.1482	0.9833	0.3845	0.9020	0.1046s	0.3532	0.9010	0.8953
23
0108	0.1441	0.9917	0.3857	0.9000	0.1220s	0.3529	0.9010	0.8952
24
0109	0.1360	0.9583	0.3870	0.9000	0.1219s	0.3505	0.9030	0.8971
25
0110	0.1452	0.9750	0.3899	0.9020	0.1222s	0.3501	0.9060	0.9008
26
0111	0.1279	0.9917	0.3907	0.9060	0.1226s	0.3488	0.9100	0.9055
27
0112	0.1467	1.0000	0.3879	0.9060	0.1239s	0.3474	0.9090	0.9042
28
0113	0.1378	0.9917	0.3824	0.9100	0.1222s	0.3467	0.9090	0.9041
29
0114	0.1670	0.9583	0.3780	0.9060	0.1220s	0.3467	0.9090	0.9039
0
0115	0.1631	0.9583	0.3734	0.9040	0.1225s	0.3461	0.9100	0.9053
1
0116	0.1533	0.9667	0.3756	0.9000	0.1221s	0.3512	0.9090	0.9045
2
0117	0.1450	0.9667	0.3815	0.8960	0.1225s	0.3592	0.9040	0.8985
3
0118	0.1459	0.9667	0.3861	0.8940	0.1221s	0.3665	0.8990	0.8936
4
0119	0.1494	0.9750	0.3856	0.8960	0.1219s	0.3670	0.9000	0.8943
5
0120	0.1421	0.9750	0.3836	0.9000	0.1221s	0.3646	0.9000	0.8944
6
0121	0.1496	0.9833	0.3855	0.8980	0.1216s	0.3656	0.9050	0.8992
7
0122	0.1243	1.0000	0.3874	0.9000	0.1222s	0.3663	0.9050	0.8994
8
0123	0.1285	0.9833	0.3858	0.9020	0.1220s	0.3638	0.9020	0.8967
9
0124	0.1328	0.9833	0.3816	0.9020	0.1221s	0.3609	0.9040	0.8989
10
0125	0.1472	0.9750	0.3764	0.9040	0.1226s	0.3583	0.9070	0.9020
11
0126	0.1310	0.9917	0.3733	0.9000	0.1224s	0.3572	0.9060	0.9010
12
0127	0.1332	0.9667	0.3736	0.8940	0.1231s	0.3593	0.9020	0.8968
13
0128	0.1442	0.9667	0.3760	0.8920	0.1224s	0.3627	0.9050	0.9002
14
0129	0.1720	0.9750	0.3743	0.8940	0.1227s	0.3602	0.9060	0.9011
15
0130	0.1539	0.9833	0.3708	0.8940	0.1220s	0.3549	0.9090	0.9044
16
0131	0.1492	0.9917	0.3719	0.8920	0.1110s	0.3540	0.9080	0.9032
17
0132	0.1263	1.0000	0.3747	0.8880	0.1220s	0.3545	0.9080	0.9033
18
0133	0.1347	0.9917	0.3774	0.8880	0.1221s	0.3551	0.9080	0.9033
19
0134	0.1387	0.9750	0.3786	0.8920	0.1219s	0.3558	0.9060	0.9009
20
0135	0.1331	0.9750	0.3774	0.8920	0.1223s	0.3544	0.9080	0.9031
21
0136	0.1434	0.9917	0.3757	0.8920	0.1226s	0.3547	0.9060	0.9010
22
0137	0.1265	0.9833	0.3717	0.8980	0.1213s	0.3529	0.9090	0.9043
23
0138	0.1376	0.9667	0.3698	0.8980	0.1219s	0.3523	0.9080	0.9034
24
0139	0.1421	1.0000	0.3718	0.8980	0.1224s	0.3538	0.9050	0.8998
25
0140	0.1564	0.9667	0.3832	0.8880	0.1225s	0.3623	0.9010	0.8949
26
0141	0.1259	0.9833	0.3994	0.8940	0.1223s	0.3759	0.8960	0.8893
27
0142	0.1339	1.0000	0.4129	0.8820	0.1235s	0.3886	0.8950	0.8874
28
0143	0.1506	0.9917	0.4092	0.8840	0.1223s	0.3869	0.8970	0.8898
29
0144	0.1410	0.9750	0.3978	0.8940	0.1220s	0.3784	0.9030	0.8969
30
0145	0.1519	0.9750	0.3858	0.8940	0.1221s	0.3692	0.9030	0.8971
31
0146	0.1334	0.9583	0.3799	0.8960	0.1222s	0.3654	0.9010	0.8952
32
0147	0.1354	0.9583	0.3771	0.8980	0.1224s	0.3627	0.9030	0.8974
33
0148	0.1509	0.9750	0.3746	0.9000	0.1225s	0.3589	0.9070	0.9022
34
0149	0.1572	0.9833	0.3754	0.9000	0.1227s	0.3577	0.9100	0.9049
35
0150	0.1292	0.9750	0.3771	0.8980	0.1265s	0.3558	0.9090	0.9039
36
0151	0.1334	0.9750	0.3829	0.8940	0.1226s	0.3572	0.9060	0.9002
37
0152	0.1405	0.9833	0.3907	0.8900	0.1224s	0.3619	0.9020	0.8959
38
0153	0.1514	0.9667	0.3945	0.8900	0.1221s	0.3658	0.9010	0.8948
39
0154	0.1531	0.9667	0.3880	0.8900	0.1061s	0.3621	0.8970	0.8907
40
0155	0.1254	0.9917	0.3776	0.9000	0.1192s	0.3563	0.9020	0.8964
41
0156	0.1343	0.9833	0.3661	0.9040	0.1046s	0.3492	0.9060	0.9009
42
0157	0.1211	0.9917	0.3622	0.9080	0.1218s	0.3471	0.9100	0.9055
0
0158	0.1492	0.9750	0.3611	0.9100	0.1223s	0.3439	0.9080	0.9035
0
0159	0.1207	1.0000	0.3621	0.9080	0.1227s	0.3424	0.9090	0.9044
0
0160	0.1339	0.9833	0.3690	0.9060	0.1222s	0.3494	0.9040	0.8984
1
0161	0.1190	0.9750	0.3782	0.8980	0.1222s	0.3594	0.9040	0.8977
2
0162	0.1503	0.9583	0.3854	0.8960	0.1210s	0.3660	0.9000	0.8937
3
0163	0.1370	0.9750	0.3909	0.8940	0.1221s	0.3687	0.8950	0.8883
4
0164	0.1253	0.9917	0.3854	0.8980	0.1215s	0.3625	0.9000	0.8937
5
0165	0.1326	0.9833	0.3750	0.9020	0.1223s	0.3539	0.9040	0.8980
6
0166	0.1281	0.9750	0.3690	0.9040	0.1220s	0.3483	0.9060	0.9006
7
0167	0.1647	0.9667	0.3663	0.9060	0.1221s	0.3468	0.9070	0.9014
8
0168	0.1450	0.9750	0.3674	0.9040	0.1221s	0.3512	0.9080	0.9025
9
0169	0.1476	0.9917	0.3767	0.8960	0.1220s	0.3631	0.9060	0.8998
10
0170	0.1267	0.9750	0.3854	0.8900	0.1227s	0.3727	0.9020	0.8956
11
0171	0.1302	0.9917	0.3891	0.8880	0.1225s	0.3765	0.9020	0.8955
12
0172	0.1270	0.9917	0.3882	0.8900	0.1225s	0.3763	0.9020	0.8957
13
0173	0.1291	0.9833	0.3882	0.8920	0.1219s	0.3751	0.9010	0.8946
14
0174	0.1163	0.9833	0.3869	0.8960	0.1249s	0.3718	0.9000	0.8941
15
0175	0.1483	0.9750	0.3827	0.8960	0.1221s	0.3673	0.9050	0.8993
16
0176	0.1574	0.9750	0.3832	0.9020	0.1223s	0.3671	0.9020	0.8958
17
0177	0.1279	0.9667	0.3827	0.9000	0.1221s	0.3676	0.9020	0.8961
18
0178	0.1438	0.9667	0.3856	0.8980	0.1215s	0.3706	0.9050	0.8992
19
0179	0.1308	0.9667	0.3876	0.8940	0.1220s	0.3723	0.9040	0.8980
20
0180	0.1335	0.9833	0.3874	0.8920	0.1223s	0.3728	0.9070	0.9011
21
0181	0.1430	0.9917	0.3825	0.8900	0.1228s	0.3686	0.9070	0.9012
22
0182	0.1373	0.9833	0.3762	0.8960	0.1229s	0.3617	0.9090	0.9038
23
0183	0.1377	0.9917	0.3760	0.8960	0.1222s	0.3599	0.9080	0.9027
24
0184	0.1253	1.0000	0.3823	0.8920	0.1223s	0.3641	0.9050	0.8996
25
0185	0.1254	0.9833	0.3910	0.8900	0.1217s	0.3711	0.9000	0.8941
26
0186	0.1343	0.9917	0.4005	0.8920	0.1221s	0.3788	0.8960	0.8901
27
0187	0.1611	0.9750	0.3989	0.8920	0.1223s	0.3768	0.8960	0.8899
28
0188	0.1590	0.9833	0.3856	0.8940	0.1218s	0.3642	0.9030	0.8972
29
0189	0.1384	1.0000	0.3743	0.9020	0.1216s	0.3510	0.9100	0.9053
30
0190	0.1466	0.9750	0.3702	0.9100	0.1219s	0.3455	0.9170	0.9130
31
0191	0.1299	0.9917	0.3687	0.9100	0.1218s	0.3422	0.9170	0.9129
0
0192	0.1399	0.9833	0.3696	0.9120	0.1216s	0.3427	0.9170	0.9128
0
0193	0.1229	0.9833	0.3740	0.9080	0.1221s	0.3468	0.9140	0.9095
0
0194	0.1402	0.9667	0.3780	0.9100	0.1225s	0.3502	0.9100	0.9050
1
0195	0.1366	0.9833	0.3804	0.9080	0.1222s	0.3512	0.9100	0.9048
2
0196	0.1132	0.9917	0.3834	0.9040	0.1222s	0.3542	0.9100	0.9050
3
0197	0.1280	0.9833	0.3868	0.9000	0.1221s	0.3579	0.9070	0.9017
4
0198	0.1275	0.9833	0.3877	0.9000	0.1222s	0.3605	0.9060	0.9011
5
0199	0.1348	0.9750	0.3843	0.9000	0.1228s	0.3581	0.9040	0.8989
6
0200	0.1248	0.9833	0.3781	0.9000	0.1224s	0.3523	0.9030	0.8975
7
0201	0.1154	1.0000	0.3711	0.9080	0.1223s	0.3442	0.9050	0.8998
8
0202	0.1272	0.9917	0.3655	0.9080	0.1220s	0.3384	0.9090	0.9040
9
0203	0.1292	0.9667	0.3639	0.9140	0.1220s	0.3381	0.9120	0.9074
10
0204	0.1274	0.9750	0.3659	0.9140	0.1217s	0.3426	0.9100	0.9054
0
0205	0.1458	0.9583	0.3683	0.9120	0.1219s	0.3465	0.9080	0.9031
0
0206	0.1147	0.9917	0.3734	0.9080	0.1214s	0.3535	0.9080	0.9027
1
0207	0.1360	0.9917	0.3795	0.9040	0.1216s	0.3609	0.9020	0.8959
2
0208	0.1216	0.9750	0.3798	0.9060	0.1223s	0.3615	0.9010	0.8954
3
0209	0.1432	0.9750	0.3736	0.9080	0.1229s	0.3579	0.9070	0.9019
4
0210	0.1323	0.9917	0.3655	0.9060	0.1207s	0.3521	0.9080	0.9033
5
0211	0.1340	0.9833	0.3601	0.9060	0.1209s	0.3483	0.9080	0.9035
6
0212	0.1234	1.0000	0.3594	0.9100	0.1197s	0.3488	0.9090	0.9045
0
0213	0.1304	0.9833	0.3604	0.9120	0.1225s	0.3486	0.9050	0.9002
0
0214	0.1276	0.9667	0.3681	0.9120	0.1220s	0.3536	0.9000	0.8943
1
0215	0.1309	0.9917	0.3757	0.9060	0.1223s	0.3598	0.8940	0.8878
2
0216	0.1403	0.9750	0.3726	0.9080	0.1217s	0.3557	0.9010	0.8953
3
0217	0.1332	0.9917	0.3716	0.9100	0.1230s	0.3560	0.9050	0.8996
4
0218	0.1522	0.9667	0.3715	0.9040	0.1218s	0.3578	0.9070	0.9022
5
0219	0.1604	0.9750	0.3723	0.8960	0.1215s	0.3603	0.9080	0.9030
6
0220	0.1313	0.9917	0.3726	0.8980	0.1218s	0.3633	0.9070	0.9015
7
0221	0.1429	0.9750	0.3689	0.8980	0.1218s	0.3614	0.9070	0.9013
8
0222	0.1260	0.9750	0.3650	0.9060	0.1219s	0.3587	0.9040	0.8983
9
0223	0.1243	0.9750	0.3587	0.9060	0.1218s	0.3506	0.9090	0.9041
10
0224	0.1282	1.0000	0.3594	0.9100	0.1214s	0.3486	0.9030	0.8974
0
0225	0.1194	0.9833	0.3611	0.9100	0.1222s	0.3468	0.9040	0.8986
1
0226	0.1338	0.9917	0.3624	0.9120	0.1218s	0.3461	0.9080	0.9026
2
0227	0.1355	0.9667	0.3658	0.9080	0.1219s	0.3487	0.9050	0.8997
3
0228	0.1349	0.9917	0.3692	0.9100	0.1220s	0.3526	0.9030	0.8976
4
0229	0.1436	0.9833	0.3748	0.9080	0.1236s	0.3605	0.9030	0.8976
5
0230	0.1524	0.9583	0.3782	0.9020	0.1224s	0.3653	0.9020	0.8962
6
0231	0.1345	1.0000	0.3769	0.9060	0.1225s	0.3641	0.9030	0.8971
7
0232	0.1254	0.9833	0.3701	0.9040	0.1202s	0.3555	0.9030	0.8974
8
0233	0.1550	0.9583	0.3630	0.9100	0.1225s	0.3440	0.9060	0.9007
9
0234	0.1398	0.9833	0.3618	0.9100	0.1044s	0.3399	0.9090	0.9041
10
0235	0.1269	0.9917	0.3643	0.9080	0.1226s	0.3401	0.9100	0.9054
11
0236	0.1737	0.9917	0.3716	0.9060	0.1218s	0.3470	0.9030	0.8977
12
0237	0.1350	0.9667	0.3780	0.9000	0.1219s	0.3556	0.8980	0.8924
13
0238	0.1435	0.9667	0.3828	0.9020	0.1225s	0.3612	0.8910	0.8848
14
0239	0.1215	0.9833	0.3833	0.9020	0.1217s	0.3628	0.8920	0.8858
15
0240	0.1452	0.9917	0.3739	0.9060	0.1221s	0.3561	0.9020	0.8964
16
0241	0.1210	0.9833	0.3702	0.9080	0.1228s	0.3543	0.9080	0.9027
17
0242	0.1244	1.0000	0.3735	0.9040	0.1221s	0.3575	0.9100	0.9055
18
0243	0.1178	0.9917	0.3813	0.9000	0.1222s	0.3643	0.9080	0.9033
19
0244	0.1604	0.9667	0.3811	0.9020	0.1225s	0.3645	0.9080	0.9033
20
0245	0.1551	0.9917	0.3707	0.9020	0.1224s	0.3541	0.9120	0.9072
21
0246	0.1558	0.9750	0.3700	0.9000	0.1226s	0.3523	0.9110	0.9058
22
0247	0.1236	1.0000	0.3788	0.8980	0.1221s	0.3588	0.9030	0.8972
23
0248	0.1286	0.9833	0.3922	0.8940	0.1225s	0.3699	0.8950	0.8887
24
0249	0.1207	0.9917	0.3967	0.8940	0.1225s	0.3730	0.8950	0.8889
25
0250	0.1736	0.9417	0.3870	0.8940	0.1226s	0.3646	0.8960	0.8902
26
0251	0.1392	0.9833	0.3747	0.9020	0.1225s	0.3553	0.9040	0.8985
27
0252	0.1332	1.0000	0.3692	0.9060	0.1218s	0.3517	0.9100	0.9049
28
0253	0.1308	0.9833	0.3687	0.9040	0.1226s	0.3525	0.9100	0.9052
29
0254	0.1327	0.9750	0.3694	0.9020	0.1220s	0.3529	0.9100	0.9052
30
0255	0.1250	0.9917	0.3747	0.9000	0.1218s	0.3582	0.9070	0.9021
31
0256	0.1273	0.9833	0.3801	0.8960	0.1223s	0.3627	0.9070	0.9015
32
0257	0.1194	0.9917	0.3843	0.8960	0.1222s	0.3652	0.8980	0.8920
33
0258	0.1360	0.9917	0.3891	0.8960	0.1215s	0.3684	0.9000	0.8937
34
0259	0.1205	0.9833	0.3936	0.8960	0.1220s	0.3715	0.9000	0.8938
35
0260	0.1490	0.9667	0.3890	0.8960	0.1225s	0.3665	0.8990	0.8931
36
0261	0.1225	1.0000	0.3794	0.9020	0.1226s	0.3583	0.9020	0.8963
37
0262	0.1202	0.9917	0.3726	0.9100	0.1224s	0.3532	0.9050	0.8997
38
0263	0.1130	0.9833	0.3694	0.9080	0.1221s	0.3530	0.9090	0.9044
39
0264	0.1262	0.9917	0.3672	0.9060	0.1225s	0.3538	0.9090	0.9045
40
0265	0.1194	0.9917	0.3691	0.9060	0.1218s	0.3585	0.9120	0.9075
41
0266	0.1344	0.9667	0.3746	0.8960	0.1225s	0.3660	0.9090	0.9039
42
0267	0.1324	0.9583	0.3798	0.8960	0.1221s	0.3720	0.9070	0.9015
43
0268	0.1298	0.9833	0.3839	0.9000	0.1221s	0.3747	0.9060	0.9005
44
0269	0.1403	0.9750	0.3862	0.9000	0.1221s	0.3753	0.9020	0.8964
45
0270	0.1230	0.9833	0.3857	0.8960	0.1222s	0.3736	0.9000	0.8946
46
0271	0.1425	0.9917	0.3807	0.8980	0.1222s	0.3660	0.8960	0.8906
47
0272	0.1225	0.9833	0.3766	0.9020	0.1221s	0.3593	0.8990	0.8935
48
0273	0.1374	0.9750	0.3729	0.9020	0.1211s	0.3546	0.9040	0.8986
49
0274	0.1434	0.9833	0.3686	0.9020	0.1219s	0.3526	0.9080	0.9030
50
0275	0.1291	0.9750	0.3654	0.8980	0.1223s	0.3537	0.9120	0.9078
51
0276	0.1231	0.9750	0.3698	0.9000	0.1214s	0.3620	0.9090	0.9039
52
0277	0.1388	0.9667	0.3770	0.9000	0.1224s	0.3726	0.9050	0.8991
53
0278	0.1629	0.9750	0.3859	0.8960	0.1216s	0.3824	0.9080	0.9016
54
0279	0.1330	0.9917	0.3915	0.8960	0.1220s	0.3878	0.9030	0.8968
55
0280	0.1386	0.9750	0.3890	0.8980	0.1221s	0.3846	0.8990	0.8932
56
0281	0.1375	0.9750	0.3834	0.9040	0.1223s	0.3791	0.8960	0.8904
57
0282	0.1314	1.0000	0.3674	0.9000	0.1059s	0.3615	0.9050	0.8998
58
0283	0.1225	0.9667	0.3649	0.9000	0.1198s	0.3557	0.9050	0.9000
59
0284	0.1183	0.9917	0.3723	0.8960	0.1218s	0.3595	0.8990	0.8936
60
0285	0.1438	0.9833	0.3768	0.8920	0.1217s	0.3619	0.9010	0.8955
61
0286	0.1603	0.9667	0.3709	0.8920	0.1220s	0.3592	0.9010	0.8962
62
0287	0.1273	0.9833	0.3646	0.8980	0.1222s	0.3566	0.9040	0.8992
63
0288	0.1318	0.9750	0.3632	0.9040	0.1217s	0.3565	0.9040	0.8992
64
0289	0.1465	0.9750	0.3694	0.8960	0.1231s	0.3624	0.9090	0.9035
65
0290	0.1334	1.0000	0.3763	0.8900	0.1219s	0.3667	0.9060	0.8998
66
0291	0.1339	0.9667	0.3774	0.8900	0.1203s	0.3642	0.9080	0.9026
67
0292	0.1393	0.9667	0.3757	0.8940	0.1217s	0.3604	0.9080	0.9025
68
0293	0.1327	0.9833	0.3714	0.9000	0.1222s	0.3539	0.9100	0.9046
69
0294	0.1430	1.0000	0.3684	0.8940	0.1225s	0.3502	0.9120	0.9071
70
0295	0.1451	0.9833	0.3716	0.8920	0.1220s	0.3514	0.9090	0.9037
71
0296	0.1381	0.9833	0.3724	0.8900	0.1220s	0.3508	0.9020	0.8967
72
0297	0.1333	0.9917	0.3715	0.8900	0.1220s	0.3486	0.9010	0.8958
73
0298	0.1406	0.9667	0.3680	0.8900	0.1222s	0.3446	0.9020	0.8969
74
0299	0.1345	0.9750	0.3653	0.8980	0.1222s	0.3432	0.9060	0.9014
75
0300	0.1421	0.9750	0.3660	0.9000	0.1217s	0.3445	0.9040	0.8992
76
0301	0.1417	0.9750	0.3700	0.8980	0.1224s	0.3476	0.9070	0.9017
77
0302	0.1243	0.9917	0.3783	0.8940	0.1215s	0.3540	0.9030	0.8979
78
0303	0.1379	0.9833	0.3841	0.8980	0.1221s	0.3573	0.9020	0.8971
79
0304	0.1697	0.9750	0.3805	0.8940	0.1221s	0.3501	0.9020	0.8967
80
0305	0.1512	0.9833	0.3759	0.8940	0.1222s	0.3427	0.9040	0.8986
81
0306	0.1460	0.9833	0.3730	0.9000	0.1215s	0.3384	0.9100	0.9046
82
0307	0.1128	1.0000	0.3740	0.8980	0.1218s	0.3395	0.9050	0.8994
83
0308	0.1323	0.9750	0.3737	0.8960	0.1218s	0.3397	0.9050	0.8996
84
0309	0.1267	0.9750	0.3760	0.8940	0.1224s	0.3454	0.9080	0.9029
85
0310	0.1262	0.9833	0.3788	0.8980	0.1223s	0.3518	0.9040	0.8987
86
0311	0.1260	0.9917	0.3797	0.9020	0.1221s	0.3571	0.9050	0.8992
87
0312	0.1375	1.0000	0.3787	0.9000	0.1219s	0.3584	0.9060	0.9005
88
0313	0.1469	0.9917	0.3730	0.9060	0.1223s	0.3510	0.9080	0.9034
89
0314	0.1305	0.9667	0.3711	0.9080	0.1213s	0.3458	0.9080	0.9032
90
0315	0.1492	0.9917	0.3741	0.9040	0.1220s	0.3464	0.9080	0.9034
91
0316	0.1518	0.9667	0.3777	0.9020	0.1216s	0.3479	0.9090	0.9042
92
0317	0.1427	0.9750	0.3811	0.8980	0.1220s	0.3531	0.9080	0.9033
93
0318	0.1266	0.9917	0.3827	0.9000	0.1221s	0.3577	0.9090	0.9045
94
0319	0.1244	0.9917	0.3866	0.9060	0.1214s	0.3650	0.9050	0.9004
95
0320	0.1395	0.9750	0.3935	0.9000	0.1244s	0.3714	0.9020	0.8969
96
0321	0.1402	0.9667	0.3979	0.9000	0.1223s	0.3747	0.8990	0.8935
97
0322	0.1381	0.9583	0.3983	0.9000	0.1222s	0.3735	0.8960	0.8899
98
0323	0.1408	0.9833	0.3910	0.9020	0.1197s	0.3664	0.9010	0.8951
99
0324	0.1520	0.9833	0.3851	0.9060	0.1217s	0.3619	0.9020	0.8963
100
0325	0.1317	0.9833	0.3801	0.9020	0.1224s	0.3598	0.9070	0.9018
101
0326	0.1218	0.9750	0.3761	0.9040	0.1222s	0.3586	0.9070	0.9020
102
0327	0.1036	0.9750	0.3765	0.9040	0.1219s	0.3621	0.9040	0.8989
103
0328	0.1350	0.9500	0.3786	0.9060	0.1222s	0.3666	0.9020	0.8968
104
0329	0.1202	0.9833	0.3799	0.9060	0.1222s	0.3688	0.9010	0.8957
105
0330	0.1436	0.9750	0.3804	0.9060	0.1220s	0.3699	0.9050	0.8998
106
0331	0.1379	0.9667	0.3779	0.9100	0.1221s	0.3678	0.9010	0.8955
107
0332	0.1303	0.9917	0.3768	0.9100	0.1220s	0.3667	0.9010	0.8958
108
0333	0.1316	0.9917	0.3753	0.9100	0.1220s	0.3649	0.9040	0.8993
109
0334	0.1542	0.9833	0.3752	0.9100	0.1219s	0.3646	0.9060	0.9014
110
0335	0.1408	0.9917	0.3760	0.9080	0.1217s	0.3666	0.9050	0.9002
111
0336	0.1291	0.9667	0.3763	0.9100	0.1217s	0.3686	0.9050	0.8999
112
0337	0.1331	1.0000	0.3784	0.9040	0.1224s	0.3735	0.9020	0.8961
113
0338	0.1288	0.9917	0.3834	0.9000	0.1220s	0.3807	0.9010	0.8948
114
0339	0.1286	0.9833	0.3869	0.8960	0.1232s	0.3850	0.9000	0.8936
115
0340	0.1391	0.9833	0.3871	0.8980	0.1199s	0.3811	0.9010	0.8947
116
0341	0.1314	0.9750	0.3885	0.9020	0.1217s	0.3773	0.9000	0.8939
117
0342	0.1349	0.9750	0.3913	0.9040	0.1214s	0.3752	0.8990	0.8924
118
0343	0.1229	0.9667	0.3946	0.9020	0.1222s	0.3749	0.8960	0.8892
119
0344	0.1271	0.9833	0.3919	0.9000	0.1215s	0.3720	0.9000	0.8947
120
0345	0.1325	0.9750	0.3888	0.9000	0.1225s	0.3704	0.9040	0.8990
121
0346	0.1369	0.9750	0.3882	0.9000	0.1224s	0.3719	0.9060	0.9010
122
0347	0.1526	0.9750	0.3839	0.9000	0.1223s	0.3690	0.9000	0.8940
123
0348	0.1416	0.9833	0.3816	0.9040	0.1215s	0.3666	0.9030	0.8977
124
0349	0.1197	1.0000	0.3816	0.9040	0.1219s	0.3667	0.9020	0.8968
125
0350	0.1255	0.9917	0.3835	0.9020	0.1224s	0.3677	0.9010	0.8961
126
0351	0.1506	0.9750	0.3846	0.9020	0.1217s	0.3681	0.8990	0.8941
127
0352	0.1143	1.0000	0.3835	0.9020	0.1217s	0.3654	0.8990	0.8940
128
0353	0.1447	0.9667	0.3856	0.9020	0.1216s	0.3657	0.8990	0.8936
129
0354	0.1479	0.9750	0.3964	0.8920	0.1223s	0.3724	0.8990	0.8931
130
0355	0.1290	0.9833	0.4120	0.8900	0.1226s	0.3835	0.8920	0.8852
131
0356	0.1395	0.9833	0.4114	0.8940	0.1223s	0.3801	0.8940	0.8873
132
0357	0.1376	0.9750	0.4052	0.8960	0.1222s	0.3737	0.8940	0.8876
133
0358	0.1403	0.9833	0.3887	0.9000	0.1231s	0.3579	0.8980	0.8923
134
0359	0.1469	0.9583	0.3797	0.9020	0.1216s	0.3498	0.9050	0.8998
135
0360	0.1517	0.9667	0.3762	0.9000	0.1218s	0.3483	0.9050	0.8998
136
0361	0.1404	0.9917	0.3793	0.8980	0.1220s	0.3550	0.9050	0.8996
137
0362	0.1185	1.0000	0.3855	0.8940	0.1223s	0.3649	0.9010	0.8956
138
0363	0.1464	0.9917	0.3942	0.8860	0.1221s	0.3731	0.8940	0.8877
139
0364	0.1186	0.9833	0.3980	0.8840	0.1225s	0.3748	0.8930	0.8870
140
0365	0.1183	0.9917	0.3946	0.8940	0.1220s	0.3682	0.8950	0.8888
141
0366	0.1519	0.9500	0.3917	0.8920	0.1224s	0.3627	0.8980	0.8921
142
0367	0.1454	0.9917	0.3932	0.8960	0.1221s	0.3618	0.9000	0.8941
143
0368	0.1257	0.9917	0.3933	0.8980	0.1221s	0.3600	0.9010	0.8952
144
0369	0.1186	0.9750	0.3955	0.8940	0.1221s	0.3611	0.9010	0.8951
145
0370	0.1481	0.9833	0.3920	0.8980	0.1221s	0.3586	0.9020	0.8962
146
0371	0.1510	0.9833	0.3883	0.8960	0.1220s	0.3543	0.9030	0.8974
147
0372	0.1486	0.9750	0.3905	0.8920	0.1226s	0.3555	0.9030	0.8976
148
0373	0.1321	0.9833	0.3915	0.8980	0.1220s	0.3566	0.9010	0.8957
149
0374	0.1095	1.0000	0.3928	0.8960	0.1216s	0.3580	0.9000	0.8948
150
0375	0.1267	0.9917	0.3940	0.8980	0.1214s	0.3606	0.9020	0.8967
151
0376	0.1353	0.9833	0.3935	0.8920	0.1222s	0.3618	0.8980	0.8918
152
0377	0.1343	0.9917	0.3950	0.8820	0.1232s	0.3639	0.9030	0.8972
153
0378	0.1336	1.0000	0.3914	0.8860	0.1222s	0.3592	0.9020	0.8958
154
0379	0.1375	0.9833	0.3871	0.8960	0.1223s	0.3521	0.9050	0.8990
155
0380	0.1350	0.9667	0.3792	0.9020	0.1213s	0.3416	0.9090	0.9040
156
0381	0.1406	0.9500	0.3759	0.9080	0.1219s	0.3368	0.9120	0.9072
157
0382	0.1227	0.9833	0.3745	0.9080	0.1218s	0.3345	0.9120	0.9075
158
0383	0.1277	0.9833	0.3764	0.9000	0.1221s	0.3371	0.9110	0.9064
159
0384	0.1286	0.9583	0.3818	0.9000	0.1222s	0.3432	0.9060	0.9009
160
0385	0.1347	0.9917	0.3895	0.8920	0.1044s	0.3506	0.9010	0.8957
161
0386	0.1186	0.9667	0.3939	0.8940	0.1220s	0.3547	0.8990	0.8934
162
0387	0.1243	0.9667	0.3936	0.8920	0.1218s	0.3550	0.8960	0.8898
163
0388	0.1281	0.9583	0.3887	0.8900	0.1218s	0.3512	0.9010	0.8951
164
0389	0.1248	0.9917	0.3846	0.8980	0.1042s	0.3470	0.9050	0.8993
165
0390	0.1300	0.9833	0.3812	0.8980	0.1220s	0.3427	0.9050	0.8996
166
0391	0.1181	1.0000	0.3790	0.9020	0.1189s	0.3406	0.9060	0.9007
167
0392	0.1360	0.9750	0.3801	0.9000	0.1219s	0.3426	0.9050	0.8996
168
0393	0.1382	0.9750	0.3796	0.9020	0.1222s	0.3426	0.9060	0.9006
169
0394	0.1372	0.9917	0.3810	0.9020	0.1218s	0.3449	0.9020	0.8960
170
0395	0.1117	0.9833	0.3861	0.8940	0.1216s	0.3509	0.9000	0.8937
171
0396	0.1256	0.9750	0.3909	0.8920	0.1237s	0.3568	0.8980	0.8916
172
0397	0.1385	0.9750	0.3939	0.8900	0.1223s	0.3584	0.8970	0.8902
173
0398	0.1135	0.9833	0.3991	0.8920	0.1218s	0.3617	0.8950	0.8880
174
0399	0.1331	0.9833	0.4047	0.8940	0.1222s	0.3662	0.8950	0.8883
175
0400	0.1395	0.9833	0.4033	0.8920	0.1221s	0.3641	0.8940	0.8868
176
0401	0.1279	0.9833	0.3996	0.8980	0.1050s	0.3602	0.8960	0.8892
177
0402	0.1287	0.9833	0.3968	0.8980	0.1033s	0.3585	0.9020	0.8956
178
0403	0.1356	0.9833	0.3980	0.9020	0.1173s	0.3615	0.8980	0.8914
179
0404	0.1394	0.9833	0.3968	0.8980	0.1219s	0.3614	0.9000	0.8935
180
0405	0.1477	0.9833	0.3945	0.8980	0.1223s	0.3592	0.9000	0.8936
181
0406	0.1201	0.9750	0.3877	0.8980	0.1047s	0.3500	0.9020	0.8959
182
0407	0.1434	0.9833	0.3883	0.9000	0.1223s	0.3479	0.9020	0.8967
183
0408	0.0967	1.0000	0.3933	0.9020	0.1223s	0.3505	0.9010	0.8958
184
0409	0.1303	0.9667	0.4004	0.8980	0.1220s	0.3578	0.8960	0.8904
185
0410	0.1371	0.9833	0.3965	0.8980	0.1219s	0.3554	0.8970	0.8916
186
0411	0.1421	0.9667	0.3934	0.9000	0.1220s	0.3556	0.8960	0.8904
187
0412	0.1284	0.9833	0.3863	0.9040	0.1211s	0.3508	0.8980	0.8922
188
0413	0.1473	1.0000	0.3838	0.9060	0.1214s	0.3496	0.8990	0.8934
189
0414	0.1327	1.0000	0.3863	0.9040	0.1211s	0.3527	0.8990	0.8933
190
0415	0.1248	0.9917	0.3942	0.9000	0.1224s	0.3617	0.8970	0.8909
191
0416	0.1175	0.9917	0.3986	0.8980	0.1223s	0.3678	0.8970	0.8909
192
0417	0.1361	0.9750	0.3990	0.8960	0.1221s	0.3679	0.8960	0.8898
193
0418	0.1186	0.9917	0.3933	0.9020	0.1219s	0.3616	0.8990	0.8934
194
0419	0.1412	0.9833	0.3893	0.9040	0.1221s	0.3560	0.8960	0.8902
195
0420	0.1150	0.9833	0.3857	0.9060	0.1227s	0.3526	0.8990	0.8940
196
0421	0.1383	0.9833	0.3835	0.9060	0.1218s	0.3527	0.9000	0.8950
197
0422	0.1594	0.9667	0.3822	0.9080	0.1223s	0.3563	0.9010	0.8959
198
0423	0.1364	0.9917	0.3821	0.9080	0.1220s	0.3602	0.9040	0.8990
199
Early stop! Min loss:0.3586866557598114,  Max accuracy:0.914
Early stop model validation loss:0.3586866557598114,  accuracy:0.906
Optimization Finished!
Total time elapsed: 52.3644s
test max acc:0.9170
Loading 222th epoch
stru_node_to_hop attention:tensor([[0.2513, 0.2504, 0.2493, 0.2490],
        [0.2498, 0.2501, 0.2501, 0.2500],
        [0.2482, 0.2510, 0.2505, 0.2503],
        [0.2512, 0.2519, 0.2487, 0.2482],
        [0.2486, 0.2509, 0.2503, 0.2503],
        [0.2506, 0.2506, 0.2496, 0.2493],
        [0.2509, 0.2498, 0.2497, 0.2497],
        [0.2494, 0.2504, 0.2502, 0.2500],
        [0.2506, 0.2501, 0.2497, 0.2496],
        [0.2488, 0.2506, 0.2503, 0.2502],
        [0.2496, 0.2502, 0.2501, 0.2501],
        [0.2488, 0.2507, 0.2504, 0.2502],
        [0.2501, 0.2501, 0.2499, 0.2499],
        [0.2475, 0.2513, 0.2507, 0.2505],
        [0.2495, 0.2502, 0.2502, 0.2501],
        [0.2489, 0.2517, 0.2499, 0.2495],
        [0.2485, 0.2508, 0.2504, 0.2503],
        [0.2473, 0.2521, 0.2505, 0.2501],
        [0.2500, 0.2500, 0.2500, 0.2500],
        [0.2505, 0.2500, 0.2499, 0.2497],
        [0.2500, 0.2500, 0.2500, 0.2500],
        [0.2464, 0.2529, 0.2506, 0.2502],
        [0.2501, 0.2501, 0.2500, 0.2499],
        [0.2496, 0.2501, 0.2502, 0.2501],
        [0.2497, 0.2502, 0.2500, 0.2500],
        [0.2488, 0.2509, 0.2502, 0.2501],
        [0.2501, 0.2500, 0.2499, 0.2500],
        [0.2489, 0.2507, 0.2503, 0.2502],
        [0.2494, 0.2503, 0.2502, 0.2502],
        [0.2477, 0.2515, 0.2505, 0.2503],
        [0.2487, 0.2508, 0.2504, 0.2502],
        [0.2470, 0.2509, 0.2511, 0.2511],
        [0.2502, 0.2502, 0.2498, 0.2497],
        [0.2486, 0.2505, 0.2505, 0.2504],
        [0.2485, 0.2504, 0.2505, 0.2506],
        [0.2500, 0.2501, 0.2499, 0.2499],
        [0.2492, 0.2505, 0.2503, 0.2501],
        [0.2495, 0.2501, 0.2502, 0.2503],
        [0.2496, 0.2502, 0.2501, 0.2501],
        [0.2498, 0.2507, 0.2498, 0.2497],
        [0.2487, 0.2503, 0.2505, 0.2505],
        [0.2497, 0.2508, 0.2499, 0.2495],
        [0.2499, 0.2500, 0.2501, 0.2501],
        [0.2501, 0.2500, 0.2500, 0.2500],
        [0.2458, 0.2516, 0.2514, 0.2512],
        [0.1524, 0.1903, 0.2720, 0.3853],
        [0.2502, 0.2501, 0.2499, 0.2498],
        [0.2476, 0.2516, 0.2505, 0.2503],
        [0.2491, 0.2506, 0.2502, 0.2500],
        [0.2504, 0.2498, 0.2499, 0.2499],
        [0.2493, 0.2507, 0.2500, 0.2499],
        [0.2499, 0.2500, 0.2500, 0.2501],
        [0.2502, 0.2499, 0.2499, 0.2499],
        [0.2504, 0.2499, 0.2499, 0.2498],
        [0.2494, 0.2504, 0.2501, 0.2501],
        [0.2491, 0.2503, 0.2502, 0.2503],
        [0.2488, 0.2505, 0.2504, 0.2503],
        [0.2506, 0.2501, 0.2497, 0.2497],
        [0.2491, 0.2507, 0.2502, 0.2499],
        [0.2492, 0.2509, 0.2501, 0.2498],
        [0.2471, 0.2512, 0.2509, 0.2508],
        [0.2491, 0.2505, 0.2502, 0.2501],
        [0.2505, 0.2498, 0.2499, 0.2498],
        [0.2489, 0.2494, 0.2505, 0.2512],
        [0.2492, 0.2504, 0.2502, 0.2501],
        [0.2493, 0.2502, 0.2502, 0.2502],
        [0.2486, 0.2499, 0.2507, 0.2508],
        [0.2484, 0.2502, 0.2507, 0.2508],
        [0.2500, 0.2500, 0.2500, 0.2500],
        [0.2504, 0.2498, 0.2499, 0.2499],
        [0.2473, 0.2517, 0.2506, 0.2504],
        [0.2493, 0.2501, 0.2502, 0.2503],
        [0.2492, 0.2505, 0.2503, 0.2500],
        [0.2490, 0.2516, 0.2500, 0.2494],
        [0.2501, 0.2499, 0.2500, 0.2500],
        [0.2488, 0.2507, 0.2503, 0.2502],
        [0.2484, 0.2512, 0.2503, 0.2501],
        [0.2507, 0.2500, 0.2496, 0.2497],
        [0.2502, 0.2499, 0.2500, 0.2500],
        [0.2480, 0.2504, 0.2508, 0.2508],
        [0.2476, 0.2510, 0.2507, 0.2507],
        [0.2490, 0.2512, 0.2501, 0.2497],
        [0.2513, 0.2498, 0.2495, 0.2494],
        [0.2498, 0.2501, 0.2501, 0.2500],
        [0.2499, 0.2501, 0.2500, 0.2500],
        [0.2491, 0.2505, 0.2502, 0.2502],
        [0.2490, 0.2503, 0.2503, 0.2504],
        [0.2463, 0.2521, 0.2510, 0.2507],
        [0.2487, 0.2515, 0.2502, 0.2496],
        [0.2523, 0.2488, 0.2496, 0.2494],
        [0.2484, 0.2509, 0.2504, 0.2504],
        [0.2500, 0.2500, 0.2500, 0.2500],
        [0.2500, 0.2500, 0.2500, 0.2500],
        [0.2494, 0.2503, 0.2502, 0.2502],
        [0.2496, 0.2501, 0.2502, 0.2501],
        [0.2500, 0.2500, 0.2500, 0.2500],
        [0.2485, 0.2511, 0.2503, 0.2501],
        [0.2508, 0.2495, 0.2499, 0.2498],
        [0.2484, 0.2513, 0.2503, 0.2500],
        [0.2516, 0.2494, 0.2496, 0.2494]], device='cuda:1')
fea_node_to_hop attention:tensor([[0.3342, 0.3309, 0.3348],
        [0.3298, 0.3352, 0.3350],
        [0.3305, 0.3342, 0.3353],
        [0.3301, 0.3343, 0.3356],
        [0.3336, 0.3329, 0.3335],
        [0.3301, 0.3339, 0.3360],
        [0.3339, 0.3332, 0.3329],
        [0.3311, 0.3344, 0.3345],
        [0.3328, 0.3334, 0.3338],
        [0.3325, 0.3335, 0.3340],
        [0.3332, 0.3331, 0.3337],
        [0.3282, 0.3359, 0.3359],
        [0.3329, 0.3331, 0.3340],
        [0.3307, 0.3343, 0.3350],
        [0.3318, 0.3345, 0.3337],
        [0.3281, 0.3355, 0.3364],
        [0.3299, 0.3337, 0.3364],
        [0.3296, 0.3346, 0.3358],
        [0.3335, 0.3334, 0.3331],
        [0.3332, 0.3324, 0.3344],
        [0.3341, 0.3328, 0.3331],
        [0.3311, 0.3334, 0.3355],
        [0.3312, 0.3336, 0.3352],
        [0.3333, 0.3333, 0.3334],
        [0.3324, 0.3338, 0.3337],
        [0.3317, 0.3335, 0.3348],
        [0.3343, 0.3331, 0.3327],
        [0.3310, 0.3343, 0.3347],
        [0.3309, 0.3341, 0.3350],
        [0.3317, 0.3333, 0.3349],
        [0.3291, 0.3349, 0.3360],
        [0.3305, 0.3339, 0.3355],
        [0.3318, 0.3339, 0.3343],
        [0.3306, 0.3339, 0.3355],
        [0.3306, 0.3345, 0.3349],
        [0.3315, 0.3335, 0.3351],
        [0.3318, 0.3338, 0.3344],
        [0.3323, 0.3329, 0.3348],
        [0.3328, 0.3335, 0.3337],
        [0.3323, 0.3335, 0.3342],
        [0.3319, 0.3331, 0.3350],
        [0.3287, 0.3348, 0.3364],
        [0.3340, 0.3329, 0.3331],
        [0.3342, 0.3328, 0.3330],
        [0.3312, 0.3348, 0.3340],
        [0.2992, 0.3573, 0.3435],
        [0.3333, 0.3333, 0.3335],
        [0.3293, 0.3342, 0.3364],
        [0.3279, 0.3348, 0.3373],
        [0.3340, 0.3330, 0.3330],
        [0.3332, 0.3325, 0.3344],
        [0.3326, 0.3339, 0.3336],
        [0.3336, 0.3332, 0.3331],
        [0.3305, 0.3338, 0.3358],
        [0.3326, 0.3328, 0.3347],
        [0.3337, 0.3335, 0.3328],
        [0.3314, 0.3340, 0.3346],
        [0.3320, 0.3338, 0.3341],
        [0.3325, 0.3335, 0.3340],
        [0.3315, 0.3339, 0.3346],
        [0.3298, 0.3348, 0.3353],
        [0.3277, 0.3356, 0.3367],
        [0.3326, 0.3337, 0.3337],
        [0.3362, 0.3319, 0.3319],
        [0.3312, 0.3341, 0.3347],
        [0.3286, 0.3357, 0.3357],
        [0.3289, 0.3361, 0.3349],
        [0.3340, 0.3321, 0.3338],
        [0.3333, 0.3334, 0.3333],
        [0.3321, 0.3331, 0.3348],
        [0.3314, 0.3333, 0.3352],
        [0.3322, 0.3338, 0.3340],
        [0.3315, 0.3331, 0.3354],
        [0.3292, 0.3347, 0.3361],
        [0.3334, 0.3333, 0.3333],
        [0.3307, 0.3337, 0.3356],
        [0.3310, 0.3340, 0.3350],
        [0.3289, 0.3354, 0.3356],
        [0.3311, 0.3343, 0.3347],
        [0.3317, 0.3334, 0.3349],
        [0.3333, 0.3327, 0.3340],
        [0.3282, 0.3350, 0.3369],
        [0.3329, 0.3339, 0.3333],
        [0.3327, 0.3335, 0.3338],
        [0.3325, 0.3332, 0.3344],
        [0.3291, 0.3333, 0.3376],
        [0.3306, 0.3353, 0.3340],
        [0.3304, 0.3344, 0.3352],
        [0.3287, 0.3357, 0.3356],
        [0.3278, 0.3351, 0.3371],
        [0.3280, 0.3363, 0.3358],
        [0.3333, 0.3334, 0.3334],
        [0.3325, 0.3337, 0.3338],
        [0.3327, 0.3340, 0.3333],
        [0.3331, 0.3335, 0.3334],
        [0.3333, 0.3333, 0.3334],
        [0.3286, 0.3351, 0.3363],
        [0.3321, 0.3334, 0.3345],
        [0.3286, 0.3349, 0.3365],
        [0.3328, 0.3336, 0.3336]], device='cuda:1')
perception attention:tensor([0.5000, 0.5000], device='cuda:1')
Test set results: loss= 0.3506 accuracy= 0.9090 F1_score= 0.9041
