# epoch	loss_train	acc_train	loss_val	acc_val	time	acc_test	f1_test
0001	1.7987	0.1833	1.6904	0.4460	0.1228s	1.6798	0.4400	0.3141
0
0002	1.6857	0.3667	1.5453	0.4040	0.1218s	1.5212	0.4150	0.3185
0
0003	1.5326	0.4583	1.3693	0.5580	0.1218s	1.3396	0.5680	0.5290
0
0004	1.3511	0.5167	1.1735	0.8300	0.1219s	1.1443	0.8210	0.8104
0
0005	1.1547	0.7667	1.0034	0.8780	0.1218s	0.9754	0.8720	0.8650
0
0006	0.9575	0.7917	0.8659	0.8560	0.1219s	0.8393	0.8660	0.8596
0
0007	0.8295	0.8333	0.7411	0.8740	0.1218s	0.7128	0.8800	0.8738
0
0008	0.6839	0.8833	0.6488	0.8820	0.1214s	0.6154	0.8940	0.8880
0
0009	0.5644	0.8917	0.5819	0.8780	0.1221s	0.5445	0.9020	0.8958
0
0010	0.5380	0.9083	0.5223	0.8940	0.1248s	0.4818	0.9030	0.8971
0
0011	0.4505	0.8917	0.4742	0.9000	0.1217s	0.4339	0.9030	0.8973
0
0012	0.3954	0.8917	0.4418	0.8980	0.1222s	0.4057	0.8980	0.8923
0
0013	0.3335	0.9333	0.4175	0.9000	0.1219s	0.3841	0.9000	0.8943
0
0014	0.3349	0.9500	0.4021	0.8900	0.1223s	0.3700	0.9010	0.8957
0
0015	0.3193	0.9583	0.3903	0.8960	0.1218s	0.3563	0.9020	0.8962
0
0016	0.2776	0.9667	0.3827	0.9040	0.1222s	0.3450	0.9040	0.8981
0
0017	0.2488	0.9250	0.3825	0.9020	0.1224s	0.3415	0.9050	0.8993
0
0018	0.2797	0.9333	0.3828	0.9040	0.1219s	0.3409	0.9010	0.8946
0
0019	0.2394	0.9167	0.3831	0.9040	0.1219s	0.3421	0.8980	0.8914
0
0020	0.2221	0.9667	0.3850	0.9000	0.1222s	0.3452	0.9000	0.8938
0
0021	0.1883	0.9917	0.3853	0.8960	0.1224s	0.3470	0.9020	0.8960
1
0022	0.2167	0.9500	0.3818	0.9000	0.1221s	0.3447	0.8990	0.8931
2
0023	0.1879	0.9833	0.3843	0.8980	0.1217s	0.3459	0.8970	0.8911
0
0024	0.1836	0.9750	0.3893	0.9000	0.1218s	0.3500	0.8980	0.8924
1
0025	0.1777	0.9667	0.3928	0.9020	0.1219s	0.3543	0.8970	0.8907
2
0026	0.1929	0.9583	0.3892	0.8960	0.1217s	0.3526	0.8970	0.8907
3
0027	0.1618	0.9583	0.3881	0.8940	0.1222s	0.3532	0.8960	0.8897
4
0028	0.1976	0.9667	0.3912	0.8960	0.1221s	0.3585	0.8930	0.8869
5
0029	0.1800	0.9583	0.3976	0.8900	0.1224s	0.3666	0.8890	0.8836
6
0030	0.1915	0.9750	0.4005	0.8880	0.1220s	0.3708	0.8890	0.8840
7
0031	0.1443	0.9667	0.3981	0.8860	0.1217s	0.3697	0.8920	0.8869
8
0032	0.1877	0.9917	0.3960	0.8960	0.1218s	0.3679	0.8960	0.8899
9
0033	0.1405	0.9583	0.3983	0.9000	0.1224s	0.3704	0.8960	0.8898
10
0034	0.1695	0.9833	0.4033	0.9000	0.1191s	0.3749	0.8910	0.8845
11
0035	0.1707	0.9750	0.4053	0.9040	0.1216s	0.3766	0.8900	0.8833
12
0036	0.1494	0.9750	0.4052	0.9040	0.1218s	0.3763	0.8920	0.8859
0
0037	0.1493	0.9583	0.3988	0.9020	0.1049s	0.3723	0.8890	0.8830
0
0038	0.1514	0.9917	0.3919	0.9000	0.1219s	0.3689	0.8890	0.8822
1
0039	0.1560	0.9750	0.3890	0.8980	0.1222s	0.3699	0.8900	0.8834
2
0040	0.1601	0.9833	0.3922	0.8960	0.1219s	0.3767	0.8870	0.8801
3
0041	0.1837	0.9833	0.3906	0.8960	0.1221s	0.3769	0.8860	0.8794
4
0042	0.1619	0.9500	0.3885	0.8920	0.1218s	0.3742	0.8910	0.8847
5
0043	0.1521	0.9750	0.3872	0.8940	0.1222s	0.3714	0.8920	0.8857
6
0044	0.1716	0.9667	0.3861	0.8960	0.1215s	0.3686	0.8920	0.8856
7
0045	0.1649	0.9583	0.3862	0.8940	0.1220s	0.3677	0.8920	0.8853
8
0046	0.1661	0.9917	0.3875	0.8920	0.1224s	0.3694	0.8930	0.8864
9
0047	0.1561	0.9667	0.3896	0.8960	0.1222s	0.3726	0.8900	0.8830
10
0048	0.1687	0.9667	0.3928	0.8960	0.1045s	0.3770	0.8880	0.8811
11
0049	0.1608	0.9750	0.3901	0.8960	0.1218s	0.3763	0.8900	0.8833
12
0050	0.1571	0.9750	0.3834	0.8940	0.1218s	0.3711	0.8910	0.8844
13
0051	0.1549	0.9917	0.3785	0.8980	0.1214s	0.3668	0.8900	0.8836
14
0052	0.1683	0.9833	0.3729	0.9020	0.1230s	0.3598	0.8950	0.8895
0
0053	0.1749	0.9833	0.3708	0.9040	0.1222s	0.3547	0.8980	0.8923
0
0054	0.1434	0.9667	0.3726	0.9000	0.1218s	0.3538	0.8970	0.8910
0
0055	0.1541	0.9583	0.3749	0.8960	0.1222s	0.3549	0.8950	0.8885
1
0056	0.1467	0.9833	0.3795	0.8940	0.1221s	0.3585	0.8940	0.8873
2
0057	0.1664	0.9833	0.3830	0.8920	0.1160s	0.3618	0.8940	0.8873
3
0058	0.1749	0.9667	0.3882	0.8900	0.1223s	0.3671	0.8950	0.8882
4
0059	0.1694	0.9917	0.3909	0.8920	0.1215s	0.3700	0.8920	0.8844
5
0060	0.1494	0.9917	0.3905	0.8880	0.1220s	0.3717	0.8890	0.8813
6
0061	0.1618	0.9833	0.3806	0.8940	0.1218s	0.3642	0.8960	0.8894
7
0062	0.1410	0.9583	0.3729	0.8960	0.1223s	0.3587	0.8960	0.8901
8
0063	0.1528	0.9500	0.3699	0.9020	0.1224s	0.3549	0.9010	0.8958
9
0064	0.1573	0.9667	0.3690	0.9040	0.1226s	0.3517	0.9010	0.8960
0
0065	0.1525	0.9917	0.3709	0.9060	0.1222s	0.3523	0.9000	0.8948
0
0066	0.1555	0.9667	0.3750	0.9040	0.1220s	0.3548	0.8990	0.8935
0
0067	0.1569	0.9750	0.3797	0.9060	0.1224s	0.3553	0.8960	0.8904
1
0068	0.1622	0.9917	0.3806	0.9060	0.1219s	0.3546	0.8960	0.8903
0
0069	0.1575	0.9583	0.3809	0.9040	0.1219s	0.3541	0.8970	0.8912
0
0070	0.1550	1.0000	0.3812	0.9000	0.1218s	0.3541	0.8970	0.8911
1
0071	0.1398	0.9417	0.3818	0.8960	0.1224s	0.3542	0.8970	0.8910
2
0072	0.1519	0.9750	0.3778	0.8920	0.1220s	0.3494	0.8990	0.8932
3
0073	0.1378	0.9917	0.3740	0.8980	0.1223s	0.3446	0.9020	0.8961
4
0074	0.1554	0.9500	0.3712	0.9000	0.1222s	0.3411	0.9030	0.8972
5
0075	0.1374	0.9917	0.3700	0.9000	0.1223s	0.3384	0.9050	0.8995
6
0076	0.1288	1.0000	0.3713	0.8980	0.1226s	0.3383	0.9050	0.8997
7
0077	0.1594	0.9917	0.3739	0.9020	0.1221s	0.3386	0.9070	0.9017
8
0078	0.1510	0.9833	0.3776	0.9020	0.1224s	0.3404	0.9030	0.8973
9
0079	0.1357	1.0000	0.3834	0.9020	0.1224s	0.3452	0.9050	0.8992
10
0080	0.1306	0.9833	0.3846	0.9040	0.1223s	0.3462	0.9050	0.8991
11
0081	0.1392	0.9750	0.3878	0.8960	0.1221s	0.3477	0.9040	0.8977
12
0082	0.1503	0.9750	0.3907	0.8960	0.1220s	0.3497	0.9020	0.8954
13
0083	0.1567	0.9750	0.3968	0.8920	0.1215s	0.3559	0.9010	0.8945
14
0084	0.1329	0.9917	0.3931	0.8940	0.1224s	0.3538	0.9010	0.8946
15
0085	0.1549	0.9833	0.3794	0.9020	0.1220s	0.3425	0.9090	0.9036
16
0086	0.1536	0.9750	0.3769	0.8980	0.1221s	0.3421	0.9090	0.9035
17
0087	0.1257	1.0000	0.3784	0.9000	0.1220s	0.3448	0.9060	0.9007
18
0088	0.1507	0.9833	0.3759	0.9040	0.1235s	0.3417	0.9090	0.9040
19
0089	0.1283	0.9750	0.3756	0.9040	0.1217s	0.3403	0.9070	0.9020
20
0090	0.1338	0.9917	0.3749	0.9140	0.1221s	0.3386	0.9070	0.9020
21
0091	0.1293	0.9667	0.3765	0.9100	0.1222s	0.3391	0.9070	0.9021
0
0092	0.1574	0.9667	0.3777	0.9100	0.1220s	0.3415	0.9050	0.8998
1
0093	0.1461	0.9750	0.3777	0.9080	0.1222s	0.3440	0.9040	0.8983
2
0094	0.1397	1.0000	0.3798	0.9000	0.1220s	0.3489	0.9040	0.8982
3
0095	0.1388	0.9833	0.3785	0.8980	0.1221s	0.3499	0.9070	0.9011
4
0096	0.2048	0.9500	0.3766	0.9000	0.1219s	0.3475	0.9070	0.9012
5
0097	0.1648	0.9750	0.3722	0.9000	0.1219s	0.3428	0.9060	0.9001
6
0098	0.1421	0.9750	0.3691	0.9000	0.1222s	0.3398	0.9100	0.9046
7
0099	0.1337	0.9833	0.3657	0.9040	0.1224s	0.3389	0.9120	0.9068
8
0100	0.1453	0.9833	0.3638	0.9120	0.1207s	0.3392	0.9100	0.9049
0
0101	0.1286	1.0000	0.3614	0.9100	0.1220s	0.3384	0.9110	0.9063
0
0102	0.1529	0.9833	0.3591	0.9080	0.1225s	0.3359	0.9110	0.9064
0
0103	0.1389	0.9667	0.3583	0.9160	0.1218s	0.3342	0.9120	0.9072
0
0104	0.1408	0.9917	0.3612	0.9100	0.1217s	0.3361	0.9110	0.9060
0
0105	0.1536	0.9833	0.3676	0.9020	0.1250s	0.3433	0.9080	0.9023
1
0106	0.1340	0.9750	0.3776	0.9000	0.1220s	0.3541	0.9030	0.8968
2
0107	0.1669	0.9833	0.3805	0.9040	0.1225s	0.3564	0.9040	0.8979
3
0108	0.1531	0.9667	0.3756	0.9040	0.1226s	0.3512	0.9040	0.8980
4
0109	0.1565	0.9833	0.3747	0.9060	0.1046s	0.3472	0.9040	0.8984
5
0110	0.1356	0.9833	0.3806	0.9080	0.1044s	0.3493	0.9050	0.8992
6
0111	0.1614	0.9917	0.3803	0.9100	0.1044s	0.3470	0.9040	0.8984
7
0112	0.1376	0.9667	0.3764	0.9080	0.1212s	0.3431	0.9050	0.8994
8
0113	0.1332	0.9833	0.3707	0.9060	0.1214s	0.3385	0.9030	0.8974
9
0114	0.1494	0.9833	0.3663	0.9060	0.1220s	0.3357	0.9100	0.9046
10
0115	0.1534	0.9750	0.3628	0.9100	0.1222s	0.3360	0.9110	0.9059
11
0116	0.1536	0.9500	0.3662	0.9060	0.1221s	0.3424	0.9100	0.9047
12
0117	0.1361	0.9667	0.3690	0.9000	0.1222s	0.3476	0.9090	0.9037
13
0118	0.1423	0.9500	0.3690	0.9040	0.1056s	0.3483	0.9090	0.9039
14
0119	0.1434	0.9917	0.3694	0.9080	0.1224s	0.3478	0.9070	0.9016
15
0120	0.1367	0.9667	0.3751	0.9000	0.1214s	0.3508	0.9090	0.9039
16
0121	0.1555	0.9667	0.3828	0.8980	0.1219s	0.3537	0.9000	0.8939
17
0122	0.1248	0.9917	0.3928	0.8960	0.1218s	0.3592	0.8990	0.8928
18
0123	0.1367	0.9833	0.3939	0.8940	0.1220s	0.3579	0.9010	0.8950
19
0124	0.1619	0.9750	0.3900	0.8960	0.1221s	0.3553	0.9000	0.8939
20
0125	0.1270	0.9833	0.3829	0.8960	0.1225s	0.3516	0.9060	0.9006
21
0126	0.1380	0.9750	0.3776	0.9000	0.1218s	0.3499	0.9080	0.9027
22
0127	0.1462	0.9833	0.3767	0.9020	0.1221s	0.3525	0.9060	0.9003
23
0128	0.1475	0.9167	0.3789	0.9040	0.1224s	0.3552	0.9040	0.8983
24
0129	0.1308	0.9750	0.3800	0.9000	0.1222s	0.3562	0.9050	0.8991
25
0130	0.1470	0.9750	0.3822	0.8980	0.1223s	0.3559	0.9050	0.8991
26
0131	0.1366	1.0000	0.3826	0.9000	0.1221s	0.3534	0.9070	0.9015
27
0132	0.1704	0.9750	0.3844	0.8980	0.1221s	0.3501	0.9050	0.8995
28
0133	0.1249	0.9917	0.3904	0.8980	0.1221s	0.3519	0.9030	0.8975
29
0134	0.1452	0.9917	0.3946	0.8960	0.1221s	0.3570	0.9040	0.8985
30
0135	0.1462	0.9917	0.3988	0.8940	0.1220s	0.3640	0.8980	0.8923
31
0136	0.1433	0.9583	0.4057	0.8960	0.1219s	0.3749	0.8920	0.8856
32
0137	0.1562	0.9917	0.4092	0.8960	0.1218s	0.3798	0.8900	0.8830
33
0138	0.1362	0.9667	0.4031	0.8980	0.1224s	0.3744	0.8960	0.8895
34
0139	0.1224	1.0000	0.3933	0.8960	0.1222s	0.3622	0.8990	0.8927
35
0140	0.1281	0.9583	0.3840	0.9020	0.1229s	0.3483	0.9020	0.8961
36
0141	0.1336	0.9917	0.3806	0.9000	0.1219s	0.3396	0.9010	0.8955
37
0142	0.1401	0.9667	0.3801	0.9020	0.1222s	0.3360	0.9040	0.8986
38
0143	0.1434	0.9917	0.3817	0.9060	0.1219s	0.3353	0.9030	0.8980
39
0144	0.1445	0.9750	0.3823	0.9020	0.1221s	0.3368	0.9020	0.8964
40
0145	0.1262	0.9917	0.3865	0.9040	0.1224s	0.3452	0.9010	0.8952
41
0146	0.1422	0.9667	0.3959	0.9000	0.1222s	0.3578	0.9020	0.8962
42
0147	0.1433	0.9583	0.4038	0.8960	0.1229s	0.3676	0.8950	0.8883
43
0148	0.1386	0.9583	0.4044	0.8960	0.1244s	0.3693	0.8960	0.8893
44
0149	0.1436	0.9583	0.3905	0.9000	0.1221s	0.3550	0.9030	0.8971
45
0150	0.1561	1.0000	0.3798	0.9040	0.1222s	0.3407	0.9060	0.9009
46
0151	0.1579	0.9750	0.3779	0.9080	0.1229s	0.3328	0.9070	0.9023
47
0152	0.1203	0.9833	0.3796	0.9060	0.1223s	0.3321	0.9060	0.9011
48
0153	0.1454	0.9833	0.3796	0.9020	0.1220s	0.3359	0.9060	0.9008
49
0154	0.1541	0.9917	0.3836	0.9040	0.1212s	0.3453	0.9050	0.8992
50
0155	0.1268	0.9667	0.3934	0.9000	0.1221s	0.3607	0.9000	0.8937
51
0156	0.1239	0.9833	0.4018	0.8940	0.1217s	0.3724	0.9000	0.8939
52
0157	0.1543	0.9750	0.3983	0.8920	0.1218s	0.3698	0.9000	0.8936
53
0158	0.1287	1.0000	0.3887	0.8940	0.1214s	0.3605	0.9070	0.9013
54
0159	0.1417	0.9917	0.3825	0.8980	0.1217s	0.3547	0.9050	0.8996
55
0160	0.1439	0.9833	0.3795	0.9040	0.1221s	0.3518	0.9100	0.9053
56
0161	0.1383	0.9833	0.3764	0.9080	0.1216s	0.3473	0.9060	0.9011
57
0162	0.1494	1.0000	0.3774	0.9000	0.1222s	0.3460	0.9060	0.9010
58
0163	0.1347	0.9917	0.3809	0.9020	0.1221s	0.3480	0.8980	0.8921
59
0164	0.1579	0.9667	0.3841	0.9040	0.1223s	0.3519	0.8990	0.8930
60
0165	0.1356	0.9917	0.3894	0.8960	0.1218s	0.3621	0.8990	0.8934
61
0166	0.1426	0.9667	0.3899	0.8960	0.1218s	0.3668	0.8960	0.8899
62
0167	0.1180	0.9917	0.3869	0.8960	0.1219s	0.3670	0.9000	0.8939
63
0168	0.1391	0.9667	0.3843	0.8920	0.1223s	0.3663	0.9050	0.8986
64
0169	0.1300	0.9750	0.3801	0.8880	0.1213s	0.3618	0.9050	0.8989
65
0170	0.1498	0.9583	0.3769	0.9000	0.1216s	0.3551	0.9040	0.8987
66
0171	0.1606	0.9750	0.3783	0.9000	0.1195s	0.3511	0.9050	0.9007
67
0172	0.1410	0.9833	0.3858	0.8980	0.1048s	0.3538	0.8990	0.8943
68
0173	0.1325	0.9917	0.3934	0.8960	0.1187s	0.3597	0.8990	0.8936
69
0174	0.1369	0.9833	0.3950	0.8960	0.1220s	0.3624	0.8970	0.8908
70
0175	0.1443	0.9750	0.3937	0.8940	0.1217s	0.3635	0.8930	0.8866
71
0176	0.1378	0.9917	0.3956	0.8980	0.1223s	0.3675	0.8950	0.8881
72
0177	0.1331	0.9917	0.3924	0.8940	0.1217s	0.3662	0.8950	0.8882
73
0178	0.1687	0.9500	0.3904	0.8940	0.1219s	0.3646	0.9010	0.8944
74
0179	0.1154	0.9917	0.3837	0.8960	0.1227s	0.3580	0.9050	0.8991
75
0180	0.1516	0.9750	0.3753	0.8980	0.1223s	0.3469	0.9080	0.9031
76
0181	0.1260	0.9667	0.3706	0.8980	0.1220s	0.3401	0.9140	0.9094
77
0182	0.1280	0.9667	0.3688	0.9060	0.1219s	0.3365	0.9120	0.9071
78
0183	0.1414	0.9750	0.3724	0.9020	0.1214s	0.3387	0.9090	0.9038
79
0184	0.1463	0.9667	0.3827	0.9040	0.1221s	0.3478	0.9010	0.8947
80
0185	0.1327	0.9750	0.3882	0.9020	0.1217s	0.3534	0.8950	0.8880
81
0186	0.1474	0.9750	0.3898	0.9000	0.1214s	0.3578	0.8950	0.8889
82
0187	0.1314	0.9833	0.3872	0.9040	0.1221s	0.3582	0.8950	0.8884
83
0188	0.1543	0.9750	0.3835	0.9000	0.1218s	0.3552	0.9030	0.8968
84
0189	0.1532	0.9833	0.3859	0.8980	0.1219s	0.3567	0.9070	0.9016
85
0190	0.1426	0.9833	0.3858	0.8940	0.1226s	0.3565	0.9080	0.9028
86
0191	0.1475	0.9750	0.3845	0.8940	0.1221s	0.3554	0.9080	0.9029
87
0192	0.1303	0.9917	0.3780	0.9000	0.1227s	0.3481	0.9070	0.9017
88
0193	0.1369	0.9750	0.3747	0.9020	0.1221s	0.3432	0.9120	0.9070
89
0194	0.1323	0.9917	0.3798	0.9040	0.1220s	0.3460	0.9070	0.9017
90
0195	0.1605	0.9583	0.3895	0.9040	0.1217s	0.3555	0.8990	0.8926
91
0196	0.1309	0.9833	0.3953	0.9040	0.1224s	0.3633	0.8980	0.8916
92
0197	0.1326	0.9833	0.3909	0.9060	0.1216s	0.3615	0.8980	0.8914
93
0198	0.1499	0.9917	0.3835	0.9040	0.1224s	0.3564	0.9060	0.9004
94
0199	0.1132	0.9917	0.3796	0.9020	0.1049s	0.3545	0.9070	0.9015
95
0200	0.1552	0.9833	0.3788	0.9040	0.1195s	0.3536	0.9070	0.9014
96
0201	0.1574	0.9667	0.3798	0.9000	0.1222s	0.3548	0.9100	0.9045
97
0202	0.1345	0.9750	0.3818	0.8980	0.1224s	0.3579	0.9100	0.9043
98
0203	0.1186	0.9750	0.3870	0.9020	0.1225s	0.3635	0.9030	0.8966
99
0204	0.1464	0.9917	0.3913	0.9000	0.1225s	0.3682	0.9010	0.8941
100
0205	0.1422	0.9833	0.3902	0.9020	0.1216s	0.3666	0.9020	0.8953
101
0206	0.1263	0.9750	0.3843	0.9020	0.1182s	0.3605	0.9100	0.9044
102
0207	0.1174	0.9667	0.3773	0.9080	0.1047s	0.3537	0.9120	0.9069
103
0208	0.1350	0.9833	0.3750	0.9080	0.1045s	0.3509	0.9150	0.9105
104
0209	0.1409	0.9750	0.3748	0.9060	0.1225s	0.3512	0.9150	0.9105
105
0210	0.1364	0.9500	0.3759	0.9060	0.1054s	0.3539	0.9110	0.9063
106
0211	0.1362	0.9917	0.3767	0.9020	0.1219s	0.3572	0.9080	0.9025
107
0212	0.1270	0.9750	0.3825	0.9020	0.1220s	0.3648	0.9030	0.8973
108
0213	0.1428	0.9667	0.3869	0.8980	0.1218s	0.3687	0.9000	0.8942
109
0214	0.1390	0.9750	0.3845	0.9020	0.1225s	0.3661	0.9000	0.8937
110
0215	0.1187	0.9833	0.3841	0.9020	0.1219s	0.3656	0.9030	0.8966
111
0216	0.1312	0.9750	0.3842	0.9020	0.1211s	0.3643	0.9040	0.8977
112
0217	0.1189	0.9917	0.3853	0.9020	0.1212s	0.3637	0.9010	0.8944
113
0218	0.1360	0.9750	0.3824	0.9060	0.1212s	0.3592	0.9010	0.8947
114
0219	0.1307	0.9917	0.3757	0.9060	0.1223s	0.3521	0.9050	0.8994
115
0220	0.1147	1.0000	0.3687	0.9080	0.1243s	0.3445	0.9150	0.9103
116
0221	0.1394	1.0000	0.3661	0.9080	0.1222s	0.3407	0.9110	0.9060
117
0222	0.1449	0.9500	0.3650	0.9080	0.1222s	0.3371	0.9160	0.9115
118
0223	0.1435	0.9833	0.3654	0.9100	0.1218s	0.3345	0.9170	0.9128
119
0224	0.1255	0.9583	0.3696	0.9060	0.1224s	0.3340	0.9160	0.9113
120
0225	0.1265	0.9917	0.3741	0.9080	0.1223s	0.3365	0.9120	0.9072
121
0226	0.1429	0.9500	0.3765	0.9080	0.1221s	0.3394	0.9090	0.9040
122
0227	0.1415	0.9750	0.3848	0.9080	0.1225s	0.3491	0.9040	0.8983
123
0228	0.1447	0.9833	0.3882	0.9080	0.1219s	0.3527	0.9030	0.8973
124
0229	0.1174	1.0000	0.3948	0.9020	0.1226s	0.3597	0.9020	0.8964
125
0230	0.1405	0.9750	0.3962	0.9020	0.1231s	0.3638	0.9030	0.8976
126
0231	0.1561	0.9833	0.3882	0.9100	0.1218s	0.3590	0.9040	0.8987
127
0232	0.1113	0.9833	0.3791	0.9160	0.1221s	0.3511	0.9100	0.9049
128
0233	0.1247	0.9833	0.3732	0.9100	0.1239s	0.3438	0.9140	0.9090
0
0234	0.1215	0.9750	0.3723	0.9080	0.1240s	0.3404	0.9060	0.9011
1
0235	0.1299	0.9917	0.3725	0.9080	0.1216s	0.3397	0.9060	0.9011
2
0236	0.1236	0.9750	0.3723	0.9080	0.1237s	0.3375	0.9030	0.8982
3
0237	0.1281	0.9750	0.3724	0.9040	0.1218s	0.3388	0.9070	0.9019
4
0238	0.1232	0.9833	0.3789	0.9080	0.1244s	0.3489	0.9060	0.9005
5
0239	0.1433	0.9667	0.3907	0.9000	0.1224s	0.3634	0.8950	0.8881
6
0240	0.1470	0.9917	0.3947	0.8980	0.1225s	0.3675	0.8940	0.8869
7
0241	0.1510	0.9583	0.3950	0.9000	0.1224s	0.3685	0.8990	0.8925
8
0242	0.1368	0.9833	0.3847	0.9020	0.1224s	0.3589	0.9020	0.8961
9
0243	0.1334	0.9917	0.3734	0.9080	0.1219s	0.3487	0.9060	0.9004
10
0244	0.1550	0.9917	0.3635	0.9120	0.1223s	0.3412	0.9100	0.9052
11
0245	0.1158	1.0000	0.3614	0.9080	0.1219s	0.3418	0.9060	0.9013
12
0246	0.1205	0.9667	0.3649	0.9060	0.1216s	0.3486	0.9020	0.8969
13
0247	0.1099	0.9917	0.3716	0.9020	0.1208s	0.3580	0.8990	0.8937
14
0248	0.1697	0.9667	0.3765	0.9020	0.1206s	0.3625	0.8980	0.8922
15
0249	0.1343	0.9917	0.3837	0.8960	0.1206s	0.3696	0.8970	0.8914
16
0250	0.1277	0.9833	0.3893	0.8980	0.1218s	0.3740	0.8930	0.8868
17
0251	0.1554	0.9750	0.3817	0.9040	0.1206s	0.3643	0.8990	0.8925
18
0252	0.1385	0.9917	0.3765	0.9060	0.1211s	0.3575	0.9040	0.8979
19
0253	0.1211	0.9833	0.3754	0.9060	0.1205s	0.3536	0.9040	0.8983
20
0254	0.1476	0.9583	0.3743	0.9080	0.1217s	0.3512	0.9050	0.9001
21
0255	0.1335	0.9750	0.3723	0.9040	0.1207s	0.3491	0.9070	0.9022
22
0256	0.1374	0.9917	0.3721	0.9000	0.1221s	0.3489	0.9100	0.9053
23
0257	0.1306	0.9500	0.3770	0.9040	0.1214s	0.3539	0.9040	0.8985
24
0258	0.1305	0.9583	0.3869	0.9020	0.1213s	0.3639	0.8980	0.8921
25
0259	0.1424	0.9667	0.3896	0.9000	0.1224s	0.3676	0.8950	0.8889
26
0260	0.1184	1.0000	0.3867	0.8980	0.1218s	0.3669	0.8980	0.8921
27
0261	0.1227	0.9917	0.3793	0.9020	0.1235s	0.3609	0.9020	0.8964
28
0262	0.1106	0.9917	0.3749	0.9020	0.1219s	0.3572	0.9030	0.8978
29
0263	0.1452	0.9667	0.3724	0.9060	0.1218s	0.3552	0.9100	0.9054
30
0264	0.1399	0.9750	0.3747	0.9040	0.1224s	0.3571	0.9080	0.9034
31
0265	0.1415	0.9833	0.3783	0.9000	0.1223s	0.3613	0.9070	0.9017
32
0266	0.1161	0.9833	0.3832	0.8960	0.1220s	0.3667	0.9040	0.8982
33
0267	0.1155	0.9833	0.3868	0.8980	0.1194s	0.3698	0.9010	0.8950
34
0268	0.1475	0.9833	0.3863	0.8980	0.1219s	0.3687	0.8960	0.8901
35
0269	0.1302	0.9833	0.3846	0.9060	0.1218s	0.3668	0.8990	0.8933
36
0270	0.1285	1.0000	0.3818	0.9000	0.1240s	0.3609	0.9000	0.8945
37
0271	0.1309	0.9750	0.3779	0.9000	0.1219s	0.3546	0.9030	0.8982
38
0272	0.1325	0.9833	0.3745	0.9060	0.1211s	0.3497	0.9060	0.9013
39
0273	0.1225	0.9917	0.3724	0.9060	0.1220s	0.3481	0.9090	0.9045
40
0274	0.1272	0.9750	0.3704	0.9040	0.1223s	0.3473	0.9120	0.9072
41
0275	0.1272	0.9833	0.3717	0.9040	0.1219s	0.3506	0.9110	0.9063
42
0276	0.1142	0.9833	0.3795	0.9020	0.1219s	0.3599	0.9030	0.8974
43
0277	0.1390	0.9500	0.3814	0.8980	0.1276s	0.3616	0.9000	0.8943
44
0278	0.1411	0.9750	0.3763	0.9060	0.1049s	0.3554	0.9000	0.8948
45
0279	0.1239	0.9833	0.3742	0.9000	0.1222s	0.3516	0.8990	0.8939
46
0280	0.1434	0.9917	0.3686	0.9040	0.1222s	0.3445	0.9070	0.9021
47
0281	0.1423	0.9833	0.3652	0.9080	0.1218s	0.3401	0.9090	0.9041
48
0282	0.1517	1.0000	0.3650	0.9060	0.1220s	0.3388	0.9060	0.9014
49
0283	0.1320	0.9750	0.3694	0.9040	0.1222s	0.3427	0.9050	0.9008
50
0284	0.1346	0.9917	0.3726	0.9020	0.1222s	0.3464	0.9040	0.8996
51
0285	0.1342	0.9750	0.3706	0.9020	0.1221s	0.3428	0.9030	0.8977
52
0286	0.1342	0.9917	0.3709	0.9100	0.1218s	0.3404	0.9070	0.9018
53
0287	0.1052	1.0000	0.3793	0.9040	0.1225s	0.3460	0.9040	0.8985
54
0288	0.1361	0.9833	0.3893	0.9040	0.1219s	0.3547	0.8960	0.8897
55
0289	0.1358	0.9917	0.3923	0.9040	0.1222s	0.3562	0.8980	0.8921
56
0290	0.1343	0.9917	0.3881	0.9020	0.1221s	0.3508	0.8980	0.8923
57
0291	0.1641	0.9833	0.3827	0.9080	0.1227s	0.3462	0.9040	0.8988
58
0292	0.1191	0.9750	0.3780	0.9060	0.1220s	0.3436	0.9070	0.9022
59
0293	0.1483	0.9500	0.3721	0.9080	0.1228s	0.3419	0.9070	0.9022
60
0294	0.1153	0.9833	0.3699	0.9100	0.1222s	0.3449	0.9050	0.8995
61
0295	0.1271	0.9917	0.3754	0.9020	0.1224s	0.3562	0.9010	0.8955
62
0296	0.1334	1.0000	0.3808	0.9020	0.1223s	0.3634	0.9030	0.8975
63
0297	0.1507	0.9750	0.3846	0.8980	0.1222s	0.3668	0.9010	0.8949
64
0298	0.1300	0.9833	0.3927	0.8900	0.1221s	0.3734	0.8930	0.8867
65
0299	0.1538	0.9833	0.3884	0.9040	0.1224s	0.3657	0.8970	0.8908
66
0300	0.1232	0.9833	0.3856	0.9000	0.1222s	0.3585	0.9040	0.8986
67
0301	0.1212	0.9917	0.3854	0.9000	0.1225s	0.3558	0.9050	0.8997
68
0302	0.1216	0.9833	0.3840	0.9040	0.1223s	0.3527	0.9050	0.8998
69
0303	0.1325	0.9750	0.3817	0.9020	0.1224s	0.3513	0.9040	0.8985
70
0304	0.1315	0.9500	0.3798	0.9080	0.1225s	0.3521	0.9030	0.8976
71
0305	0.1218	0.9917	0.3817	0.9080	0.1221s	0.3568	0.9030	0.8976
72
0306	0.1255	1.0000	0.3842	0.9000	0.1220s	0.3609	0.9040	0.8984
73
0307	0.1420	0.9917	0.3847	0.9040	0.1221s	0.3577	0.9030	0.8974
74
0308	0.1621	0.9583	0.3831	0.9040	0.1221s	0.3520	0.9050	0.8996
75
0309	0.1251	0.9833	0.3854	0.9000	0.1223s	0.3512	0.9040	0.8985
76
0310	0.1169	0.9917	0.3860	0.9000	0.1222s	0.3503	0.9010	0.8954
77
0311	0.1233	0.9917	0.3895	0.8960	0.1217s	0.3533	0.9010	0.8955
78
0312	0.1309	0.9750	0.3905	0.8960	0.1219s	0.3550	0.9010	0.8957
79
0313	0.1342	0.9750	0.3890	0.8900	0.1222s	0.3556	0.9000	0.8946
80
0314	0.1535	1.0000	0.3827	0.9060	0.1218s	0.3521	0.9060	0.9010
81
0315	0.1401	0.9583	0.3800	0.9020	0.1222s	0.3504	0.9040	0.8990
82
0316	0.1145	0.9750	0.3786	0.9020	0.1049s	0.3486	0.9010	0.8961
83
0317	0.1397	0.9750	0.3782	0.9020	0.1221s	0.3487	0.9040	0.8994
84
0318	0.1178	0.9917	0.3806	0.9000	0.1223s	0.3507	0.9000	0.8948
85
0319	0.1313	0.9833	0.3865	0.8940	0.1221s	0.3550	0.9000	0.8946
86
0320	0.1131	1.0000	0.3956	0.8920	0.1223s	0.3645	0.8940	0.8882
87
0321	0.1348	0.9750	0.4055	0.8820	0.1221s	0.3750	0.8910	0.8849
88
0322	0.1207	0.9833	0.4157	0.8840	0.1219s	0.3838	0.8870	0.8802
89
0323	0.1252	0.9917	0.4154	0.8840	0.1223s	0.3838	0.8880	0.8813
90
0324	0.1699	0.9750	0.3998	0.8860	0.1221s	0.3686	0.8940	0.8881
91
0325	0.1166	0.9750	0.3880	0.8940	0.1221s	0.3571	0.9010	0.8955
92
0326	0.1328	0.9750	0.3812	0.8980	0.1224s	0.3502	0.9050	0.8995
93
0327	0.1323	0.9750	0.3787	0.9000	0.1220s	0.3493	0.9050	0.8999
94
0328	0.1196	0.9917	0.3786	0.9000	0.1218s	0.3508	0.9090	0.9040
95
0329	0.1231	1.0000	0.3777	0.9020	0.1222s	0.3526	0.9070	0.9018
96
0330	0.1404	0.9750	0.3766	0.8980	0.1214s	0.3518	0.9070	0.9018
97
0331	0.1135	0.9917	0.3749	0.8980	0.1218s	0.3494	0.9080	0.9029
98
0332	0.1387	0.9750	0.3728	0.8960	0.1223s	0.3485	0.9080	0.9028
99
0333	0.1371	0.9750	0.3709	0.8980	0.1219s	0.3479	0.9090	0.9039
100
0334	0.1461	1.0000	0.3703	0.8980	0.1224s	0.3470	0.9070	0.9020
101
0335	0.1437	0.9833	0.3671	0.9000	0.1222s	0.3444	0.9090	0.9044
102
0336	0.1386	0.9500	0.3660	0.8980	0.1226s	0.3441	0.9080	0.9034
103
0337	0.1253	0.9917	0.3653	0.8980	0.1219s	0.3455	0.9100	0.9052
104
0338	0.1426	0.9750	0.3639	0.9000	0.1222s	0.3443	0.9110	0.9063
105
0339	0.1147	0.9833	0.3643	0.8980	0.1222s	0.3443	0.9100	0.9053
106
0340	0.1323	0.9750	0.3645	0.9040	0.1222s	0.3418	0.9080	0.9031
107
0341	0.1526	0.9417	0.3654	0.9040	0.1221s	0.3409	0.9100	0.9055
108
0342	0.1244	0.9917	0.3647	0.9040	0.1221s	0.3392	0.9070	0.9024
109
0343	0.1499	0.9750	0.3622	0.9060	0.1224s	0.3381	0.9080	0.9036
110
0344	0.1247	0.9917	0.3594	0.9060	0.1225s	0.3368	0.9070	0.9024
111
0345	0.1529	0.9667	0.3612	0.9020	0.1219s	0.3403	0.9080	0.9033
112
0346	0.1441	0.9583	0.3653	0.9020	0.1222s	0.3449	0.9060	0.9013
113
0347	0.1373	0.9667	0.3677	0.9060	0.1223s	0.3484	0.9060	0.9016
114
0348	0.1496	0.9667	0.3704	0.9040	0.1222s	0.3508	0.9080	0.9036
115
0349	0.1372	0.9417	0.3721	0.9040	0.1224s	0.3501	0.9060	0.9010
116
0350	0.1288	0.9750	0.3731	0.9060	0.1221s	0.3486	0.9060	0.9011
117
0351	0.1385	0.9667	0.3733	0.9060	0.1218s	0.3477	0.9050	0.9007
118
0352	0.1469	0.9833	0.3728	0.9040	0.1217s	0.3477	0.9080	0.9039
119
0353	0.1566	0.9583	0.3681	0.9040	0.1211s	0.3422	0.9080	0.9040
120
0354	0.1422	0.9750	0.3636	0.9080	0.1228s	0.3370	0.9080	0.9040
121
0355	0.1681	0.9917	0.3610	0.9100	0.1219s	0.3338	0.9090	0.9048
122
0356	0.1291	0.9750	0.3598	0.9120	0.1217s	0.3321	0.9110	0.9069
123
0357	0.1403	0.9667	0.3623	0.9100	0.1216s	0.3342	0.9090	0.9049
124
0358	0.1409	0.9833	0.3673	0.9020	0.1223s	0.3392	0.9080	0.9033
125
0359	0.1196	0.9833	0.3740	0.9000	0.1221s	0.3469	0.9030	0.8977
126
0360	0.1407	0.9833	0.3778	0.9000	0.1221s	0.3513	0.9050	0.8997
127
0361	0.1359	0.9833	0.3731	0.9040	0.1222s	0.3484	0.9090	0.9040
128
0362	0.1172	1.0000	0.3687	0.9040	0.1216s	0.3471	0.9090	0.9040
129
0363	0.1397	0.9583	0.3649	0.9060	0.1221s	0.3433	0.9090	0.9043
130
0364	0.1436	0.9583	0.3619	0.9080	0.1221s	0.3388	0.9100	0.9057
131
0365	0.1633	0.9667	0.3615	0.9100	0.1206s	0.3374	0.9050	0.9009
132
0366	0.1146	0.9750	0.3629	0.9080	0.1223s	0.3387	0.9080	0.9041
133
0367	0.1346	0.9417	0.3684	0.9020	0.1221s	0.3432	0.9080	0.9036
134
0368	0.1402	1.0000	0.3773	0.8980	0.1216s	0.3504	0.9030	0.8981
135
0369	0.1225	0.9750	0.3804	0.8960	0.1217s	0.3525	0.9020	0.8969
136
0370	0.1210	1.0000	0.3813	0.8980	0.1223s	0.3528	0.9030	0.8978
137
0371	0.1452	0.9500	0.3801	0.8940	0.1222s	0.3511	0.9060	0.9011
138
0372	0.1280	0.9833	0.3774	0.9000	0.1227s	0.3479	0.9040	0.8991
139
0373	0.1186	0.9917	0.3735	0.9020	0.1047s	0.3451	0.9050	0.9002
140
0374	0.1434	0.9583	0.3712	0.9040	0.1193s	0.3450	0.9050	0.9005
141
0375	0.1155	0.9833	0.3731	0.9020	0.1223s	0.3499	0.9070	0.9022
142
0376	0.1474	0.9750	0.3788	0.8980	0.1212s	0.3567	0.9000	0.8942
143
0377	0.1226	1.0000	0.3873	0.8960	0.1215s	0.3656	0.9030	0.8970
144
0378	0.1523	0.9583	0.3931	0.8900	0.1215s	0.3727	0.9070	0.9014
145
0379	0.1144	0.9833	0.3936	0.8860	0.1212s	0.3751	0.9060	0.8999
146
0380	0.1231	0.9917	0.3886	0.8900	0.1208s	0.3697	0.9030	0.8968
147
0381	0.1292	0.9833	0.3841	0.8960	0.1211s	0.3627	0.9000	0.8943
148
0382	0.1242	0.9750	0.3841	0.8960	0.1217s	0.3587	0.9010	0.8963
149
0383	0.1318	0.9833	0.3845	0.9020	0.1216s	0.3557	0.8980	0.8930
150
0384	0.1562	0.9500	0.3784	0.9020	0.1209s	0.3480	0.9080	0.9031
151
0385	0.1504	0.9917	0.3769	0.9000	0.1229s	0.3444	0.9120	0.9071
152
0386	0.1327	0.9750	0.3768	0.9000	0.1209s	0.3433	0.9120	0.9074
153
0387	0.1462	0.9750	0.3748	0.9000	0.1217s	0.3432	0.9100	0.9050
154
0388	0.1383	0.9583	0.3787	0.9020	0.1217s	0.3507	0.9110	0.9058
155
0389	0.1123	1.0000	0.3899	0.8920	0.1216s	0.3649	0.9070	0.9008
156
0390	0.1229	0.9833	0.3976	0.8800	0.1221s	0.3743	0.9040	0.8973
157
0391	0.1427	0.9750	0.3925	0.8840	0.1220s	0.3697	0.9030	0.8967
158
0392	0.1308	1.0000	0.3850	0.8920	0.1216s	0.3619	0.9030	0.8972
159
0393	0.1164	0.9833	0.3773	0.9000	0.1227s	0.3507	0.9060	0.9006
160
0394	0.1159	0.9833	0.3736	0.8980	0.1216s	0.3434	0.9040	0.8986
161
0395	0.1254	0.9583	0.3703	0.9000	0.1217s	0.3378	0.9050	0.9002
162
0396	0.1397	0.9750	0.3712	0.9000	0.1219s	0.3371	0.9050	0.9001
163
0397	0.1493	0.9667	0.3742	0.9020	0.1221s	0.3406	0.9050	0.8998
164
0398	0.1443	0.9917	0.3787	0.8920	0.1221s	0.3486	0.9090	0.9038
165
0399	0.1369	0.9917	0.3861	0.8940	0.1222s	0.3598	0.9070	0.9009
166
0400	0.1517	0.9833	0.3924	0.8960	0.1218s	0.3693	0.9030	0.8969
167
0401	0.1573	0.9833	0.3909	0.8940	0.1224s	0.3675	0.9040	0.8981
168
0402	0.1309	0.9750	0.3879	0.8960	0.1225s	0.3636	0.9040	0.8982
169
0403	0.1456	0.9750	0.3852	0.8980	0.1220s	0.3576	0.9010	0.8954
170
0404	0.1468	0.9667	0.3841	0.8960	0.1222s	0.3519	0.8980	0.8930
171
0405	0.1602	0.9667	0.3831	0.9000	0.1220s	0.3471	0.8990	0.8940
172
0406	0.1363	0.9833	0.3815	0.9000	0.1207s	0.3445	0.9000	0.8946
173
0407	0.1428	0.9917	0.3859	0.8980	0.1219s	0.3510	0.9030	0.8972
174
0408	0.1436	0.9833	0.3997	0.8880	0.1223s	0.3665	0.8980	0.8916
175
0409	0.1503	0.9583	0.4098	0.8860	0.1222s	0.3786	0.8930	0.8867
176
0410	0.1341	0.9667	0.4078	0.8860	0.1221s	0.3799	0.8960	0.8899
177
0411	0.1618	0.9833	0.3973	0.8920	0.1222s	0.3721	0.8990	0.8930
178
0412	0.1310	0.9833	0.3864	0.9000	0.1224s	0.3618	0.8980	0.8919
179
0413	0.1337	0.9750	0.3811	0.9020	0.1223s	0.3555	0.9030	0.8973
180
0414	0.1598	0.9583	0.3799	0.9000	0.1220s	0.3500	0.8980	0.8925
181
0415	0.1367	0.9750	0.3782	0.9020	0.1219s	0.3454	0.8980	0.8926
182
0416	0.1402	0.9833	0.3779	0.9000	0.1219s	0.3436	0.8990	0.8937
183
0417	0.1222	0.9750	0.3783	0.9020	0.1218s	0.3438	0.8990	0.8937
184
0418	0.1202	0.9833	0.3787	0.9020	0.1216s	0.3448	0.9050	0.8997
185
0419	0.1184	0.9667	0.3781	0.9020	0.1219s	0.3460	0.9060	0.9006
186
0420	0.1238	1.0000	0.3772	0.9040	0.1221s	0.3474	0.9090	0.9044
187
0421	0.1309	0.9667	0.3760	0.9000	0.1218s	0.3458	0.9080	0.9034
188
0422	0.1205	0.9750	0.3750	0.9040	0.1230s	0.3434	0.9090	0.9044
189
0423	0.1096	1.0000	0.3744	0.9060	0.1225s	0.3411	0.9060	0.9010
190
0424	0.1480	0.9750	0.3751	0.9020	0.1218s	0.3407	0.9060	0.9010
191
0425	0.1008	0.9917	0.3777	0.9040	0.1047s	0.3438	0.9010	0.8956
192
0426	0.1253	0.9917	0.3827	0.9020	0.1045s	0.3503	0.8980	0.8922
193
0427	0.1331	0.9917	0.3869	0.9000	0.1219s	0.3572	0.8960	0.8902
194
0428	0.1447	0.9750	0.3860	0.9020	0.1223s	0.3580	0.8960	0.8901
195
0429	0.1369	0.9583	0.3814	0.9020	0.1225s	0.3538	0.9000	0.8945
196
0430	0.1245	0.9917	0.3768	0.9020	0.1215s	0.3496	0.9000	0.8947
197
0431	0.1255	0.9917	0.3769	0.9040	0.1218s	0.3499	0.9010	0.8954
198
0432	0.1226	0.9833	0.3754	0.9040	0.1220s	0.3487	0.8990	0.8933
199
Early stop! Min loss:0.3583390712738037,  Max accuracy:0.916
Early stop model validation loss:0.3583390712738037,  accuracy:0.916
Optimization Finished!
Total time elapsed: 53.1459s
test max acc:0.9170
Loading 102th epoch
stru_node_to_hop attention:tensor([[0.2512, 0.2504, 0.2494, 0.2490],
        [0.2497, 0.2502, 0.2501, 0.2501],
        [0.2503, 0.2499, 0.2499, 0.2499],
        [0.2506, 0.2517, 0.2491, 0.2486],
        [0.2488, 0.2505, 0.2504, 0.2504],
        [0.2502, 0.2503, 0.2498, 0.2497],
        [0.2498, 0.2501, 0.2501, 0.2500],
        [0.2499, 0.2502, 0.2501, 0.2498],
        [0.2493, 0.2506, 0.2501, 0.2500],
        [0.2489, 0.2506, 0.2503, 0.2502],
        [0.2498, 0.2501, 0.2500, 0.2500],
        [0.2496, 0.2501, 0.2502, 0.2501],
        [0.2501, 0.2500, 0.2500, 0.2499],
        [0.2503, 0.2505, 0.2497, 0.2495],
        [0.2502, 0.2504, 0.2498, 0.2496],
        [0.2506, 0.2505, 0.2497, 0.2492],
        [0.2481, 0.2513, 0.2504, 0.2502],
        [0.2491, 0.2512, 0.2500, 0.2496],
        [0.2497, 0.2502, 0.2501, 0.2501],
        [0.2501, 0.2502, 0.2499, 0.2498],
        [0.2501, 0.2499, 0.2500, 0.2500],
        [0.2489, 0.2518, 0.2498, 0.2495],
        [0.2491, 0.2505, 0.2502, 0.2502],
        [0.2490, 0.2506, 0.2502, 0.2502],
        [0.2501, 0.2500, 0.2499, 0.2499],
        [0.2498, 0.2506, 0.2499, 0.2497],
        [0.2495, 0.2504, 0.2501, 0.2499],
        [0.2492, 0.2505, 0.2502, 0.2500],
        [0.2503, 0.2499, 0.2499, 0.2499],
        [0.2506, 0.2502, 0.2497, 0.2495],
        [0.2479, 0.2512, 0.2505, 0.2503],
        [0.2491, 0.2506, 0.2503, 0.2500],
        [0.2494, 0.2505, 0.2501, 0.2500],
        [0.2497, 0.2502, 0.2500, 0.2500],
        [0.2494, 0.2502, 0.2502, 0.2501],
        [0.2496, 0.2501, 0.2501, 0.2501],
        [0.2502, 0.2499, 0.2501, 0.2499],
        [0.2487, 0.2505, 0.2504, 0.2504],
        [0.2494, 0.2504, 0.2502, 0.2500],
        [0.2500, 0.2502, 0.2500, 0.2499],
        [0.2504, 0.2497, 0.2500, 0.2499],
        [0.2498, 0.2501, 0.2501, 0.2500],
        [0.2478, 0.2514, 0.2505, 0.2503],
        [0.2500, 0.2500, 0.2500, 0.2500],
        [0.2484, 0.2506, 0.2506, 0.2504],
        [0.1623, 0.1928, 0.2881, 0.3568],
        [0.2501, 0.2500, 0.2500, 0.2499],
        [0.2491, 0.2506, 0.2502, 0.2500],
        [0.2502, 0.2501, 0.2499, 0.2498],
        [0.2500, 0.2500, 0.2500, 0.2499],
        [0.2481, 0.2505, 0.2506, 0.2508],
        [0.2488, 0.2508, 0.2503, 0.2501],
        [0.2497, 0.2501, 0.2501, 0.2501],
        [0.2508, 0.2496, 0.2498, 0.2497],
        [0.2460, 0.2523, 0.2509, 0.2507],
        [0.2475, 0.2513, 0.2505, 0.2507],
        [0.2498, 0.2508, 0.2499, 0.2495],
        [0.2499, 0.2501, 0.2500, 0.2499],
        [0.2490, 0.2510, 0.2502, 0.2498],
        [0.2485, 0.2514, 0.2502, 0.2499],
        [0.2481, 0.2513, 0.2505, 0.2501],
        [0.2490, 0.2508, 0.2502, 0.2501],
        [0.2503, 0.2505, 0.2497, 0.2495],
        [0.2489, 0.2515, 0.2501, 0.2495],
        [0.2496, 0.2502, 0.2501, 0.2501],
        [0.2487, 0.2501, 0.2506, 0.2507],
        [0.2495, 0.2508, 0.2500, 0.2497],
        [0.2479, 0.2503, 0.2508, 0.2510],
        [0.2494, 0.2502, 0.2502, 0.2501],
        [0.2501, 0.2500, 0.2500, 0.2498],
        [0.2488, 0.2512, 0.2501, 0.2499],
        [0.2499, 0.2500, 0.2500, 0.2500],
        [0.2494, 0.2504, 0.2502, 0.2500],
        [0.2503, 0.2504, 0.2498, 0.2495],
        [0.2500, 0.2500, 0.2500, 0.2500],
        [0.2494, 0.2502, 0.2502, 0.2501],
        [0.2494, 0.2507, 0.2501, 0.2499],
        [0.2520, 0.2491, 0.2494, 0.2495],
        [0.2502, 0.2500, 0.2499, 0.2499],
        [0.2486, 0.2505, 0.2505, 0.2505],
        [0.2513, 0.2497, 0.2497, 0.2493],
        [0.2494, 0.2510, 0.2500, 0.2496],
        [0.2501, 0.2503, 0.2499, 0.2497],
        [0.2494, 0.2503, 0.2502, 0.2502],
        [0.2491, 0.2505, 0.2503, 0.2501],
        [0.2495, 0.2501, 0.2502, 0.2502],
        [0.2492, 0.2502, 0.2503, 0.2503],
        [0.2493, 0.2503, 0.2502, 0.2502],
        [0.2496, 0.2504, 0.2501, 0.2499],
        [0.2513, 0.2494, 0.2498, 0.2496],
        [0.2493, 0.2503, 0.2502, 0.2502],
        [0.2500, 0.2500, 0.2500, 0.2500],
        [0.2502, 0.2499, 0.2499, 0.2499],
        [0.2493, 0.2505, 0.2502, 0.2500],
        [0.2496, 0.2502, 0.2501, 0.2501],
        [0.2499, 0.2501, 0.2500, 0.2500],
        [0.2495, 0.2505, 0.2501, 0.2499],
        [0.2509, 0.2499, 0.2496, 0.2495],
        [0.2480, 0.2511, 0.2506, 0.2503],
        [0.2496, 0.2507, 0.2499, 0.2497]], device='cuda:1')
fea_node_to_hop attention:tensor([[0.3307, 0.3349, 0.3344],
        [0.3328, 0.3336, 0.3336],
        [0.3302, 0.3347, 0.3351],
        [0.3313, 0.3343, 0.3344],
        [0.3347, 0.3318, 0.3335],
        [0.3320, 0.3339, 0.3340],
        [0.3307, 0.3332, 0.3361],
        [0.3314, 0.3333, 0.3353],
        [0.3315, 0.3344, 0.3341],
        [0.3312, 0.3336, 0.3352],
        [0.3327, 0.3335, 0.3338],
        [0.3330, 0.3331, 0.3339],
        [0.3328, 0.3333, 0.3340],
        [0.3314, 0.3341, 0.3345],
        [0.3312, 0.3337, 0.3351],
        [0.3311, 0.3340, 0.3349],
        [0.3279, 0.3347, 0.3374],
        [0.3310, 0.3337, 0.3352],
        [0.3327, 0.3335, 0.3339],
        [0.3318, 0.3337, 0.3344],
        [0.3338, 0.3335, 0.3327],
        [0.3327, 0.3325, 0.3348],
        [0.3321, 0.3339, 0.3340],
        [0.3326, 0.3334, 0.3340],
        [0.3333, 0.3332, 0.3335],
        [0.3298, 0.3342, 0.3360],
        [0.3315, 0.3331, 0.3354],
        [0.3304, 0.3340, 0.3356],
        [0.3306, 0.3335, 0.3359],
        [0.3311, 0.3341, 0.3348],
        [0.3293, 0.3347, 0.3360],
        [0.3305, 0.3337, 0.3358],
        [0.3316, 0.3343, 0.3341],
        [0.3319, 0.3335, 0.3346],
        [0.3345, 0.3330, 0.3325],
        [0.3319, 0.3340, 0.3340],
        [0.3307, 0.3342, 0.3351],
        [0.3325, 0.3339, 0.3336],
        [0.3310, 0.3342, 0.3348],
        [0.3297, 0.3353, 0.3350],
        [0.3310, 0.3342, 0.3348],
        [0.3319, 0.3341, 0.3340],
        [0.3289, 0.3350, 0.3361],
        [0.3333, 0.3333, 0.3334],
        [0.3311, 0.3353, 0.3337],
        [0.2832, 0.3670, 0.3498],
        [0.3323, 0.3338, 0.3339],
        [0.3314, 0.3334, 0.3352],
        [0.3324, 0.3333, 0.3343],
        [0.3329, 0.3333, 0.3338],
        [0.3330, 0.3334, 0.3335],
        [0.3311, 0.3338, 0.3351],
        [0.3326, 0.3338, 0.3336],
        [0.3308, 0.3333, 0.3359],
        [0.3326, 0.3331, 0.3342],
        [0.3309, 0.3334, 0.3356],
        [0.3329, 0.3335, 0.3336],
        [0.3293, 0.3355, 0.3352],
        [0.3339, 0.3319, 0.3343],
        [0.3322, 0.3323, 0.3354],
        [0.3298, 0.3349, 0.3353],
        [0.3292, 0.3348, 0.3360],
        [0.3315, 0.3337, 0.3348],
        [0.3299, 0.3350, 0.3351],
        [0.3318, 0.3343, 0.3340],
        [0.3278, 0.3357, 0.3365],
        [0.3278, 0.3363, 0.3359],
        [0.3302, 0.3346, 0.3352],
        [0.3313, 0.3340, 0.3347],
        [0.3301, 0.3339, 0.3361],
        [0.3293, 0.3347, 0.3360],
        [0.3331, 0.3334, 0.3335],
        [0.3305, 0.3345, 0.3350],
        [0.3324, 0.3330, 0.3346],
        [0.3332, 0.3333, 0.3334],
        [0.3313, 0.3338, 0.3350],
        [0.3315, 0.3334, 0.3351],
        [0.3304, 0.3346, 0.3350],
        [0.3343, 0.3327, 0.3330],
        [0.3301, 0.3344, 0.3355],
        [0.3320, 0.3343, 0.3337],
        [0.3318, 0.3337, 0.3345],
        [0.3315, 0.3340, 0.3345],
        [0.3304, 0.3347, 0.3349],
        [0.3312, 0.3336, 0.3351],
        [0.3317, 0.3332, 0.3351],
        [0.3337, 0.3335, 0.3328],
        [0.3339, 0.3328, 0.3334],
        [0.3325, 0.3336, 0.3339],
        [0.3285, 0.3354, 0.3361],
        [0.3320, 0.3339, 0.3341],
        [0.3336, 0.3332, 0.3332],
        [0.3340, 0.3330, 0.3330],
        [0.3297, 0.3354, 0.3348],
        [0.3326, 0.3337, 0.3336],
        [0.3329, 0.3334, 0.3337],
        [0.3299, 0.3345, 0.3356],
        [0.3307, 0.3342, 0.3351],
        [0.3300, 0.3348, 0.3352],
        [0.3324, 0.3338, 0.3338]], device='cuda:1')
perception attention:tensor([0.5000, 0.5000], device='cuda:1')
Test set results: loss= 0.3342 accuracy= 0.9120 F1_score= 0.9072
