# epoch	loss_train	acc_train	loss_val	acc_val	time	acc_test	f1_test
0001	1.7988	0.1333	1.6978	0.3820	0.1212s	1.6880	0.3910	0.2862
0
0002	1.7007	0.4000	1.5559	0.4280	0.1232s	1.5310	0.4270	0.3188
0
0003	1.5346	0.4667	1.3907	0.5060	0.1218s	1.3612	0.5500	0.5001
0
0004	1.3531	0.5583	1.1983	0.7940	0.1223s	1.1725	0.7930	0.7794
0
0005	1.1470	0.7750	1.0165	0.8640	0.1232s	0.9943	0.8520	0.8409
0
0006	0.9607	0.7750	0.8681	0.8600	0.1221s	0.8493	0.8600	0.8517
0
0007	0.8567	0.8333	0.7429	0.8720	0.1221s	0.7276	0.8680	0.8610
0
0008	0.7048	0.8500	0.6393	0.8900	0.1225s	0.6259	0.8750	0.8670
0
0009	0.5889	0.8667	0.5652	0.8880	0.1221s	0.5529	0.8950	0.8889
0
0010	0.5179	0.9417	0.5018	0.8940	0.1223s	0.4901	0.8970	0.8913
0
0011	0.4531	0.9333	0.4585	0.9080	0.1222s	0.4427	0.8930	0.8868
0
0012	0.4264	0.8750	0.4438	0.8940	0.1225s	0.4235	0.8830	0.8757
0
0013	0.3850	0.9167	0.4315	0.8820	0.1229s	0.4102	0.8770	0.8691
0
0014	0.3144	0.9333	0.4148	0.8860	0.1224s	0.3938	0.8770	0.8694
0
0015	0.2617	0.9667	0.3886	0.8940	0.1226s	0.3671	0.8880	0.8814
0
0016	0.2673	0.9500	0.3769	0.8940	0.1224s	0.3546	0.8960	0.8901
0
0017	0.2630	0.9667	0.3740	0.9040	0.1223s	0.3504	0.9010	0.8961
0
0018	0.2388	0.9583	0.3742	0.9000	0.1220s	0.3494	0.8970	0.8917
0
0019	0.2466	0.9500	0.3787	0.8980	0.1230s	0.3539	0.8950	0.8892
1
0020	0.2453	0.9750	0.3942	0.8900	0.1219s	0.3682	0.8880	0.8811
2
0021	0.2272	0.9417	0.4068	0.8860	0.1046s	0.3801	0.8860	0.8781
3
0022	0.2115	0.9750	0.4136	0.8800	0.1086s	0.3875	0.8830	0.8739
4
0023	0.1823	0.9833	0.4133	0.8800	0.1221s	0.3880	0.8870	0.8788
5
0024	0.2230	0.9833	0.4028	0.8840	0.1057s	0.3787	0.8900	0.8828
6
0025	0.1806	0.9750	0.3944	0.8880	0.1239s	0.3708	0.8950	0.8885
7
0026	0.2076	0.9833	0.3913	0.8960	0.1231s	0.3678	0.8940	0.8879
8
0027	0.2104	0.9750	0.3928	0.8980	0.1221s	0.3693	0.8960	0.8900
9
0028	0.1583	0.9917	0.3969	0.8920	0.1221s	0.3748	0.9000	0.8939
10
0029	0.1732	0.9833	0.4044	0.8900	0.1219s	0.3834	0.8970	0.8908
11
0030	0.1703	0.9833	0.4171	0.8840	0.1220s	0.3966	0.8920	0.8848
12
0031	0.1808	0.9417	0.4326	0.8820	0.1230s	0.4116	0.8880	0.8801
13
0032	0.1597	0.9750	0.4421	0.8820	0.1223s	0.4213	0.8820	0.8737
14
0033	0.1551	0.9833	0.4370	0.8780	0.1221s	0.4178	0.8780	0.8696
15
0034	0.1700	0.9667	0.4220	0.8840	0.1221s	0.4052	0.8800	0.8719
16
0035	0.1538	0.9500	0.4037	0.8880	0.1482s	0.3892	0.8870	0.8802
17
0036	0.1392	0.9917	0.3947	0.8960	0.1400s	0.3802	0.8880	0.8811
18
0037	0.1521	0.9750	0.3911	0.8960	0.1392s	0.3761	0.8910	0.8844
19
0038	0.1540	0.9750	0.3912	0.8960	0.1394s	0.3753	0.8920	0.8855
20
0039	0.1747	0.9417	0.3938	0.8960	0.1400s	0.3771	0.8910	0.8846
21
0040	0.1368	1.0000	0.4011	0.8940	0.1316s	0.3832	0.8910	0.8843
22
0041	0.1663	0.9833	0.4076	0.8860	0.1227s	0.3879	0.8900	0.8827
23
0042	0.1634	0.9917	0.4107	0.8860	0.1200s	0.3898	0.8900	0.8830
24
0043	0.1540	0.9583	0.4125	0.8840	0.1196s	0.3898	0.8920	0.8854
25
0044	0.1653	0.9750	0.4089	0.8860	0.1226s	0.3861	0.8920	0.8856
26
0045	0.1696	0.9667	0.4027	0.8920	0.1237s	0.3807	0.8930	0.8865
27
0046	0.1593	0.9917	0.3998	0.8900	0.1129s	0.3776	0.8910	0.8845
28
0047	0.1618	0.9833	0.3984	0.8860	0.1216s	0.3769	0.8900	0.8835
29
0048	0.1623	0.9750	0.3960	0.8900	0.1227s	0.3761	0.8920	0.8855
30
0049	0.1596	0.9583	0.3950	0.8880	0.1238s	0.3764	0.8920	0.8856
31
0050	0.1437	0.9667	0.3966	0.8840	0.1046s	0.3785	0.8920	0.8856
32
0051	0.1595	0.9833	0.3951	0.8900	0.1200s	0.3765	0.8910	0.8844
33
0052	0.1380	0.9667	0.3938	0.8880	0.1237s	0.3744	0.8950	0.8886
34
0053	0.1522	0.9917	0.3907	0.8920	0.1224s	0.3712	0.8960	0.8896
35
0054	0.1550	0.9833	0.3920	0.8860	0.1230s	0.3718	0.9000	0.8938
36
0055	0.1542	1.0000	0.3976	0.8840	0.1221s	0.3756	0.8990	0.8927
37
0056	0.1591	1.0000	0.3957	0.8880	0.1222s	0.3720	0.8980	0.8917
38
0057	0.1717	0.9750	0.3965	0.8900	0.1250s	0.3691	0.8970	0.8901
39
0058	0.1481	0.9833	0.3979	0.8920	0.1221s	0.3677	0.8940	0.8869
40
0059	0.1636	0.9667	0.3956	0.8960	0.1237s	0.3647	0.8930	0.8859
41
0060	0.1472	1.0000	0.3936	0.8920	0.1221s	0.3629	0.8940	0.8871
42
0061	0.1433	0.9833	0.3929	0.8880	0.1242s	0.3635	0.8970	0.8903
43
0062	0.1487	0.9917	0.3918	0.8920	0.1224s	0.3637	0.9020	0.8959
44
0063	0.1556	0.9750	0.3898	0.8940	0.1221s	0.3640	0.9030	0.8970
45
0064	0.1363	0.9833	0.3884	0.8980	0.1412s	0.3634	0.9040	0.8981
46
0065	0.1389	0.9833	0.3899	0.8960	0.1417s	0.3650	0.9040	0.8981
47
0066	0.1459	0.9917	0.3962	0.8920	0.1230s	0.3705	0.9020	0.8958
48
0067	0.1404	0.9917	0.4055	0.8840	0.1232s	0.3776	0.8930	0.8857
49
0068	0.1522	0.9667	0.4097	0.8840	0.1220s	0.3791	0.8940	0.8870
50
0069	0.1535	0.9750	0.4082	0.8880	0.1221s	0.3755	0.8930	0.8859
51
0070	0.1548	0.9583	0.4041	0.8900	0.1232s	0.3712	0.8900	0.8830
52
0071	0.1594	0.9667	0.3941	0.8920	0.1232s	0.3617	0.8980	0.8911
53
0072	0.1540	0.9583	0.3884	0.8980	0.1234s	0.3582	0.9000	0.8937
54
0073	0.1330	0.9667	0.3901	0.9000	0.1223s	0.3602	0.9020	0.8957
55
0074	0.1688	0.9917	0.3961	0.8900	0.1232s	0.3655	0.9020	0.8955
56
0075	0.1476	0.9750	0.3999	0.8920	0.1222s	0.3678	0.9000	0.8936
57
0076	0.1354	0.9833	0.4013	0.8880	0.1221s	0.3674	0.8990	0.8924
58
0077	0.1502	0.9833	0.3992	0.8900	0.1223s	0.3642	0.9010	0.8946
59
0078	0.1360	0.9917	0.3940	0.9020	0.1228s	0.3599	0.9020	0.8958
60
0079	0.1601	0.9917	0.3921	0.9020	0.1509s	0.3577	0.9010	0.8950
61
0080	0.1475	0.9667	0.3888	0.9040	0.1395s	0.3540	0.9040	0.8981
62
0081	0.1683	0.9500	0.3833	0.9060	0.1395s	0.3482	0.9040	0.8981
63
0082	0.1339	0.9917	0.3785	0.9080	0.1387s	0.3433	0.9070	0.9014
64
0083	0.1305	1.0000	0.3784	0.9060	0.1226s	0.3437	0.9050	0.8991
0
0084	0.1593	1.0000	0.3816	0.9020	0.1223s	0.3465	0.8990	0.8923
1
0085	0.1327	1.0000	0.3872	0.9000	0.1225s	0.3521	0.8960	0.8894
2
0086	0.1534	0.9750	0.3938	0.8980	0.1221s	0.3599	0.8920	0.8850
3
0087	0.1453	0.9667	0.3984	0.8940	0.1215s	0.3650	0.8910	0.8839
4
0088	0.1555	0.9750	0.3949	0.8920	0.1220s	0.3610	0.8930	0.8859
5
0089	0.1595	0.9250	0.3895	0.8960	0.1221s	0.3571	0.9000	0.8931
6
0090	0.1366	0.9833	0.3828	0.9060	0.1224s	0.3526	0.9020	0.8957
7
0091	0.1583	0.9833	0.3784	0.9100	0.1220s	0.3502	0.9060	0.9009
8
0092	0.1499	0.9667	0.3772	0.9100	0.1220s	0.3509	0.9070	0.9019
0
0093	0.1274	1.0000	0.3782	0.9060	0.1221s	0.3544	0.9060	0.9005
0
0094	0.1533	0.9750	0.3779	0.9100	0.1215s	0.3553	0.9070	0.9012
1
0095	0.1567	0.9750	0.3773	0.9060	0.1206s	0.3552	0.9060	0.8999
0
0096	0.1602	0.9833	0.3791	0.8980	0.1222s	0.3563	0.9020	0.8955
1
0097	0.1648	0.9750	0.3814	0.8980	0.1223s	0.3583	0.8990	0.8924
2
0098	0.1396	0.9833	0.3798	0.8980	0.1218s	0.3586	0.8990	0.8924
3
0099	0.1695	0.9667	0.3763	0.9020	0.1219s	0.3585	0.8980	0.8916
4
0100	0.1463	0.9917	0.3700	0.9020	0.1221s	0.3563	0.9010	0.8949
5
0101	0.1283	0.9750	0.3685	0.9040	0.1219s	0.3565	0.9060	0.9010
0
0102	0.1552	1.0000	0.3687	0.9060	0.1222s	0.3563	0.9040	0.8983
0
0103	0.1404	0.9667	0.3738	0.9040	0.1222s	0.3607	0.9050	0.8992
1
0104	0.1402	0.9917	0.3802	0.8960	0.1228s	0.3654	0.8970	0.8907
2
0105	0.1621	0.9833	0.3816	0.8980	0.1221s	0.3642	0.8990	0.8926
3
0106	0.1392	0.9583	0.3745	0.9000	0.1233s	0.3559	0.9010	0.8948
4
0107	0.1488	0.9667	0.3726	0.9040	0.1224s	0.3519	0.8990	0.8927
5
0108	0.1510	0.9917	0.3649	0.9080	0.1228s	0.3456	0.9020	0.8961
6
0109	0.1333	0.9750	0.3626	0.9120	0.1217s	0.3451	0.9060	0.9007
0
0110	0.1394	0.9917	0.3624	0.9120	0.1230s	0.3480	0.9070	0.9013
0
0111	0.1289	0.9917	0.3717	0.9040	0.1221s	0.3587	0.9050	0.8996
0
0112	0.1561	0.9667	0.3838	0.9000	0.1231s	0.3686	0.8990	0.8925
1
0113	0.1464	0.9583	0.3888	0.8960	0.1223s	0.3712	0.8970	0.8904
2
0114	0.1424	1.0000	0.3856	0.8920	0.1245s	0.3668	0.8990	0.8927
3
0115	0.1361	0.9833	0.3761	0.8960	0.1223s	0.3565	0.9030	0.8973
4
0116	0.1307	0.9833	0.3666	0.9000	0.1223s	0.3451	0.9050	0.8994
5
0117	0.1199	0.9917	0.3606	0.9040	0.1222s	0.3383	0.9060	0.9005
6
0118	0.1468	0.9750	0.3604	0.9080	0.1219s	0.3375	0.9070	0.9016
0
0119	0.1415	0.9667	0.3608	0.9060	0.1233s	0.3377	0.9090	0.9041
0
0120	0.1352	0.9583	0.3664	0.9020	0.1223s	0.3431	0.9050	0.8995
1
0121	0.1361	0.9833	0.3780	0.9020	0.1220s	0.3544	0.9040	0.8986
2
0122	0.1473	0.9500	0.3975	0.8900	0.1221s	0.3712	0.8930	0.8871
3
0123	0.1195	0.9750	0.4103	0.8920	0.1220s	0.3819	0.8910	0.8851
4
0124	0.1468	0.9833	0.4056	0.8920	0.1221s	0.3773	0.8950	0.8891
5
0125	0.1340	1.0000	0.3920	0.8980	0.1228s	0.3641	0.8990	0.8930
6
0126	0.1229	0.9833	0.3825	0.9000	0.1220s	0.3551	0.9060	0.9009
7
0127	0.1090	0.9833	0.3765	0.9040	0.1079s	0.3485	0.9120	0.9075
8
0128	0.1359	0.9917	0.3714	0.9080	0.1224s	0.3417	0.9120	0.9074
9
0129	0.1399	0.9833	0.3708	0.9020	0.1224s	0.3395	0.9140	0.9091
10
0130	0.1512	0.9833	0.3781	0.9000	0.1221s	0.3462	0.9050	0.8992
11
0131	0.1625	0.9833	0.3948	0.8920	0.1227s	0.3628	0.8970	0.8910
12
0132	0.1364	0.9750	0.4139	0.8860	0.1221s	0.3815	0.8870	0.8811
13
0133	0.1362	0.9833	0.4173	0.8860	0.1225s	0.3847	0.8870	0.8808
14
0134	0.1420	0.9917	0.4037	0.8940	0.1224s	0.3708	0.8920	0.8856
15
0135	0.1317	0.9750	0.3950	0.8940	0.1222s	0.3606	0.8930	0.8865
16
0136	0.1435	0.9833	0.3865	0.9000	0.1232s	0.3511	0.8960	0.8898
17
0137	0.1255	0.9833	0.3827	0.9040	0.1223s	0.3460	0.9030	0.8976
18
0138	0.1547	0.9833	0.3833	0.9000	0.1219s	0.3456	0.9090	0.9041
19
0139	0.1426	0.9833	0.3857	0.8980	0.1229s	0.3487	0.9110	0.9055
20
0140	0.1540	0.9917	0.3890	0.8980	0.1221s	0.3528	0.9120	0.9063
21
0141	0.1300	0.9833	0.3914	0.8960	0.1221s	0.3574	0.9050	0.8989
22
0142	0.1418	0.9750	0.3963	0.8960	0.1232s	0.3640	0.9000	0.8934
23
0143	0.1481	0.9667	0.3916	0.8960	0.1208s	0.3617	0.8930	0.8864
24
0144	0.1391	1.0000	0.3846	0.9020	0.1220s	0.3570	0.9000	0.8942
25
0145	0.1518	1.0000	0.3791	0.9040	0.1221s	0.3528	0.9010	0.8953
26
0146	0.1276	0.9833	0.3729	0.9080	0.1220s	0.3474	0.9010	0.8953
27
0147	0.1550	1.0000	0.3698	0.9100	0.1221s	0.3450	0.9020	0.8963
28
0148	0.1293	0.9833	0.3650	0.9100	0.1226s	0.3431	0.9060	0.9005
29
0149	0.1327	0.9917	0.3639	0.9060	0.1222s	0.3446	0.9090	0.9039
30
0150	0.1373	0.9917	0.3723	0.9000	0.1225s	0.3535	0.9060	0.9008
31
0151	0.1504	0.9667	0.3849	0.8960	0.1205s	0.3670	0.9030	0.8975
32
0152	0.1495	0.9583	0.3897	0.8880	0.1224s	0.3710	0.9040	0.8978
33
0153	0.1192	0.9917	0.3998	0.8880	0.1219s	0.3776	0.9020	0.8953
34
0154	0.1478	0.9833	0.4045	0.8800	0.1220s	0.3813	0.8970	0.8901
35
0155	0.1317	0.9833	0.4025	0.8820	0.1117s	0.3809	0.8970	0.8911
36
0156	0.1643	0.9583	0.3855	0.8920	0.1220s	0.3684	0.8950	0.8896
37
0157	0.1157	0.9917	0.3631	0.9020	0.1216s	0.3522	0.8990	0.8936
38
0158	0.1484	0.9667	0.3520	0.9060	0.1221s	0.3454	0.9070	0.9024
39
0159	0.1318	0.9917	0.3464	0.9060	0.1225s	0.3452	0.9030	0.8978
0
0160	0.1211	0.9667	0.3490	0.9040	0.1222s	0.3519	0.9010	0.8962
0
0161	0.1596	0.9750	0.3647	0.8960	0.1226s	0.3680	0.8960	0.8906
1
0162	0.1301	0.9583	0.3800	0.8960	0.1222s	0.3790	0.8920	0.8857
2
0163	0.1514	0.9417	0.3854	0.8900	0.1046s	0.3789	0.8920	0.8849
3
0164	0.1434	0.9917	0.3863	0.8820	0.1261s	0.3767	0.8970	0.8905
4
0165	0.1376	0.9833	0.3741	0.8900	0.1222s	0.3640	0.9010	0.8948
5
0166	0.1459	0.9583	0.3599	0.8980	0.1223s	0.3492	0.9050	0.8995
6
0167	0.1285	0.9750	0.3514	0.9040	0.1253s	0.3421	0.9110	0.9064
7
0168	0.1282	0.9833	0.3492	0.9080	0.1227s	0.3390	0.9110	0.9066
8
0169	0.1431	0.9833	0.3514	0.9080	0.1220s	0.3389	0.9090	0.9043
9
0170	0.1471	0.9917	0.3553	0.9040	0.1222s	0.3398	0.9110	0.9062
10
0171	0.1458	0.9667	0.3639	0.9000	0.1218s	0.3460	0.9060	0.9011
11
0172	0.1363	0.9750	0.3700	0.8980	0.1244s	0.3504	0.9050	0.8998
12
0173	0.1389	0.9917	0.3681	0.9020	0.1222s	0.3492	0.9040	0.8987
13
0174	0.1311	0.9917	0.3640	0.9040	0.1216s	0.3465	0.9100	0.9048
14
0175	0.1422	0.9583	0.3618	0.9060	0.1217s	0.3470	0.9100	0.9048
15
0176	0.1402	0.9917	0.3605	0.9080	0.1223s	0.3472	0.9070	0.9016
16
0177	0.1404	0.9833	0.3579	0.9080	0.1232s	0.3439	0.9070	0.9020
17
0178	0.1291	0.9750	0.3571	0.9080	0.1218s	0.3430	0.9060	0.9010
18
0179	0.1328	0.9750	0.3555	0.9080	0.1227s	0.3411	0.9070	0.9025
19
0180	0.1339	0.9750	0.3567	0.9060	0.1222s	0.3425	0.9080	0.9034
20
0181	0.1525	0.9750	0.3583	0.9060	0.1221s	0.3444	0.9080	0.9033
21
0182	0.1270	0.9667	0.3618	0.9040	0.1225s	0.3482	0.9020	0.8966
22
0183	0.1330	0.9833	0.3625	0.9020	0.1221s	0.3488	0.9070	0.9016
23
0184	0.1468	0.9917	0.3636	0.9080	0.1223s	0.3467	0.9090	0.9040
24
0185	0.1417	0.9750	0.3653	0.9060	0.1219s	0.3452	0.9140	0.9091
25
0186	0.1561	0.9667	0.3641	0.9060	0.1223s	0.3441	0.9140	0.9090
26
0187	0.1351	0.9917	0.3658	0.9060	0.1218s	0.3475	0.9110	0.9056
27
0188	0.1338	0.9750	0.3692	0.9060	0.1220s	0.3507	0.9060	0.9004
28
0189	0.1337	0.9667	0.3752	0.8960	0.1218s	0.3560	0.9040	0.8985
29
0190	0.1292	0.9833	0.3796	0.9000	0.1219s	0.3610	0.9010	0.8954
30
0191	0.1508	0.9833	0.3788	0.9000	0.1221s	0.3622	0.8990	0.8936
31
0192	0.1303	0.9833	0.3714	0.9020	0.1220s	0.3547	0.9020	0.8968
32
0193	0.1209	0.9750	0.3668	0.9000	0.1217s	0.3501	0.9040	0.8989
33
0194	0.1383	0.9917	0.3667	0.9020	0.1161s	0.3500	0.9040	0.8992
34
0195	0.1561	0.9750	0.3683	0.9000	0.1437s	0.3522	0.9040	0.8992
35
0196	0.1491	0.9583	0.3728	0.9020	0.1307s	0.3576	0.9020	0.8966
36
0197	0.1300	1.0000	0.3744	0.8960	0.1218s	0.3600	0.9000	0.8941
37
0198	0.1336	0.9750	0.3800	0.8960	0.1220s	0.3645	0.8970	0.8909
38
0199	0.1341	0.9917	0.3799	0.8980	0.1223s	0.3636	0.8990	0.8931
39
0200	0.1208	1.0000	0.3789	0.8980	0.1220s	0.3612	0.9000	0.8940
40
0201	0.1388	0.9750	0.3724	0.9040	0.1221s	0.3537	0.9020	0.8960
41
0202	0.1294	0.9667	0.3699	0.9080	0.1212s	0.3492	0.9060	0.9003
42
0203	0.1189	0.9917	0.3736	0.9020	0.1222s	0.3505	0.9050	0.8998
43
0204	0.1241	0.9833	0.3806	0.9000	0.1218s	0.3562	0.9060	0.9012
44
0205	0.1165	0.9917	0.3871	0.8980	0.1248s	0.3606	0.9020	0.8968
45
0206	0.1227	1.0000	0.3866	0.9020	0.1221s	0.3589	0.9010	0.8957
46
0207	0.1478	0.9750	0.3849	0.9000	0.1219s	0.3589	0.8980	0.8926
47
0208	0.1467	0.9750	0.3818	0.9020	0.1215s	0.3591	0.8960	0.8902
48
0209	0.1452	0.9500	0.3821	0.9000	0.1217s	0.3607	0.8960	0.8901
49
0210	0.1189	0.9917	0.3799	0.9020	0.1221s	0.3599	0.8940	0.8883
50
0211	0.1484	0.9833	0.3723	0.9080	0.1221s	0.3515	0.8970	0.8915
51
0212	0.1568	0.9750	0.3683	0.9120	0.1220s	0.3465	0.8990	0.8934
52
0213	0.1229	0.9917	0.3683	0.9120	0.1252s	0.3448	0.9010	0.8959
0
0214	0.1282	0.9917	0.3687	0.9080	0.1222s	0.3436	0.9010	0.8958
0
0215	0.1077	0.9917	0.3726	0.9060	0.1222s	0.3469	0.8970	0.8915
1
0216	0.1323	0.9667	0.3772	0.9080	0.1219s	0.3523	0.8950	0.8893
2
0217	0.1329	0.9833	0.3797	0.9080	0.1219s	0.3554	0.8960	0.8904
3
0218	0.1395	0.9833	0.3777	0.9120	0.1220s	0.3544	0.8980	0.8922
4
0219	0.1611	0.9583	0.3675	0.9160	0.1217s	0.3480	0.9060	0.9011
0
0220	0.1386	0.9917	0.3636	0.9100	0.1222s	0.3448	0.9040	0.8988
0
0221	0.1367	0.9917	0.3639	0.9080	0.1222s	0.3454	0.9050	0.9002
1
0222	0.1299	1.0000	0.3661	0.9100	0.1225s	0.3466	0.9060	0.9012
2
0223	0.1273	0.9833	0.3734	0.9100	0.1225s	0.3536	0.9070	0.9021
3
0224	0.1441	0.9417	0.3824	0.9040	0.1045s	0.3604	0.9060	0.9007
4
0225	0.1308	0.9917	0.3925	0.9020	0.1197s	0.3686	0.8980	0.8920
5
0226	0.1260	0.9917	0.4004	0.8940	0.1218s	0.3747	0.8940	0.8887
6
0227	0.1368	0.9500	0.4024	0.8920	0.1219s	0.3766	0.8930	0.8880
7
0228	0.1440	0.9917	0.3956	0.8980	0.1224s	0.3705	0.8940	0.8887
8
0229	0.1431	0.9750	0.3820	0.9080	0.1220s	0.3570	0.8980	0.8926
9
0230	0.1386	0.9833	0.3739	0.9060	0.1228s	0.3486	0.9050	0.9000
10
0231	0.1469	0.9750	0.3719	0.9080	0.1221s	0.3470	0.9080	0.9030
11
0232	0.1424	0.9833	0.3776	0.9040	0.1219s	0.3543	0.9060	0.9009
12
0233	0.1278	0.9750	0.3840	0.9020	0.1225s	0.3603	0.9030	0.8977
13
0234	0.1271	0.9667	0.3883	0.9020	0.1265s	0.3645	0.9020	0.8964
14
0235	0.1375	0.9583	0.3895	0.8980	0.1220s	0.3635	0.9040	0.8986
15
0236	0.1372	0.9750	0.3965	0.8980	0.1230s	0.3668	0.9000	0.8944
16
0237	0.1339	0.9750	0.4006	0.8960	0.1220s	0.3667	0.9000	0.8945
17
0238	0.1242	0.9917	0.4043	0.8960	0.1226s	0.3675	0.8980	0.8923
18
0239	0.1602	0.9750	0.3985	0.8980	0.1223s	0.3611	0.9010	0.8953
19
0240	0.1495	0.9750	0.3914	0.9020	0.1234s	0.3557	0.9010	0.8951
20
0241	0.1390	0.9917	0.3875	0.9000	0.1220s	0.3524	0.9070	0.9017
21
0242	0.1160	1.0000	0.3868	0.9040	0.1231s	0.3515	0.9090	0.9041
22
0243	0.1286	0.9917	0.3909	0.8960	0.1221s	0.3549	0.9090	0.9047
23
0244	0.1340	0.9917	0.3955	0.8940	0.1262s	0.3575	0.9060	0.9012
24
0245	0.1436	0.9833	0.4000	0.8920	0.1220s	0.3615	0.9060	0.9008
25
0246	0.1339	0.9667	0.4026	0.8880	0.1220s	0.3648	0.9040	0.8988
26
0247	0.1218	0.9833	0.4010	0.8900	0.1224s	0.3641	0.9030	0.8978
27
0248	0.1324	0.9750	0.3959	0.8980	0.1221s	0.3614	0.9020	0.8965
28
0249	0.1393	0.9750	0.3917	0.8940	0.1049s	0.3602	0.8990	0.8940
29
0250	0.1156	0.9917	0.3919	0.8940	0.1224s	0.3627	0.8960	0.8907
30
0251	0.1441	0.9750	0.3901	0.8960	0.1230s	0.3621	0.8970	0.8919
31
0252	0.1214	0.9917	0.3933	0.8940	0.1221s	0.3663	0.8960	0.8908
32
0253	0.1382	0.9583	0.3980	0.8920	0.1230s	0.3714	0.8970	0.8921
33
0254	0.1277	0.9833	0.3991	0.8920	0.1216s	0.3711	0.8970	0.8915
34
0255	0.1325	0.9750	0.3970	0.8940	0.1233s	0.3665	0.9020	0.8969
35
0256	0.1410	0.9667	0.3936	0.8980	0.1218s	0.3607	0.9040	0.8988
36
0257	0.1226	0.9833	0.3941	0.9000	0.1233s	0.3601	0.9030	0.8976
37
0258	0.1337	1.0000	0.3935	0.9020	0.1221s	0.3600	0.9060	0.9006
38
0259	0.1401	0.9750	0.3938	0.8980	0.1263s	0.3623	0.9050	0.8996
39
0260	0.1344	0.9667	0.3890	0.9020	0.1222s	0.3603	0.9050	0.9000
40
0261	0.1317	0.9833	0.3852	0.9000	0.1221s	0.3602	0.9000	0.8953
41
0262	0.1527	0.9750	0.3849	0.8960	0.1230s	0.3630	0.9030	0.8986
42
0263	0.1254	0.9833	0.3875	0.8940	0.1406s	0.3686	0.9020	0.8975
43
0264	0.1333	0.9667	0.3870	0.8940	0.0978s	0.3693	0.9030	0.8984
44
0265	0.1490	0.9667	0.3888	0.8960	0.0981s	0.3705	0.9000	0.8953
45
0266	0.1252	0.9833	0.3911	0.9020	0.1037s	0.3698	0.9020	0.8974
46
0267	0.1207	0.9750	0.3965	0.9000	0.1194s	0.3726	0.9050	0.9004
47
0268	0.1259	0.9667	0.3955	0.9020	0.1219s	0.3704	0.9050	0.9002
48
0269	0.1302	1.0000	0.3930	0.9040	0.1227s	0.3677	0.9020	0.8973
49
0270	0.1473	0.9750	0.3853	0.9020	0.1213s	0.3600	0.9040	0.8987
50
0271	0.1432	0.9917	0.3786	0.9000	0.1223s	0.3515	0.9080	0.9031
51
0272	0.1255	0.9833	0.3759	0.9020	0.1221s	0.3469	0.9100	0.9054
52
0273	0.1425	0.9750	0.3769	0.9020	0.1217s	0.3485	0.9070	0.9023
53
0274	0.1275	0.9917	0.3812	0.9080	0.1211s	0.3545	0.9070	0.9024
54
0275	0.1435	0.9917	0.3845	0.9120	0.1222s	0.3593	0.9050	0.9002
55
0276	0.1425	0.9583	0.3856	0.9100	0.1217s	0.3601	0.9060	0.9014
56
0277	0.1474	0.9917	0.3850	0.9080	0.1221s	0.3593	0.9070	0.9022
57
0278	0.1314	0.9833	0.3835	0.9080	0.1231s	0.3551	0.9090	0.9045
58
0279	0.1288	0.9833	0.3825	0.9060	0.1219s	0.3516	0.9090	0.9043
59
0280	0.1102	0.9833	0.3822	0.9060	0.1219s	0.3487	0.9040	0.8987
60
0281	0.1479	0.9583	0.3837	0.9000	0.1238s	0.3473	0.9080	0.9029
61
0282	0.1287	0.9833	0.3857	0.9000	0.1221s	0.3473	0.9070	0.9020
62
0283	0.1297	0.9500	0.3909	0.9000	0.1224s	0.3505	0.9060	0.9008
63
0284	0.1173	0.9917	0.3983	0.8980	0.1232s	0.3560	0.9040	0.8989
64
0285	0.1486	0.9667	0.4008	0.8980	0.1224s	0.3594	0.9080	0.9032
65
0286	0.1368	0.9750	0.4008	0.8920	0.1210s	0.3610	0.9070	0.9021
66
0287	0.1247	0.9833	0.3983	0.8960	0.1229s	0.3607	0.9060	0.9010
67
0288	0.1490	0.9667	0.3987	0.8960	0.1222s	0.3636	0.9040	0.8990
68
0289	0.1411	0.9750	0.4051	0.8920	0.1220s	0.3723	0.9030	0.8982
69
0290	0.1545	0.9750	0.4179	0.8900	0.1230s	0.3831	0.8940	0.8882
70
0291	0.1467	0.9750	0.4296	0.8860	0.1221s	0.3925	0.8900	0.8839
71
0292	0.1382	0.9917	0.4249	0.8900	0.1222s	0.3873	0.8930	0.8873
72
0293	0.1365	0.9833	0.4165	0.8920	0.1236s	0.3798	0.8960	0.8900
73
0294	0.1381	0.9833	0.4048	0.9000	0.1220s	0.3730	0.9000	0.8941
74
0295	0.1438	0.9750	0.3952	0.9020	0.1212s	0.3685	0.9050	0.8994
75
0296	0.1545	0.9583	0.3913	0.8980	0.1261s	0.3688	0.9060	0.9002
76
0297	0.1404	0.9750	0.3875	0.8940	0.1228s	0.3680	0.9080	0.9023
77
0298	0.1537	0.9833	0.3847	0.9020	0.1222s	0.3676	0.9070	0.9018
78
0299	0.1170	0.9833	0.3887	0.9020	0.1227s	0.3751	0.8990	0.8938
79
0300	0.1503	0.9833	0.3967	0.8980	0.1232s	0.3850	0.8960	0.8908
80
0301	0.1219	0.9833	0.4071	0.8860	0.1223s	0.3947	0.8930	0.8876
81
0302	0.1209	0.9750	0.4158	0.8840	0.1219s	0.4017	0.8890	0.8830
82
0303	0.1492	0.9750	0.4108	0.8880	0.1221s	0.3967	0.8880	0.8818
83
0304	0.1390	0.9917	0.4010	0.8960	0.1212s	0.3878	0.8960	0.8900
84
0305	0.1466	0.9833	0.3920	0.9020	0.1236s	0.3799	0.9000	0.8946
85
0306	0.1408	0.9667	0.3847	0.9040	0.1237s	0.3745	0.9040	0.8990
86
0307	0.1254	0.9917	0.3783	0.9060	0.1232s	0.3706	0.9040	0.8987
87
0308	0.1317	0.9833	0.3758	0.9060	0.1234s	0.3712	0.9040	0.8988
88
0309	0.1357	1.0000	0.3788	0.9020	0.1232s	0.3783	0.9040	0.8986
89
0310	0.1466	0.9750	0.3856	0.9040	0.1234s	0.3882	0.8980	0.8922
90
0311	0.1115	0.9833	0.3935	0.8940	0.1234s	0.3979	0.8930	0.8868
91
0312	0.1454	0.9917	0.3971	0.8920	0.1232s	0.4016	0.8930	0.8869
92
0313	0.1315	0.9917	0.3938	0.8980	0.1232s	0.3958	0.8960	0.8901
93
0314	0.1532	0.9417	0.3853	0.9000	0.1232s	0.3834	0.8980	0.8920
94
0315	0.1250	0.9750	0.3825	0.9040	0.1219s	0.3756	0.9030	0.8980
95
0316	0.1271	0.9667	0.3844	0.9020	0.1222s	0.3714	0.9010	0.8960
96
0317	0.1204	0.9917	0.3859	0.9000	0.1204s	0.3670	0.9070	0.9030
97
0318	0.1576	0.9833	0.3833	0.9020	0.1232s	0.3617	0.9060	0.9017
98
0319	0.1459	0.9917	0.3797	0.9040	0.1221s	0.3589	0.9070	0.9024
99
0320	0.1228	0.9917	0.3777	0.9060	0.1222s	0.3601	0.9050	0.9003
100
0321	0.1347	0.9667	0.3822	0.9020	0.1235s	0.3668	0.9040	0.8989
101
0322	0.1182	0.9833	0.3865	0.9020	0.1215s	0.3719	0.9040	0.8988
102
0323	0.1240	0.9833	0.3872	0.8980	0.1058s	0.3731	0.9010	0.8953
103
0324	0.1346	0.9667	0.3846	0.9000	0.1234s	0.3700	0.9020	0.8965
104
0325	0.1135	0.9917	0.3840	0.9040	0.1212s	0.3675	0.9000	0.8948
105
0326	0.1131	1.0000	0.3807	0.9000	0.1222s	0.3628	0.9030	0.8984
106
0327	0.1351	0.9833	0.3837	0.9020	0.1226s	0.3642	0.9050	0.9003
107
0328	0.1426	0.9750	0.3895	0.9000	0.1231s	0.3695	0.9000	0.8949
108
0329	0.1346	0.9667	0.3950	0.9020	0.1220s	0.3735	0.8950	0.8892
109
0330	0.1535	0.9750	0.3971	0.9040	0.1225s	0.3755	0.8960	0.8901
110
0331	0.1359	0.9667	0.3987	0.9040	0.1254s	0.3760	0.8950	0.8891
111
0332	0.1563	0.9750	0.3960	0.9060	0.1223s	0.3727	0.8970	0.8914
112
0333	0.1451	1.0000	0.3901	0.9100	0.1236s	0.3668	0.9020	0.8964
113
0334	0.1476	0.9583	0.3877	0.9060	0.1222s	0.3664	0.9080	0.9027
114
0335	0.1340	0.9833	0.3862	0.9060	0.1220s	0.3670	0.9070	0.9017
115
0336	0.1377	0.9833	0.3846	0.9040	0.1221s	0.3648	0.9080	0.9027
116
0337	0.1240	0.9917	0.3839	0.9080	0.1222s	0.3623	0.9060	0.9005
117
0338	0.1255	0.9750	0.3860	0.9060	0.1219s	0.3634	0.9060	0.9004
118
0339	0.1429	0.9833	0.3960	0.9060	0.1224s	0.3720	0.9020	0.8968
119
0340	0.1423	0.9667	0.4068	0.9000	0.1233s	0.3790	0.8970	0.8920
120
0341	0.1126	0.9833	0.4148	0.8980	0.1220s	0.3852	0.8910	0.8857
121
0342	0.1460	0.9917	0.4151	0.9000	0.1221s	0.3850	0.8910	0.8854
122
0343	0.1296	0.9750	0.4067	0.9000	0.1221s	0.3775	0.8950	0.8891
123
0344	0.1476	0.9667	0.4013	0.8980	0.1222s	0.3738	0.9000	0.8945
124
0345	0.1294	0.9833	0.3952	0.9020	0.1222s	0.3689	0.9030	0.8976
125
0346	0.1204	1.0000	0.3922	0.8980	0.1233s	0.3680	0.9030	0.8973
126
0347	0.1284	0.9750	0.3915	0.9000	0.1223s	0.3704	0.9020	0.8963
127
0348	0.1331	0.9833	0.3900	0.9040	0.1263s	0.3708	0.9010	0.8953
128
0349	0.1227	1.0000	0.3865	0.9060	0.1226s	0.3673	0.9040	0.8990
129
0350	0.1362	0.9917	0.3866	0.9060	0.1221s	0.3675	0.9060	0.9013
130
0351	0.1406	0.9833	0.3933	0.9020	0.1250s	0.3730	0.9010	0.8960
131
0352	0.1439	0.9750	0.4048	0.8880	0.1218s	0.3842	0.8940	0.8887
132
0353	0.1586	0.9750	0.4032	0.8860	0.1220s	0.3823	0.8950	0.8895
133
0354	0.1502	0.9833	0.3983	0.8900	0.1218s	0.3775	0.8970	0.8917
134
0355	0.1414	0.9917	0.3837	0.9020	0.1220s	0.3647	0.9010	0.8957
135
0356	0.1292	0.9833	0.3769	0.9020	0.1233s	0.3591	0.9060	0.9010
136
0357	0.1550	0.9750	0.3779	0.9080	0.1219s	0.3620	0.9060	0.9012
137
0358	0.1210	0.9917	0.3786	0.9020	0.1224s	0.3654	0.9050	0.8999
138
0359	0.1318	0.9667	0.3810	0.9000	0.1151s	0.3701	0.9000	0.8942
139
0360	0.1348	1.0000	0.3825	0.9000	0.1222s	0.3713	0.9010	0.8952
140
0361	0.1317	0.9667	0.3760	0.9020	0.1237s	0.3635	0.9010	0.8951
141
0362	0.1403	0.9750	0.3706	0.9020	0.1214s	0.3570	0.9020	0.8962
142
0363	0.1349	0.9583	0.3647	0.9060	0.1235s	0.3514	0.9010	0.8952
143
0364	0.1293	0.9583	0.3627	0.9020	0.1212s	0.3497	0.8960	0.8896
144
0365	0.1456	0.9917	0.3590	0.9040	0.1219s	0.3473	0.9010	0.8953
145
0366	0.1297	0.9750	0.3538	0.9060	0.1221s	0.3441	0.9020	0.8965
146
0367	0.1553	0.9750	0.3485	0.9080	0.1221s	0.3423	0.9030	0.8976
147
0368	0.1287	0.9833	0.3470	0.9020	0.1228s	0.3448	0.9050	0.9002
148
0369	0.1436	0.9917	0.3506	0.8980	0.1219s	0.3529	0.9060	0.9008
149
0370	0.1342	0.9917	0.3550	0.9020	0.1229s	0.3586	0.9050	0.8995
150
0371	0.1372	0.9583	0.3574	0.9060	0.1226s	0.3611	0.9000	0.8944
151
0372	0.1388	0.9583	0.3589	0.9000	0.1221s	0.3596	0.9010	0.8951
152
0373	0.1363	1.0000	0.3612	0.8980	0.1222s	0.3593	0.8990	0.8927
153
0374	0.1255	0.9750	0.3604	0.9000	0.1221s	0.3564	0.8960	0.8899
154
0375	0.1200	0.9917	0.3580	0.8980	0.1261s	0.3541	0.9000	0.8943
155
0376	0.1498	0.9917	0.3538	0.9020	0.1220s	0.3490	0.9010	0.8953
156
0377	0.1583	0.9583	0.3524	0.8980	0.1218s	0.3488	0.9040	0.8986
157
0378	0.1424	0.9833	0.3512	0.9040	0.1231s	0.3492	0.9040	0.8988
158
0379	0.1129	0.9917	0.3509	0.9060	0.1220s	0.3501	0.9080	0.9031
159
0380	0.1430	0.9667	0.3518	0.9040	0.1225s	0.3524	0.9090	0.9041
160
0381	0.1538	0.9667	0.3568	0.9040	0.1218s	0.3578	0.9040	0.8986
161
0382	0.1297	0.9833	0.3651	0.8980	0.1055s	0.3661	0.9000	0.8941
162
0383	0.1201	0.9917	0.3735	0.8940	0.1220s	0.3734	0.8980	0.8922
163
0384	0.1239	0.9917	0.3766	0.8980	0.1219s	0.3746	0.8980	0.8918
164
0385	0.1151	0.9833	0.3731	0.8980	0.1224s	0.3680	0.9040	0.8983
165
0386	0.1315	1.0000	0.3718	0.9000	0.1226s	0.3655	0.9040	0.8978
166
0387	0.1225	0.9500	0.3703	0.8940	0.1220s	0.3636	0.9040	0.8984
167
0388	0.1294	0.9750	0.3722	0.8940	0.1222s	0.3657	0.9030	0.8975
168
0389	0.1572	0.9833	0.3740	0.8980	0.1220s	0.3689	0.9030	0.8974
169
0390	0.1266	0.9750	0.3752	0.8980	0.1226s	0.3722	0.9040	0.8983
170
0391	0.1006	0.9917	0.3783	0.9020	0.1219s	0.3771	0.8980	0.8919
171
0392	0.1500	0.9750	0.3801	0.8940	0.1221s	0.3793	0.8950	0.8889
172
0393	0.1418	0.9833	0.3775	0.8920	0.1220s	0.3761	0.9000	0.8941
173
0394	0.1444	0.9917	0.3803	0.8920	0.1220s	0.3761	0.9020	0.8964
174
0395	0.1343	0.9833	0.3839	0.8940	0.1220s	0.3768	0.9010	0.8954
175
0396	0.1425	0.9833	0.3870	0.8940	0.1219s	0.3782	0.9000	0.8944
176
0397	0.1335	0.9750	0.3841	0.8940	0.1224s	0.3738	0.8970	0.8911
177
0398	0.1308	0.9667	0.3799	0.8940	0.1218s	0.3674	0.8980	0.8923
178
0399	0.1521	1.0000	0.3775	0.8960	0.1221s	0.3642	0.9020	0.8963
179
0400	0.1368	0.9833	0.3762	0.9020	0.1220s	0.3631	0.9040	0.8988
180
0401	0.1280	0.9750	0.3772	0.9040	0.1213s	0.3649	0.9070	0.9022
181
0402	0.1342	0.9583	0.3759	0.9040	0.1223s	0.3640	0.9060	0.9007
182
0403	0.1183	0.9833	0.3753	0.9020	0.1225s	0.3632	0.9100	0.9048
183
0404	0.1302	0.9833	0.3774	0.8960	0.1220s	0.3657	0.9060	0.9002
184
0405	0.1197	0.9750	0.3777	0.8980	0.1221s	0.3661	0.9010	0.8949
185
0406	0.1250	1.0000	0.3766	0.8960	0.1221s	0.3654	0.9010	0.8951
186
0407	0.1347	0.9917	0.3765	0.8960	0.1221s	0.3676	0.8980	0.8921
187
0408	0.1303	0.9667	0.3784	0.8960	0.1218s	0.3715	0.9010	0.8950
188
0409	0.1266	1.0000	0.3842	0.8940	0.1230s	0.3787	0.9000	0.8939
189
0410	0.1437	0.9917	0.3881	0.8960	0.1215s	0.3823	0.9030	0.8968
190
0411	0.1316	0.9833	0.3865	0.8920	0.1219s	0.3806	0.9020	0.8959
191
0412	0.1566	0.9583	0.3827	0.8920	0.1219s	0.3770	0.9040	0.8981
192
0413	0.1202	0.9750	0.3753	0.9000	0.1223s	0.3692	0.9050	0.8994
193
0414	0.1213	0.9667	0.3701	0.9040	0.1223s	0.3629	0.9090	0.9040
194
0415	0.1281	0.9833	0.3675	0.9060	0.1219s	0.3586	0.9100	0.9053
195
0416	0.1312	0.9583	0.3678	0.9040	0.1220s	0.3592	0.9080	0.9030
196
0417	0.1189	0.9917	0.3696	0.9020	0.1231s	0.3615	0.9030	0.8979
197
0418	0.1214	0.9833	0.3782	0.9020	0.1220s	0.3689	0.9010	0.8950
198
0419	0.1421	0.9750	0.3958	0.8880	0.1214s	0.3849	0.8990	0.8926
199
Early stop! Min loss:0.34638985991477966,  Max accuracy:0.916
Early stop model validation loss:0.34638985991477966,  accuracy:0.906
Optimization Finished!
Total time elapsed: 51.8379s
test max acc:0.9140
Loading 158th epoch
stru_node_to_hop attention:tensor([[0.2521, 0.2514, 0.2486, 0.2479],
        [0.2505, 0.2498, 0.2499, 0.2498],
        [0.2475, 0.2513, 0.2507, 0.2506],
        [0.2510, 0.2508, 0.2492, 0.2489],
        [0.2490, 0.2508, 0.2501, 0.2501],
        [0.2492, 0.2504, 0.2501, 0.2502],
        [0.2493, 0.2502, 0.2503, 0.2502],
        [0.2501, 0.2501, 0.2500, 0.2498],
        [0.2502, 0.2506, 0.2497, 0.2495],
        [0.2501, 0.2502, 0.2499, 0.2498],
        [0.2488, 0.2506, 0.2503, 0.2503],
        [0.2500, 0.2500, 0.2500, 0.2500],
        [0.2499, 0.2501, 0.2500, 0.2500],
        [0.2502, 0.2502, 0.2499, 0.2498],
        [0.2502, 0.2499, 0.2500, 0.2499],
        [0.2507, 0.2506, 0.2496, 0.2492],
        [0.2487, 0.2506, 0.2504, 0.2503],
        [0.2488, 0.2511, 0.2502, 0.2499],
        [0.2499, 0.2502, 0.2500, 0.2499],
        [0.2500, 0.2504, 0.2499, 0.2497],
        [0.2499, 0.2501, 0.2500, 0.2500],
        [0.2471, 0.2523, 0.2505, 0.2501],
        [0.2502, 0.2500, 0.2499, 0.2500],
        [0.2499, 0.2500, 0.2501, 0.2500],
        [0.2496, 0.2503, 0.2501, 0.2500],
        [0.2495, 0.2505, 0.2501, 0.2499],
        [0.2497, 0.2505, 0.2500, 0.2498],
        [0.2492, 0.2504, 0.2502, 0.2501],
        [0.2495, 0.2502, 0.2502, 0.2502],
        [0.2493, 0.2503, 0.2502, 0.2502],
        [0.2468, 0.2517, 0.2508, 0.2507],
        [0.2494, 0.2503, 0.2502, 0.2500],
        [0.2501, 0.2504, 0.2498, 0.2497],
        [0.2492, 0.2501, 0.2504, 0.2503],
        [0.2484, 0.2506, 0.2504, 0.2506],
        [0.2506, 0.2497, 0.2499, 0.2498],
        [0.2496, 0.2501, 0.2501, 0.2501],
        [0.2500, 0.2501, 0.2500, 0.2500],
        [0.2487, 0.2508, 0.2504, 0.2501],
        [0.2511, 0.2498, 0.2496, 0.2496],
        [0.2501, 0.2500, 0.2500, 0.2500],
        [0.2496, 0.2505, 0.2500, 0.2499],
        [0.2493, 0.2503, 0.2502, 0.2501],
        [0.2500, 0.2501, 0.2500, 0.2500],
        [0.2494, 0.2504, 0.2501, 0.2500],
        [0.1666, 0.1927, 0.2700, 0.3707],
        [0.2491, 0.2505, 0.2503, 0.2501],
        [0.2491, 0.2505, 0.2503, 0.2502],
        [0.2505, 0.2500, 0.2498, 0.2498],
        [0.2498, 0.2501, 0.2501, 0.2500],
        [0.2476, 0.2506, 0.2508, 0.2510],
        [0.2498, 0.2501, 0.2501, 0.2501],
        [0.2502, 0.2499, 0.2499, 0.2499],
        [0.2499, 0.2500, 0.2501, 0.2500],
        [0.2484, 0.2510, 0.2504, 0.2503],
        [0.2483, 0.2505, 0.2505, 0.2506],
        [0.2494, 0.2505, 0.2501, 0.2500],
        [0.2497, 0.2504, 0.2500, 0.2499],
        [0.2481, 0.2511, 0.2505, 0.2503],
        [0.2498, 0.2505, 0.2499, 0.2498],
        [0.2487, 0.2509, 0.2503, 0.2501],
        [0.2496, 0.2501, 0.2501, 0.2502],
        [0.2504, 0.2501, 0.2498, 0.2497],
        [0.2475, 0.2506, 0.2509, 0.2510],
        [0.2501, 0.2500, 0.2500, 0.2499],
        [0.2493, 0.2501, 0.2502, 0.2503],
        [0.2508, 0.2504, 0.2496, 0.2492],
        [0.2494, 0.2498, 0.2504, 0.2504],
        [0.2500, 0.2500, 0.2500, 0.2500],
        [0.2505, 0.2498, 0.2499, 0.2499],
        [0.2482, 0.2515, 0.2502, 0.2501],
        [0.2492, 0.2503, 0.2502, 0.2503],
        [0.2488, 0.2507, 0.2504, 0.2501],
        [0.2500, 0.2502, 0.2500, 0.2499],
        [0.2505, 0.2497, 0.2499, 0.2499],
        [0.2498, 0.2502, 0.2501, 0.2500],
        [0.2501, 0.2512, 0.2495, 0.2491],
        [0.2518, 0.2485, 0.2498, 0.2499],
        [0.2495, 0.2503, 0.2502, 0.2501],
        [0.2488, 0.2504, 0.2504, 0.2504],
        [0.2517, 0.2498, 0.2495, 0.2489],
        [0.2491, 0.2510, 0.2500, 0.2498],
        [0.2513, 0.2497, 0.2496, 0.2494],
        [0.2487, 0.2505, 0.2504, 0.2504],
        [0.2498, 0.2501, 0.2501, 0.2500],
        [0.2494, 0.2501, 0.2502, 0.2502],
        [0.2481, 0.2507, 0.2506, 0.2506],
        [0.2484, 0.2509, 0.2504, 0.2503],
        [0.2500, 0.2504, 0.2500, 0.2497],
        [0.2517, 0.2496, 0.2494, 0.2492],
        [0.2492, 0.2503, 0.2503, 0.2502],
        [0.2493, 0.2504, 0.2502, 0.2501],
        [0.2500, 0.2500, 0.2500, 0.2500],
        [0.2486, 0.2506, 0.2504, 0.2504],
        [0.2500, 0.2501, 0.2500, 0.2499],
        [0.2501, 0.2499, 0.2500, 0.2500],
        [0.2501, 0.2500, 0.2500, 0.2499],
        [0.2507, 0.2497, 0.2498, 0.2498],
        [0.2491, 0.2507, 0.2502, 0.2501],
        [0.2499, 0.2505, 0.2499, 0.2498]], device='cuda:1')
fea_node_to_hop attention:tensor([[0.3288, 0.3357, 0.3354],
        [0.3346, 0.3328, 0.3326],
        [0.3301, 0.3358, 0.3341],
        [0.3312, 0.3344, 0.3344],
        [0.3331, 0.3330, 0.3339],
        [0.3327, 0.3335, 0.3338],
        [0.3323, 0.3324, 0.3353],
        [0.3308, 0.3338, 0.3354],
        [0.3304, 0.3348, 0.3348],
        [0.3311, 0.3331, 0.3358],
        [0.3313, 0.3344, 0.3343],
        [0.3327, 0.3337, 0.3336],
        [0.3314, 0.3339, 0.3347],
        [0.3329, 0.3338, 0.3333],
        [0.3320, 0.3336, 0.3344],
        [0.3308, 0.3338, 0.3354],
        [0.3311, 0.3340, 0.3349],
        [0.3300, 0.3347, 0.3353],
        [0.3314, 0.3334, 0.3352],
        [0.3316, 0.3331, 0.3353],
        [0.3328, 0.3337, 0.3335],
        [0.3307, 0.3338, 0.3355],
        [0.3335, 0.3326, 0.3339],
        [0.3333, 0.3332, 0.3335],
        [0.3322, 0.3339, 0.3340],
        [0.3318, 0.3338, 0.3344],
        [0.3307, 0.3332, 0.3362],
        [0.3314, 0.3341, 0.3345],
        [0.3307, 0.3337, 0.3356],
        [0.3290, 0.3358, 0.3352],
        [0.3325, 0.3337, 0.3338],
        [0.3316, 0.3333, 0.3351],
        [0.3322, 0.3334, 0.3344],
        [0.3311, 0.3342, 0.3346],
        [0.3326, 0.3339, 0.3335],
        [0.3310, 0.3338, 0.3352],
        [0.3328, 0.3335, 0.3337],
        [0.3327, 0.3340, 0.3333],
        [0.3303, 0.3341, 0.3356],
        [0.3332, 0.3337, 0.3331],
        [0.3328, 0.3339, 0.3333],
        [0.3300, 0.3350, 0.3350],
        [0.3318, 0.3340, 0.3342],
        [0.3327, 0.3336, 0.3337],
        [0.3321, 0.3335, 0.3343],
        [0.3120, 0.3610, 0.3270],
        [0.3314, 0.3337, 0.3348],
        [0.3344, 0.3324, 0.3332],
        [0.3329, 0.3329, 0.3342],
        [0.3331, 0.3330, 0.3339],
        [0.3337, 0.3331, 0.3332],
        [0.3326, 0.3337, 0.3338],
        [0.3336, 0.3331, 0.3333],
        [0.3324, 0.3329, 0.3347],
        [0.3325, 0.3333, 0.3342],
        [0.3342, 0.3324, 0.3334],
        [0.3326, 0.3338, 0.3336],
        [0.3299, 0.3345, 0.3356],
        [0.3319, 0.3333, 0.3348],
        [0.3344, 0.3322, 0.3334],
        [0.3301, 0.3351, 0.3348],
        [0.3328, 0.3340, 0.3332],
        [0.3314, 0.3341, 0.3344],
        [0.3297, 0.3348, 0.3355],
        [0.3334, 0.3333, 0.3332],
        [0.3313, 0.3341, 0.3346],
        [0.3335, 0.3329, 0.3336],
        [0.3314, 0.3338, 0.3347],
        [0.3331, 0.3333, 0.3336],
        [0.3329, 0.3332, 0.3338],
        [0.3306, 0.3340, 0.3354],
        [0.3328, 0.3336, 0.3336],
        [0.3302, 0.3341, 0.3357],
        [0.3322, 0.3338, 0.3340],
        [0.3337, 0.3331, 0.3332],
        [0.3312, 0.3337, 0.3351],
        [0.3273, 0.3363, 0.3364],
        [0.3305, 0.3342, 0.3353],
        [0.3311, 0.3338, 0.3352],
        [0.3307, 0.3344, 0.3349],
        [0.3306, 0.3355, 0.3340],
        [0.3274, 0.3369, 0.3358],
        [0.3330, 0.3328, 0.3342],
        [0.3300, 0.3348, 0.3352],
        [0.3331, 0.3331, 0.3337],
        [0.3303, 0.3344, 0.3353],
        [0.3327, 0.3344, 0.3329],
        [0.3315, 0.3342, 0.3343],
        [0.3304, 0.3348, 0.3348],
        [0.3296, 0.3349, 0.3355],
        [0.3318, 0.3340, 0.3343],
        [0.3313, 0.3336, 0.3351],
        [0.3324, 0.3337, 0.3339],
        [0.3293, 0.3358, 0.3349],
        [0.3331, 0.3333, 0.3336],
        [0.3334, 0.3333, 0.3333],
        [0.3330, 0.3334, 0.3336],
        [0.3321, 0.3335, 0.3344],
        [0.3318, 0.3332, 0.3350],
        [0.3319, 0.3341, 0.3340]], device='cuda:1')
perception attention:tensor([0.5000, 0.5000], device='cuda:1')
Test set results: loss= 0.3452 accuracy= 0.9030 F1_score= 0.8978
