# epoch	loss_train	acc_train	loss_val	acc_val	time	acc_test	f1_test
0001	1.8049	0.1667	1.6906	0.4800	0.1220s	1.6823	0.4830	0.4121
0
0002	1.6794	0.4500	1.5310	0.4680	0.1228s	1.5072	0.4830	0.3870
0
0003	1.5164	0.5250	1.3506	0.5820	0.1220s	1.3219	0.6060	0.5267
0
0004	1.3020	0.6333	1.1529	0.7760	0.1222s	1.1277	0.7990	0.7793
0
0005	1.1078	0.8000	0.9815	0.8560	0.1265s	0.9581	0.8600	0.8509
0
0006	0.9549	0.8417	0.8425	0.8640	0.1222s	0.8215	0.8610	0.8554
0
0007	0.8447	0.8583	0.7201	0.8640	0.1231s	0.6996	0.8660	0.8603
0
0008	0.6783	0.8750	0.6201	0.8800	0.1229s	0.5982	0.8900	0.8838
0
0009	0.6023	0.8917	0.5497	0.8860	0.1253s	0.5264	0.8940	0.8859
0
0010	0.5069	0.9333	0.5003	0.8720	0.1223s	0.4721	0.8850	0.8752
0
0011	0.4221	0.9083	0.4572	0.8840	0.1219s	0.4263	0.8970	0.8900
0
0012	0.4009	0.9083	0.4276	0.8920	0.1220s	0.3917	0.8960	0.8892
0
0013	0.3404	0.9500	0.4176	0.8860	0.1223s	0.3749	0.8940	0.8882
0
0014	0.3112	0.9417	0.4082	0.8860	0.1223s	0.3629	0.8950	0.8896
0
0015	0.3398	0.9250	0.3952	0.8920	0.1223s	0.3514	0.9020	0.8968
0
0016	0.2684	0.9750	0.3943	0.8920	0.1231s	0.3514	0.8970	0.8900
0
0017	0.2517	0.9500	0.4014	0.8800	0.1224s	0.3587	0.8950	0.8875
0
0018	0.2543	0.9667	0.4060	0.8840	0.1220s	0.3629	0.8910	0.8831
1
0019	0.2300	0.9583	0.4076	0.8920	0.1219s	0.3626	0.8900	0.8821
2
0020	0.2167	0.9583	0.4076	0.8900	0.1218s	0.3601	0.8950	0.8881
0
0021	0.2105	0.9250	0.3994	0.8880	0.1224s	0.3505	0.8950	0.8890
1
0022	0.2125	0.9750	0.3987	0.8920	0.1221s	0.3488	0.8980	0.8924
2
0023	0.1965	0.9750	0.4012	0.8940	0.1223s	0.3522	0.8950	0.8887
0
0024	0.1903	0.9583	0.4070	0.8900	0.1222s	0.3597	0.8930	0.8863
0
0025	0.1759	0.9500	0.4170	0.8840	0.1224s	0.3718	0.8910	0.8840
1
0026	0.1607	0.9833	0.4300	0.8720	0.1194s	0.3862	0.8870	0.8797
2
0027	0.2108	0.9250	0.4229	0.8700	0.1224s	0.3818	0.8890	0.8817
3
0028	0.1473	0.9833	0.4138	0.8820	0.1220s	0.3746	0.8920	0.8855
4
0029	0.1756	0.9917	0.4076	0.8880	0.1216s	0.3693	0.8930	0.8868
5
0030	0.1383	1.0000	0.4027	0.8940	0.1217s	0.3644	0.8920	0.8859
6
0031	0.1653	0.9750	0.4013	0.8920	0.1220s	0.3625	0.8920	0.8860
0
0032	0.1590	0.9750	0.4031	0.8940	0.1220s	0.3639	0.8930	0.8869
1
0033	0.1631	0.9667	0.4071	0.8940	0.1222s	0.3672	0.8930	0.8871
0
0034	0.1538	0.9833	0.4110	0.8960	0.1222s	0.3711	0.8930	0.8869
0
0035	0.1821	0.9833	0.4191	0.8940	0.1225s	0.3792	0.8910	0.8850
0
0036	0.1662	0.9667	0.4234	0.8940	0.1222s	0.3843	0.8920	0.8858
1
0037	0.1487	0.9667	0.4226	0.8920	0.1223s	0.3846	0.8900	0.8838
2
0038	0.1830	0.9750	0.4140	0.8900	0.1224s	0.3780	0.8930	0.8869
3
0039	0.1499	0.9833	0.4063	0.8920	0.1219s	0.3724	0.8910	0.8843
4
0040	0.1533	0.9750	0.4003	0.8940	0.1216s	0.3691	0.8930	0.8864
5
0041	0.1534	0.9750	0.3962	0.8920	0.1217s	0.3676	0.8930	0.8869
6
0042	0.1717	0.9833	0.3930	0.8880	0.1216s	0.3658	0.8980	0.8925
7
0043	0.1640	0.9750	0.3901	0.8920	0.1222s	0.3629	0.8980	0.8923
0
0044	0.1890	0.9667	0.3918	0.8920	0.1222s	0.3631	0.8950	0.8891
0
0045	0.1655	0.9917	0.3977	0.8920	0.1222s	0.3673	0.8960	0.8900
1
0046	0.1513	0.9667	0.4059	0.8920	0.1225s	0.3738	0.8920	0.8858
2
0047	0.1554	0.9917	0.4159	0.8960	0.1222s	0.3818	0.8880	0.8816
3
0048	0.1636	0.9750	0.4153	0.8920	0.1049s	0.3808	0.8860	0.8793
0
0049	0.1531	1.0000	0.4048	0.8960	0.1219s	0.3715	0.8900	0.8834
1
0050	0.1544	0.9833	0.3960	0.8960	0.1223s	0.3636	0.8950	0.8887
0
0051	0.1633	0.9500	0.3879	0.9020	0.1056s	0.3570	0.8960	0.8898
0
0052	0.1443	0.9917	0.3806	0.8980	0.1177s	0.3515	0.8990	0.8933
0
0053	0.1629	0.9917	0.3757	0.8940	0.1301s	0.3482	0.9000	0.8942
0
0054	0.1741	0.9500	0.3766	0.8940	0.1111s	0.3482	0.9000	0.8943
0
0055	0.1524	0.9917	0.3797	0.8940	0.1157s	0.3492	0.9030	0.8974
1
0056	0.1712	0.9833	0.3832	0.8960	0.1058s	0.3492	0.9000	0.8939
2
0057	0.1645	0.9750	0.3871	0.9020	0.1220s	0.3495	0.8980	0.8917
3
0058	0.1569	0.9583	0.3909	0.8980	0.1230s	0.3496	0.8940	0.8879
0
0059	0.1584	0.9750	0.3955	0.8960	0.1224s	0.3513	0.8980	0.8925
1
0060	0.1410	1.0000	0.3991	0.8960	0.1220s	0.3533	0.8980	0.8924
2
0061	0.1573	0.9917	0.3971	0.8960	0.1201s	0.3511	0.8990	0.8933
3
0062	0.1479	0.9583	0.3883	0.9020	0.1194s	0.3448	0.9010	0.8958
4
0063	0.1582	0.9500	0.3799	0.9000	0.1067s	0.3412	0.9020	0.8965
0
0064	0.1483	0.9833	0.3779	0.8980	0.1150s	0.3423	0.9030	0.8977
1
0065	0.1629	0.9583	0.3801	0.8960	0.1222s	0.3447	0.9050	0.8993
2
0066	0.1461	0.9833	0.3858	0.8940	0.1199s	0.3485	0.9020	0.8960
3
0067	0.1602	0.9667	0.3870	0.8940	0.1072s	0.3461	0.8980	0.8916
4
0068	0.1550	0.9833	0.3868	0.9000	0.1227s	0.3435	0.8990	0.8927
5
0069	0.1495	0.9917	0.3870	0.9000	0.1197s	0.3434	0.8990	0.8926
6
0070	0.1409	0.9917	0.3899	0.9000	0.1214s	0.3469	0.8990	0.8929
7
0071	0.1460	0.9833	0.3863	0.9020	0.1404s	0.3437	0.9020	0.8964
8
0072	0.1519	0.9667	0.3821	0.9000	0.1391s	0.3399	0.9030	0.8977
0
0073	0.1469	0.9833	0.3813	0.9000	0.1392s	0.3408	0.9000	0.8948
1
0074	0.1943	0.9833	0.3821	0.9020	0.1039s	0.3432	0.9000	0.8947
2
0075	0.1504	0.9833	0.3832	0.9000	0.1173s	0.3458	0.9030	0.8977
0
0076	0.1423	1.0000	0.3843	0.8980	0.1236s	0.3481	0.8990	0.8934
1
0077	0.1506	0.9583	0.3833	0.9000	0.1217s	0.3485	0.8980	0.8921
2
0078	0.1591	0.9833	0.3785	0.9060	0.1220s	0.3442	0.9020	0.8966
3
0079	0.1391	0.9667	0.3707	0.9100	0.1234s	0.3367	0.9060	0.9010
0
0080	0.1498	0.9917	0.3683	0.9100	0.1240s	0.3331	0.9050	0.8998
0
0081	0.1383	0.9833	0.3698	0.9100	0.1224s	0.3347	0.9050	0.8999
0
0082	0.1701	0.9667	0.3734	0.9060	0.1234s	0.3407	0.9050	0.8998
0
0083	0.1551	1.0000	0.3849	0.8920	0.1062s	0.3524	0.9000	0.8940
1
0084	0.1669	0.9583	0.3929	0.8920	0.1162s	0.3607	0.8940	0.8876
2
0085	0.1519	0.9583	0.3987	0.8920	0.1252s	0.3669	0.8940	0.8878
3
0086	0.1484	0.9833	0.3969	0.8920	0.1420s	0.3676	0.8940	0.8879
4
0087	0.1457	0.9750	0.3871	0.8960	0.1392s	0.3610	0.8950	0.8890
5
0088	0.1542	1.0000	0.3735	0.8960	0.1408s	0.3486	0.9010	0.8956
6
0089	0.1390	0.9917	0.3663	0.9100	0.1395s	0.3414	0.9000	0.8949
7
0090	0.1383	0.9917	0.3668	0.9080	0.1051s	0.3426	0.9020	0.8964
0
0091	0.1432	0.9917	0.3736	0.9020	0.1044s	0.3487	0.9010	0.8957
1
0092	0.1535	0.9750	0.3744	0.9020	0.1236s	0.3488	0.8990	0.8931
2
0093	0.1388	1.0000	0.3755	0.9040	0.1217s	0.3506	0.9020	0.8962
3
0094	0.1483	0.9750	0.3752	0.8980	0.1220s	0.3516	0.9070	0.9020
4
0095	0.1299	0.9917	0.3742	0.9000	0.1220s	0.3527	0.9060	0.9008
5
0096	0.1358	0.9750	0.3708	0.9020	0.1221s	0.3506	0.9070	0.9024
6
0097	0.1500	0.9833	0.3651	0.9060	0.1059s	0.3450	0.9070	0.9022
7
0098	0.1309	1.0000	0.3614	0.9080	0.1209s	0.3409	0.9080	0.9034
0
0099	0.1495	0.9667	0.3643	0.9020	0.1229s	0.3424	0.9090	0.9046
0
0100	0.1429	0.9583	0.3740	0.9000	0.1220s	0.3486	0.9080	0.9031
1
0101	0.1158	1.0000	0.3863	0.8920	0.1226s	0.3575	0.8990	0.8936
2
0102	0.1239	0.9917	0.3963	0.8880	0.1255s	0.3643	0.8940	0.8880
3
0103	0.1455	0.9917	0.3966	0.8880	0.1049s	0.3620	0.8940	0.8878
4
0104	0.1505	0.9667	0.3802	0.8980	0.1224s	0.3431	0.9060	0.9009
5
0105	0.1357	0.9833	0.3691	0.9080	0.1218s	0.3289	0.9080	0.9032
6
0106	0.1385	0.9833	0.3685	0.9060	0.1224s	0.3250	0.9110	0.9066
7
0107	0.1404	0.9833	0.3711	0.9060	0.1223s	0.3266	0.9100	0.9055
8
0108	0.1541	0.9750	0.3720	0.9020	0.1223s	0.3272	0.9100	0.9053
9
0109	0.1590	0.9750	0.3733	0.9020	0.1248s	0.3290	0.9070	0.9018
10
0110	0.1327	0.9917	0.3792	0.9000	0.1215s	0.3355	0.9080	0.9025
11
0111	0.1312	0.9833	0.3891	0.9000	0.1230s	0.3458	0.9010	0.8952
12
0112	0.1351	1.0000	0.3961	0.8900	0.1047s	0.3530	0.8970	0.8911
13
0113	0.1235	0.9750	0.3993	0.8860	0.1207s	0.3564	0.8950	0.8888
14
0114	0.1400	0.9750	0.3940	0.8920	0.1221s	0.3507	0.8980	0.8923
15
0115	0.1595	0.9917	0.3836	0.9000	0.1221s	0.3395	0.9010	0.8955
16
0116	0.1342	0.9917	0.3763	0.9040	0.1217s	0.3309	0.9100	0.9061
17
0117	0.1400	0.9917	0.3754	0.9060	0.1223s	0.3277	0.9110	0.9070
18
0118	0.1324	0.9583	0.3762	0.9100	0.1221s	0.3272	0.9140	0.9099
19
0119	0.1691	0.9750	0.3793	0.9080	0.1222s	0.3318	0.9140	0.9098
0
0120	0.1449	0.9917	0.3796	0.9060	0.1218s	0.3355	0.9110	0.9064
1
0121	0.1314	0.9917	0.3869	0.9060	0.1242s	0.3466	0.9010	0.8953
2
0122	0.1358	0.9833	0.3965	0.8880	0.1222s	0.3591	0.9010	0.8949
3
0123	0.1556	0.9583	0.4013	0.8880	0.1261s	0.3648	0.8920	0.8859
4
0124	0.1507	0.9667	0.3960	0.8920	0.1228s	0.3589	0.8920	0.8860
5
0125	0.1557	0.9833	0.3873	0.8980	0.1233s	0.3488	0.8960	0.8907
6
0126	0.1321	0.9833	0.3777	0.9040	0.1218s	0.3387	0.9040	0.8991
7
0127	0.1357	0.9917	0.3722	0.9040	0.1201s	0.3334	0.9090	0.9046
8
0128	0.1480	0.9667	0.3730	0.9020	0.1050s	0.3344	0.9050	0.9005
9
0129	0.1442	0.9750	0.3788	0.9000	0.1303s	0.3400	0.9010	0.8963
10
0130	0.1420	0.9833	0.3800	0.9020	0.1248s	0.3413	0.9040	0.8997
11
0131	0.1625	0.9917	0.3788	0.9020	0.1229s	0.3412	0.9010	0.8960
12
0132	0.1244	0.9833	0.3791	0.9020	0.1222s	0.3419	0.9000	0.8951
13
0133	0.1489	0.9667	0.3822	0.9020	0.1043s	0.3449	0.8990	0.8942
14
0134	0.1366	0.9833	0.3908	0.8980	0.1186s	0.3529	0.8960	0.8904
15
0135	0.1308	0.9750	0.3978	0.8960	0.1225s	0.3588	0.8960	0.8906
16
0136	0.1456	0.9833	0.3947	0.8960	0.1224s	0.3552	0.8970	0.8917
17
0137	0.1630	0.9583	0.3840	0.9080	0.1235s	0.3433	0.9010	0.8956
18
0138	0.1406	0.9750	0.3768	0.9020	0.1228s	0.3349	0.9080	0.9032
19
0139	0.1384	0.9833	0.3746	0.9020	0.1220s	0.3313	0.9110	0.9065
20
0140	0.1405	0.9917	0.3747	0.9060	0.1225s	0.3317	0.9080	0.9037
21
0141	0.1595	0.9500	0.3785	0.9020	0.1231s	0.3361	0.9090	0.9045
22
0142	0.1466	0.9833	0.3839	0.9000	0.1239s	0.3422	0.9090	0.9045
23
0143	0.1524	0.9917	0.3900	0.9000	0.1218s	0.3481	0.9070	0.9027
24
0144	0.1661	0.9583	0.3941	0.9020	0.1234s	0.3525	0.9050	0.9004
25
0145	0.1401	0.9833	0.3925	0.9020	0.1228s	0.3530	0.9060	0.9012
26
0146	0.1408	0.9917	0.3922	0.8980	0.1047s	0.3548	0.8990	0.8935
27
0147	0.1392	0.9833	0.3987	0.8900	0.1221s	0.3623	0.8930	0.8868
28
0148	0.1269	0.9500	0.4032	0.8880	0.1222s	0.3687	0.8890	0.8831
29
0149	0.1333	0.9917	0.3972	0.8880	0.1221s	0.3630	0.8920	0.8865
30
0150	0.1456	0.9750	0.3854	0.8960	0.1221s	0.3495	0.9020	0.8967
31
0151	0.1418	0.9500	0.3807	0.8980	0.1220s	0.3426	0.9090	0.9043
32
0152	0.1463	0.9833	0.3829	0.8980	0.1224s	0.3427	0.9120	0.9074
33
0153	0.1505	0.9750	0.3933	0.8980	0.1226s	0.3510	0.9040	0.8993
34
0154	0.1575	0.9667	0.4024	0.9000	0.1053s	0.3585	0.9030	0.8983
35
0155	0.1334	0.9833	0.4048	0.8960	0.1218s	0.3599	0.9080	0.9033
36
0156	0.1399	0.9583	0.3979	0.9000	0.1220s	0.3540	0.9090	0.9041
37
0157	0.1408	0.9750	0.3938	0.9040	0.1217s	0.3518	0.9070	0.9019
38
0158	0.1450	0.9667	0.3918	0.9020	0.1075s	0.3532	0.9040	0.8988
39
0159	0.1309	0.9750	0.3934	0.8960	0.1226s	0.3573	0.9000	0.8942
40
0160	0.1205	0.9917	0.3941	0.8940	0.1223s	0.3594	0.8990	0.8934
41
0161	0.1236	0.9917	0.3916	0.8960	0.1221s	0.3566	0.9020	0.8965
42
0162	0.1397	1.0000	0.3904	0.9040	0.1221s	0.3532	0.9010	0.8957
43
0163	0.1300	0.9833	0.3910	0.9020	0.1212s	0.3505	0.9060	0.9008
44
0164	0.1479	0.9750	0.3945	0.9040	0.1216s	0.3526	0.9020	0.8966
45
0165	0.1290	0.9917	0.3962	0.9040	0.1222s	0.3537	0.8980	0.8926
46
0166	0.1535	0.9583	0.3966	0.9040	0.1221s	0.3546	0.9000	0.8948
47
0167	0.1588	0.9667	0.3968	0.9080	0.1220s	0.3559	0.9020	0.8966
48
0168	0.1507	0.9833	0.3983	0.9060	0.1219s	0.3580	0.9040	0.8988
49
0169	0.1314	0.9750	0.4003	0.9040	0.1221s	0.3606	0.9000	0.8941
50
0170	0.1240	1.0000	0.4022	0.9040	0.1223s	0.3634	0.8990	0.8930
51
0171	0.1409	0.9833	0.4025	0.9040	0.1228s	0.3654	0.8990	0.8934
52
0172	0.1410	0.9833	0.4003	0.9020	0.1220s	0.3650	0.8970	0.8920
53
0173	0.1512	0.9750	0.3914	0.9060	0.1224s	0.3579	0.8980	0.8929
54
0174	0.1312	0.9667	0.3814	0.9020	0.1224s	0.3497	0.9010	0.8962
55
0175	0.1535	0.9667	0.3767	0.9020	0.1217s	0.3448	0.9020	0.8970
56
0176	0.1379	1.0000	0.3749	0.9020	0.1215s	0.3425	0.9060	0.9014
57
0177	0.1249	0.9833	0.3781	0.9020	0.1218s	0.3453	0.9060	0.9009
58
0178	0.1501	0.9583	0.3855	0.9020	0.1239s	0.3522	0.9000	0.8941
59
0179	0.1277	0.9833	0.3967	0.8980	0.1224s	0.3619	0.8990	0.8926
60
0180	0.1296	0.9833	0.4065	0.8940	0.1242s	0.3712	0.8960	0.8893
61
0181	0.1552	0.9500	0.4067	0.8940	0.1219s	0.3713	0.8970	0.8904
62
0182	0.1183	0.9833	0.4009	0.8940	0.1243s	0.3663	0.8980	0.8916
63
0183	0.1409	0.9750	0.3910	0.8980	0.1221s	0.3568	0.8990	0.8928
64
0184	0.1440	0.9333	0.3872	0.9020	0.1045s	0.3495	0.9030	0.8977
65
0185	0.1377	0.9667	0.3861	0.9000	0.1221s	0.3446	0.9020	0.8968
66
0186	0.1446	0.9833	0.3892	0.9020	0.1223s	0.3436	0.9020	0.8972
67
0187	0.1377	0.9750	0.3906	0.9040	0.1226s	0.3444	0.9030	0.8982
68
0188	0.1386	0.9833	0.3960	0.9040	0.1215s	0.3502	0.9020	0.8972
69
0189	0.1375	0.9833	0.4031	0.9000	0.1218s	0.3570	0.9000	0.8949
70
0190	0.1423	0.9917	0.4094	0.8980	0.1216s	0.3639	0.8970	0.8911
71
0191	0.1517	0.9917	0.4099	0.8940	0.1219s	0.3652	0.8960	0.8899
72
0192	0.1395	0.9750	0.3996	0.8960	0.1211s	0.3570	0.9000	0.8944
73
0193	0.1384	0.9667	0.3888	0.8980	0.1217s	0.3460	0.9050	0.8994
74
0194	0.1426	0.9917	0.3828	0.9000	0.1224s	0.3384	0.9080	0.9032
75
0195	0.1301	0.9667	0.3811	0.8980	0.1217s	0.3360	0.9090	0.9045
76
0196	0.1545	1.0000	0.3824	0.8960	0.1222s	0.3380	0.9080	0.9033
77
0197	0.1196	0.9833	0.3888	0.8960	0.1230s	0.3459	0.9060	0.9006
78
0198	0.1393	0.9917	0.4019	0.8940	0.1223s	0.3594	0.8960	0.8897
79
0199	0.1572	0.9833	0.4143	0.8840	0.1231s	0.3719	0.8930	0.8864
80
0200	0.1180	1.0000	0.4216	0.8820	0.1228s	0.3793	0.8900	0.8832
81
0201	0.1294	0.9917	0.4209	0.8820	0.1231s	0.3790	0.8920	0.8854
82
0202	0.1522	0.9750	0.4036	0.8860	0.1223s	0.3626	0.8980	0.8917
83
0203	0.1272	1.0000	0.3847	0.8960	0.1224s	0.3444	0.9070	0.9021
84
0204	0.1671	0.9833	0.3768	0.9000	0.1246s	0.3357	0.9120	0.9077
85
0205	0.1311	0.9750	0.3747	0.9000	0.1218s	0.3340	0.9120	0.9076
86
0206	0.1313	0.9500	0.3759	0.9020	0.1221s	0.3379	0.9110	0.9066
87
0207	0.1327	0.9750	0.3840	0.8960	0.1239s	0.3490	0.9040	0.8986
88
0208	0.1346	0.9583	0.4032	0.8920	0.1223s	0.3693	0.8950	0.8887
89
0209	0.1308	1.0000	0.4182	0.8820	0.1224s	0.3849	0.8920	0.8857
90
0210	0.1283	0.9833	0.4170	0.8840	0.1238s	0.3859	0.8920	0.8857
91
0211	0.1241	1.0000	0.4089	0.8820	0.1218s	0.3812	0.8970	0.8909
92
0212	0.1432	0.9750	0.3931	0.8880	0.1220s	0.3689	0.9010	0.8950
93
0213	0.1481	0.9917	0.3785	0.9000	0.1223s	0.3569	0.9020	0.8962
94
0214	0.1325	0.9750	0.3723	0.9040	0.1060s	0.3501	0.9080	0.9035
95
0215	0.1343	0.9833	0.3674	0.9020	0.1222s	0.3430	0.9080	0.9036
96
0216	0.1268	0.9583	0.3682	0.8980	0.1223s	0.3420	0.9090	0.9045
97
0217	0.1431	0.9750	0.3757	0.9020	0.1219s	0.3485	0.9050	0.9000
98
0218	0.1261	0.9833	0.3902	0.8940	0.1222s	0.3624	0.8980	0.8919
99
0219	0.1346	1.0000	0.4018	0.8920	0.1225s	0.3736	0.8970	0.8911
100
0220	0.1208	1.0000	0.3986	0.8940	0.1057s	0.3703	0.9000	0.8942
101
0221	0.1409	1.0000	0.3891	0.8920	0.1220s	0.3613	0.9030	0.8972
102
0222	0.1103	0.9917	0.3783	0.9000	0.1218s	0.3514	0.9030	0.8973
103
0223	0.1367	0.9833	0.3724	0.9020	0.1083s	0.3451	0.9090	0.9035
104
0224	0.1447	0.9750	0.3678	0.9060	0.1047s	0.3410	0.9060	0.9006
105
0225	0.1329	0.9833	0.3677	0.9060	0.1196s	0.3425	0.9060	0.9007
106
0226	0.1468	1.0000	0.3740	0.9020	0.1220s	0.3477	0.9030	0.8973
107
0227	0.1404	0.9833	0.3896	0.8960	0.1214s	0.3623	0.8950	0.8890
108
0228	0.1077	1.0000	0.4070	0.8940	0.1224s	0.3785	0.8870	0.8800
109
0229	0.1414	0.9500	0.4101	0.8960	0.1221s	0.3804	0.8890	0.8826
110
0230	0.1417	0.9833	0.3932	0.8980	0.1230s	0.3641	0.8920	0.8859
111
0231	0.1220	0.9583	0.3783	0.9000	0.1220s	0.3485	0.9000	0.8946
112
0232	0.1269	0.9917	0.3730	0.9000	0.1227s	0.3442	0.9060	0.9010
113
0233	0.1602	0.9667	0.3723	0.9000	0.1235s	0.3450	0.9040	0.8991
114
0234	0.1457	0.9750	0.3717	0.8980	0.1221s	0.3466	0.9060	0.9010
115
0235	0.1283	1.0000	0.3776	0.9020	0.1225s	0.3539	0.9020	0.8967
116
0236	0.1123	0.9833	0.3828	0.9040	0.1255s	0.3611	0.9010	0.8955
117
0237	0.1490	0.9833	0.3841	0.9040	0.1221s	0.3644	0.9000	0.8944
118
0238	0.1423	0.9917	0.3843	0.9000	0.1225s	0.3673	0.9040	0.8984
119
0239	0.1302	0.9833	0.3871	0.8940	0.1217s	0.3711	0.9050	0.8992
120
0240	0.1404	0.9750	0.3897	0.8920	0.1226s	0.3719	0.9060	0.9004
121
0241	0.1305	0.9833	0.3859	0.9000	0.1218s	0.3659	0.9080	0.9024
122
0242	0.1391	1.0000	0.3815	0.9060	0.1224s	0.3585	0.9080	0.9029
123
0243	0.1327	0.9750	0.3821	0.9020	0.1222s	0.3566	0.9060	0.9008
124
0244	0.1313	0.9833	0.3854	0.9020	0.1273s	0.3578	0.9010	0.8953
125
0245	0.1366	0.9667	0.3936	0.8980	0.1227s	0.3659	0.8990	0.8931
126
0246	0.1320	0.9917	0.3990	0.8940	0.1220s	0.3736	0.8950	0.8894
127
0247	0.1549	0.9583	0.3935	0.8960	0.1219s	0.3701	0.8970	0.8917
128
0248	0.1262	0.9833	0.3853	0.9000	0.1221s	0.3632	0.9050	0.9001
129
0249	0.1746	0.9833	0.3825	0.8980	0.1233s	0.3589	0.9050	0.9004
130
0250	0.1187	1.0000	0.3834	0.8980	0.1216s	0.3560	0.9070	0.9022
131
0251	0.1444	0.9833	0.3856	0.9000	0.1217s	0.3535	0.9080	0.9030
132
0252	0.1614	0.9833	0.3858	0.9000	0.1221s	0.3507	0.9120	0.9074
133
0253	0.1389	1.0000	0.3854	0.9020	0.1221s	0.3479	0.9080	0.9035
134
0254	0.1315	0.9833	0.3888	0.9020	0.1231s	0.3503	0.9080	0.9031
135
0255	0.1443	0.9667	0.3957	0.8960	0.1221s	0.3568	0.9000	0.8948
136
0256	0.1402	0.9917	0.3989	0.8940	0.1221s	0.3592	0.9030	0.8978
137
0257	0.1312	1.0000	0.3996	0.8920	0.1222s	0.3607	0.9020	0.8969
138
0258	0.1289	0.9833	0.3969	0.8940	0.1217s	0.3589	0.9000	0.8944
139
0259	0.1582	0.9833	0.3909	0.8980	0.1223s	0.3539	0.8970	0.8911
140
0260	0.1474	0.9917	0.3863	0.8960	0.1221s	0.3483	0.9000	0.8944
141
0261	0.1469	0.9583	0.3866	0.9000	0.1222s	0.3470	0.9020	0.8962
142
0262	0.1393	0.9583	0.3884	0.8960	0.1227s	0.3477	0.9030	0.8972
143
0263	0.1558	0.9750	0.3878	0.8940	0.1222s	0.3467	0.9030	0.8972
144
0264	0.1381	0.9917	0.3926	0.8960	0.1252s	0.3506	0.9000	0.8938
145
0265	0.1338	0.9917	0.3970	0.9000	0.1217s	0.3543	0.8970	0.8909
146
0266	0.1443	0.9750	0.3981	0.9020	0.1049s	0.3560	0.9000	0.8939
147
0267	0.1300	0.9917	0.4007	0.8980	0.1223s	0.3582	0.9010	0.8951
148
0268	0.1333	0.9917	0.4003	0.8980	0.1221s	0.3571	0.9020	0.8969
149
0269	0.1532	0.9833	0.3902	0.9060	0.1222s	0.3486	0.9020	0.8967
150
0270	0.1758	0.9917	0.3796	0.9060	0.1221s	0.3402	0.9060	0.9015
151
0271	0.1371	0.9583	0.3770	0.9040	0.1218s	0.3386	0.9090	0.9044
152
0272	0.1690	0.9667	0.3767	0.9020	0.1224s	0.3370	0.9130	0.9085
153
0273	0.1488	0.9667	0.3775	0.9040	0.1218s	0.3370	0.9120	0.9073
154
0274	0.1241	0.9833	0.3801	0.9040	0.1223s	0.3387	0.9100	0.9050
155
0275	0.1469	0.9667	0.3863	0.9000	0.1222s	0.3415	0.9010	0.8954
156
0276	0.1164	0.9917	0.3972	0.9020	0.1221s	0.3489	0.9030	0.8975
157
0277	0.1284	0.9750	0.4070	0.8940	0.1217s	0.3573	0.9050	0.8993
158
0278	0.1316	0.9833	0.4144	0.8940	0.1219s	0.3644	0.8990	0.8933
159
0279	0.1592	0.9833	0.4100	0.8920	0.1222s	0.3635	0.8990	0.8927
160
0280	0.1280	0.9583	0.4011	0.9060	0.1221s	0.3596	0.9010	0.8948
161
0281	0.1258	0.9917	0.3949	0.8980	0.1221s	0.3566	0.9030	0.8970
162
0282	0.1367	0.9917	0.3886	0.8960	0.1221s	0.3514	0.9020	0.8966
163
0283	0.1544	0.9750	0.3862	0.9000	0.1221s	0.3467	0.9050	0.8994
164
0284	0.1462	0.9833	0.3885	0.9000	0.1221s	0.3456	0.9040	0.8982
165
0285	0.1285	0.9583	0.3957	0.8980	0.1216s	0.3486	0.9010	0.8951
166
0286	0.1343	0.9750	0.4087	0.9020	0.1218s	0.3580	0.9000	0.8938
167
0287	0.1442	0.9500	0.4180	0.8980	0.1221s	0.3644	0.8950	0.8880
168
0288	0.1237	0.9833	0.4272	0.8940	0.1225s	0.3714	0.8940	0.8873
169
0289	0.1256	0.9667	0.4230	0.8940	0.1223s	0.3670	0.8980	0.8914
170
0290	0.1245	0.9917	0.4102	0.8940	0.1221s	0.3559	0.9020	0.8958
171
0291	0.1264	0.9833	0.3995	0.8940	0.1220s	0.3474	0.9000	0.8942
172
0292	0.1364	0.9917	0.3894	0.9000	0.1222s	0.3396	0.9050	0.8999
173
0293	0.1232	0.9750	0.3863	0.9000	0.1227s	0.3374	0.9060	0.9006
174
0294	0.1408	1.0000	0.3869	0.8940	0.1222s	0.3378	0.9070	0.9016
175
0295	0.1337	0.9833	0.3931	0.8980	0.1217s	0.3424	0.9040	0.8984
176
0296	0.1495	0.9333	0.4137	0.8960	0.1206s	0.3592	0.8960	0.8896
177
0297	0.1400	0.9833	0.4335	0.8860	0.1220s	0.3775	0.8900	0.8826
178
0298	0.1398	0.9750	0.4345	0.8880	0.1219s	0.3796	0.8890	0.8816
179
0299	0.1474	0.9833	0.4216	0.8960	0.1223s	0.3699	0.8920	0.8851
180
0300	0.1566	0.9833	0.4050	0.8920	0.1217s	0.3573	0.8950	0.8889
181
0301	0.1163	0.9917	0.3962	0.8960	0.1224s	0.3514	0.9020	0.8966
182
0302	0.1292	0.9750	0.3918	0.8960	0.1220s	0.3498	0.9020	0.8967
183
0303	0.1212	0.9917	0.3906	0.8940	0.1223s	0.3517	0.9030	0.8976
184
0304	0.1529	0.9833	0.3887	0.8920	0.1220s	0.3508	0.8990	0.8931
185
0305	0.1398	0.9750	0.3893	0.9000	0.1224s	0.3513	0.9020	0.8961
186
0306	0.1155	0.9833	0.3929	0.8980	0.1220s	0.3551	0.8980	0.8921
187
0307	0.1337	0.9750	0.3902	0.8940	0.1222s	0.3517	0.8990	0.8928
188
0308	0.1345	0.9833	0.3845	0.9020	0.1220s	0.3451	0.9000	0.8940
189
0309	0.1131	0.9917	0.3840	0.9000	0.1216s	0.3436	0.9010	0.8951
190
0310	0.1410	0.9750	0.3851	0.9020	0.1050s	0.3446	0.8990	0.8928
191
0311	0.1246	0.9917	0.3879	0.8960	0.1219s	0.3477	0.9020	0.8963
192
0312	0.1492	0.9917	0.3902	0.8980	0.1213s	0.3500	0.9020	0.8963
193
0313	0.1403	0.9667	0.3913	0.9000	0.1222s	0.3515	0.9020	0.8960
194
0314	0.1261	1.0000	0.3916	0.9000	0.1236s	0.3521	0.9020	0.8962
195
0315	0.1279	0.9917	0.3854	0.9000	0.1227s	0.3467	0.9040	0.8984
196
0316	0.1165	0.9750	0.3801	0.9020	0.1217s	0.3413	0.9070	0.9017
197
0317	0.1377	1.0000	0.3790	0.9000	0.1222s	0.3398	0.9040	0.8987
198
0318	0.1280	0.9917	0.3800	0.9000	0.1221s	0.3405	0.9040	0.8987
199
Early stop! Min loss:0.3614148795604706,  Max accuracy:0.91
Early stop model validation loss:0.3614148795604706,  accuracy:0.908
Optimization Finished!
Total time elapsed: 39.1564s
test max acc:0.9140
Loading 97th epoch
stru_node_to_hop attention:tensor([[0.2513, 0.2510, 0.2491, 0.2486],
        [0.2501, 0.2500, 0.2500, 0.2500],
        [0.2475, 0.2512, 0.2507, 0.2506],
        [0.2501, 0.2511, 0.2496, 0.2492],
        [0.2473, 0.2509, 0.2508, 0.2509],
        [0.2513, 0.2503, 0.2493, 0.2491],
        [0.2500, 0.2501, 0.2499, 0.2499],
        [0.2500, 0.2502, 0.2500, 0.2498],
        [0.2502, 0.2501, 0.2499, 0.2498],
        [0.2503, 0.2500, 0.2499, 0.2498],
        [0.2507, 0.2496, 0.2498, 0.2498],
        [0.2496, 0.2503, 0.2501, 0.2501],
        [0.2500, 0.2501, 0.2500, 0.2499],
        [0.2510, 0.2503, 0.2495, 0.2492],
        [0.2492, 0.2504, 0.2503, 0.2501],
        [0.2499, 0.2508, 0.2498, 0.2495],
        [0.2488, 0.2509, 0.2503, 0.2500],
        [0.2493, 0.2506, 0.2501, 0.2499],
        [0.2500, 0.2500, 0.2500, 0.2500],
        [0.2500, 0.2503, 0.2500, 0.2497],
        [0.2496, 0.2503, 0.2501, 0.2501],
        [0.2492, 0.2506, 0.2502, 0.2500],
        [0.2492, 0.2503, 0.2503, 0.2502],
        [0.2486, 0.2506, 0.2504, 0.2504],
        [0.2500, 0.2501, 0.2500, 0.2499],
        [0.2474, 0.2516, 0.2506, 0.2504],
        [0.2497, 0.2504, 0.2500, 0.2499],
        [0.2473, 0.2514, 0.2508, 0.2506],
        [0.2502, 0.2498, 0.2500, 0.2500],
        [0.2486, 0.2511, 0.2502, 0.2501],
        [0.2484, 0.2508, 0.2505, 0.2503],
        [0.2485, 0.2506, 0.2505, 0.2504],
        [0.2503, 0.2500, 0.2499, 0.2497],
        [0.2498, 0.2502, 0.2500, 0.2500],
        [0.2491, 0.2503, 0.2503, 0.2503],
        [0.2493, 0.2503, 0.2502, 0.2502],
        [0.2497, 0.2502, 0.2502, 0.2499],
        [0.2479, 0.2506, 0.2507, 0.2508],
        [0.2497, 0.2503, 0.2501, 0.2500],
        [0.2508, 0.2500, 0.2496, 0.2495],
        [0.2502, 0.2500, 0.2499, 0.2499],
        [0.2496, 0.2505, 0.2500, 0.2499],
        [0.2484, 0.2511, 0.2503, 0.2502],
        [0.2500, 0.2500, 0.2500, 0.2500],
        [0.2473, 0.2512, 0.2508, 0.2506],
        [0.1733, 0.2013, 0.2754, 0.3500],
        [0.2496, 0.2503, 0.2501, 0.2500],
        [0.2482, 0.2512, 0.2504, 0.2502],
        [0.2501, 0.2501, 0.2500, 0.2499],
        [0.2497, 0.2501, 0.2501, 0.2500],
        [0.2492, 0.2505, 0.2502, 0.2501],
        [0.2498, 0.2501, 0.2501, 0.2501],
        [0.2498, 0.2501, 0.2501, 0.2500],
        [0.2501, 0.2502, 0.2499, 0.2498],
        [0.2487, 0.2510, 0.2503, 0.2500],
        [0.2485, 0.2506, 0.2504, 0.2505],
        [0.2498, 0.2512, 0.2498, 0.2493],
        [0.2500, 0.2499, 0.2501, 0.2500],
        [0.2487, 0.2515, 0.2501, 0.2497],
        [0.2490, 0.2511, 0.2501, 0.2498],
        [0.2489, 0.2509, 0.2503, 0.2499],
        [0.2503, 0.2501, 0.2498, 0.2498],
        [0.2500, 0.2504, 0.2499, 0.2498],
        [0.2487, 0.2508, 0.2504, 0.2501],
        [0.2500, 0.2500, 0.2500, 0.2500],
        [0.2496, 0.2499, 0.2502, 0.2503],
        [0.2492, 0.2513, 0.2500, 0.2495],
        [0.2487, 0.2504, 0.2504, 0.2505],
        [0.2498, 0.2501, 0.2500, 0.2500],
        [0.2480, 0.2508, 0.2506, 0.2506],
        [0.2484, 0.2513, 0.2502, 0.2500],
        [0.2498, 0.2500, 0.2501, 0.2501],
        [0.2493, 0.2509, 0.2501, 0.2498],
        [0.2494, 0.2513, 0.2499, 0.2494],
        [0.2500, 0.2500, 0.2500, 0.2500],
        [0.2488, 0.2505, 0.2504, 0.2503],
        [0.2503, 0.2503, 0.2498, 0.2496],
        [0.2530, 0.2483, 0.2492, 0.2494],
        [0.2493, 0.2503, 0.2502, 0.2502],
        [0.2500, 0.2500, 0.2500, 0.2500],
        [0.2501, 0.2503, 0.2499, 0.2496],
        [0.2486, 0.2509, 0.2503, 0.2502],
        [0.2495, 0.2505, 0.2501, 0.2499],
        [0.2496, 0.2503, 0.2501, 0.2501],
        [0.2491, 0.2506, 0.2502, 0.2501],
        [0.2503, 0.2498, 0.2499, 0.2499],
        [0.2484, 0.2507, 0.2505, 0.2505],
        [0.2486, 0.2510, 0.2503, 0.2501],
        [0.2490, 0.2511, 0.2501, 0.2498],
        [0.2511, 0.2499, 0.2496, 0.2494],
        [0.2481, 0.2509, 0.2505, 0.2505],
        [0.2500, 0.2500, 0.2500, 0.2500],
        [0.2500, 0.2500, 0.2500, 0.2500],
        [0.2492, 0.2505, 0.2502, 0.2501],
        [0.2493, 0.2504, 0.2502, 0.2501],
        [0.2499, 0.2501, 0.2500, 0.2500],
        [0.2489, 0.2507, 0.2502, 0.2501],
        [0.2520, 0.2493, 0.2495, 0.2493],
        [0.2488, 0.2509, 0.2502, 0.2501],
        [0.2504, 0.2499, 0.2499, 0.2498]], device='cuda:1')
fea_node_to_hop attention:tensor([[0.3295, 0.3349, 0.3356],
        [0.3337, 0.3332, 0.3332],
        [0.3291, 0.3346, 0.3363],
        [0.3310, 0.3341, 0.3349],
        [0.3328, 0.3332, 0.3340],
        [0.3297, 0.3353, 0.3350],
        [0.3294, 0.3358, 0.3349],
        [0.3311, 0.3340, 0.3349],
        [0.3311, 0.3348, 0.3340],
        [0.3328, 0.3330, 0.3341],
        [0.3349, 0.3324, 0.3327],
        [0.3317, 0.3337, 0.3346],
        [0.3321, 0.3334, 0.3344],
        [0.3318, 0.3332, 0.3351],
        [0.3306, 0.3344, 0.3350],
        [0.3306, 0.3339, 0.3355],
        [0.3281, 0.3344, 0.3375],
        [0.3314, 0.3343, 0.3343],
        [0.3327, 0.3335, 0.3338],
        [0.3308, 0.3334, 0.3358],
        [0.3317, 0.3344, 0.3339],
        [0.3322, 0.3336, 0.3342],
        [0.3301, 0.3341, 0.3358],
        [0.3315, 0.3347, 0.3338],
        [0.3331, 0.3334, 0.3335],
        [0.3291, 0.3346, 0.3364],
        [0.3324, 0.3334, 0.3343],
        [0.3273, 0.3358, 0.3369],
        [0.3287, 0.3349, 0.3363],
        [0.3292, 0.3361, 0.3347],
        [0.3309, 0.3340, 0.3350],
        [0.3303, 0.3340, 0.3357],
        [0.3330, 0.3332, 0.3338],
        [0.3324, 0.3338, 0.3338],
        [0.3312, 0.3343, 0.3345],
        [0.3288, 0.3356, 0.3356],
        [0.3323, 0.3333, 0.3344],
        [0.3310, 0.3341, 0.3349],
        [0.3323, 0.3330, 0.3347],
        [0.3307, 0.3343, 0.3350],
        [0.3334, 0.3333, 0.3333],
        [0.3299, 0.3346, 0.3355],
        [0.3284, 0.3349, 0.3367],
        [0.3336, 0.3332, 0.3332],
        [0.3332, 0.3338, 0.3330],
        [0.3474, 0.3426, 0.3101],
        [0.3328, 0.3335, 0.3336],
        [0.3286, 0.3351, 0.3363],
        [0.3323, 0.3329, 0.3348],
        [0.3323, 0.3337, 0.3341],
        [0.3325, 0.3339, 0.3336],
        [0.3331, 0.3332, 0.3337],
        [0.3329, 0.3336, 0.3336],
        [0.3303, 0.3343, 0.3354],
        [0.3332, 0.3335, 0.3333],
        [0.3331, 0.3334, 0.3336],
        [0.3313, 0.3342, 0.3344],
        [0.3307, 0.3335, 0.3358],
        [0.3329, 0.3323, 0.3349],
        [0.3313, 0.3334, 0.3353],
        [0.3293, 0.3348, 0.3359],
        [0.3326, 0.3328, 0.3346],
        [0.3321, 0.3336, 0.3343],
        [0.3328, 0.3335, 0.3337],
        [0.3334, 0.3334, 0.3332],
        [0.3308, 0.3343, 0.3349],
        [0.3312, 0.3341, 0.3348],
        [0.3318, 0.3338, 0.3344],
        [0.3326, 0.3337, 0.3337],
        [0.3291, 0.3354, 0.3355],
        [0.3302, 0.3348, 0.3350],
        [0.3324, 0.3336, 0.3340],
        [0.3283, 0.3353, 0.3363],
        [0.3293, 0.3344, 0.3362],
        [0.3330, 0.3334, 0.3335],
        [0.3310, 0.3338, 0.3353],
        [0.3309, 0.3342, 0.3348],
        [0.3297, 0.3343, 0.3360],
        [0.3321, 0.3332, 0.3347],
        [0.3325, 0.3333, 0.3342],
        [0.3313, 0.3345, 0.3342],
        [0.3316, 0.3346, 0.3338],
        [0.3303, 0.3346, 0.3351],
        [0.3316, 0.3342, 0.3342],
        [0.3311, 0.3338, 0.3351],
        [0.3314, 0.3344, 0.3343],
        [0.3303, 0.3355, 0.3342],
        [0.3302, 0.3344, 0.3353],
        [0.3297, 0.3340, 0.3362],
        [0.3303, 0.3345, 0.3353],
        [0.3303, 0.3344, 0.3354],
        [0.3334, 0.3333, 0.3333],
        [0.3330, 0.3335, 0.3336],
        [0.3309, 0.3347, 0.3344],
        [0.3324, 0.3335, 0.3341],
        [0.3331, 0.3333, 0.3336],
        [0.3302, 0.3348, 0.3349],
        [0.3321, 0.3327, 0.3352],
        [0.3319, 0.3337, 0.3344],
        [0.3343, 0.3328, 0.3329]], device='cuda:1')
perception attention:tensor([0.5000, 0.5000], device='cuda:1')
Test set results: loss= 0.3409 accuracy= 0.9080 F1_score= 0.9034
