# epoch	loss_train	acc_train	loss_val	acc_val	time	acc_test	f1_test
0001	1.7996	0.1500	1.6879	0.5060	0.1217s	1.6817	0.5270	0.3677
0
0002	1.6903	0.4500	1.5241	0.5000	0.1225s	1.5087	0.5230	0.3960
0
0003	1.5335	0.5500	1.3353	0.5600	0.1153s	1.3165	0.5800	0.4977
0
0004	1.3678	0.6000	1.1287	0.7860	0.1221s	1.1130	0.8050	0.7900
0
0005	1.0868	0.7833	0.9470	0.8800	0.1219s	0.9338	0.8850	0.8779
0
0006	0.9139	0.7917	0.8059	0.8600	0.1227s	0.7950	0.8720	0.8669
0
0007	0.7874	0.8333	0.6871	0.8660	0.1228s	0.6742	0.8750	0.8689
0
0008	0.6478	0.9000	0.5955	0.8840	0.1221s	0.5770	0.8860	0.8789
0
0009	0.5412	0.9250	0.5276	0.8900	0.1221s	0.5072	0.8890	0.8818
0
0010	0.4950	0.9167	0.4765	0.9060	0.1223s	0.4565	0.9010	0.8947
0
0011	0.4127	0.8833	0.4402	0.8940	0.1227s	0.4189	0.9010	0.8952
0
0012	0.3522	0.9333	0.4140	0.8900	0.1218s	0.3899	0.8960	0.8896
0
0013	0.3242	0.9333	0.3997	0.8840	0.1217s	0.3723	0.8980	0.8915
0
0014	0.3093	0.9417	0.3921	0.8940	0.1219s	0.3605	0.8960	0.8899
0
0015	0.2877	0.9500	0.3849	0.8940	0.1220s	0.3512	0.8960	0.8900
0
0016	0.2911	0.9000	0.3811	0.8940	0.1222s	0.3444	0.8990	0.8931
0
0017	0.2504	0.9667	0.3814	0.8980	0.1223s	0.3420	0.9020	0.8960
0
0018	0.2670	0.9250	0.3837	0.8960	0.1224s	0.3423	0.9010	0.8949
1
0019	0.1919	0.9750	0.3905	0.8840	0.1219s	0.3483	0.8930	0.8859
2
0020	0.2025	0.9750	0.3941	0.8840	0.1250s	0.3514	0.8970	0.8908
3
0021	0.2165	0.9500	0.3968	0.8860	0.1223s	0.3522	0.8970	0.8910
4
0022	0.1919	0.9833	0.3962	0.8860	0.1216s	0.3500	0.8950	0.8886
5
0023	0.1939	0.9917	0.3948	0.8880	0.1220s	0.3467	0.8940	0.8878
6
0024	0.1729	0.9750	0.3953	0.8960	0.1220s	0.3451	0.8950	0.8891
7
0025	0.1727	0.9833	0.3996	0.8940	0.1220s	0.3476	0.8980	0.8920
8
0026	0.1725	0.9833	0.4032	0.8940	0.1222s	0.3500	0.9010	0.8949
9
0027	0.1784	0.9750	0.4081	0.8960	0.1222s	0.3548	0.9000	0.8938
10
0028	0.1591	0.9833	0.4116	0.8960	0.1217s	0.3594	0.8980	0.8916
11
0029	0.1617	0.9833	0.4101	0.8960	0.1219s	0.3596	0.9000	0.8937
12
0030	0.1760	0.9750	0.4106	0.8960	0.1222s	0.3638	0.8960	0.8892
13
0031	0.1648	0.9583	0.4104	0.8880	0.1222s	0.3662	0.8940	0.8868
14
0032	0.1696	0.9833	0.4110	0.8840	0.1222s	0.3683	0.8940	0.8869
15
0033	0.1424	0.9583	0.4102	0.8880	0.1221s	0.3677	0.8920	0.8850
16
0034	0.1574	0.9667	0.4075	0.8880	0.1052s	0.3653	0.8950	0.8883
17
0035	0.1540	1.0000	0.4058	0.8960	0.1219s	0.3628	0.8940	0.8876
18
0036	0.1879	0.9750	0.4091	0.8920	0.1226s	0.3649	0.8940	0.8881
19
0037	0.1506	0.9833	0.4109	0.8920	0.1240s	0.3666	0.8960	0.8903
20
0038	0.1662	0.9583	0.4122	0.8940	0.1151s	0.3686	0.8920	0.8857
21
0039	0.1619	0.9917	0.4081	0.8940	0.1043s	0.3659	0.8940	0.8877
22
0040	0.1658	0.9583	0.3990	0.8960	0.1221s	0.3602	0.8970	0.8907
23
0041	0.1732	0.9833	0.3943	0.8960	0.1221s	0.3579	0.8980	0.8917
24
0042	0.1588	0.9667	0.3938	0.8960	0.1222s	0.3581	0.8960	0.8894
25
0043	0.1517	0.9917	0.3948	0.8960	0.1220s	0.3584	0.8930	0.8862
26
0044	0.1678	0.9917	0.3958	0.8960	0.1221s	0.3586	0.8970	0.8902
27
0045	0.1549	0.9583	0.3975	0.8940	0.1222s	0.3591	0.8970	0.8903
28
0046	0.1707	0.9583	0.3983	0.8920	0.1236s	0.3592	0.8980	0.8908
29
0047	0.1535	0.9750	0.3966	0.8940	0.1218s	0.3588	0.8990	0.8922
30
0048	0.1506	0.9667	0.3962	0.8960	0.1217s	0.3594	0.8990	0.8921
31
0049	0.1706	0.9667	0.3951	0.8980	0.1220s	0.3589	0.8990	0.8929
32
0050	0.1537	0.9833	0.3942	0.8960	0.1220s	0.3594	0.8990	0.8925
33
0051	0.1579	0.9583	0.3914	0.8960	0.1219s	0.3573	0.9000	0.8935
34
0052	0.1565	0.9917	0.3910	0.8920	0.1224s	0.3581	0.8980	0.8913
35
0053	0.1604	0.9750	0.3873	0.8920	0.1216s	0.3565	0.8960	0.8894
36
0054	0.1514	0.9750	0.3852	0.8900	0.1221s	0.3571	0.8960	0.8897
37
0055	0.1496	0.9833	0.3852	0.8940	0.1221s	0.3599	0.8940	0.8876
38
0056	0.1409	0.9917	0.3843	0.8960	0.1221s	0.3611	0.8950	0.8886
39
0057	0.1561	0.9833	0.3800	0.8980	0.1216s	0.3576	0.8960	0.8896
40
0058	0.1557	0.9750	0.3761	0.9040	0.1193s	0.3535	0.8990	0.8924
0
0059	0.1535	0.9917	0.3706	0.9020	0.1225s	0.3453	0.9070	0.9015
0
0060	0.1556	0.9750	0.3719	0.8980	0.1219s	0.3441	0.9060	0.9002
0
0061	0.1319	1.0000	0.3764	0.8900	0.1204s	0.3465	0.9100	0.9041
1
0062	0.1909	0.9917	0.3802	0.8900	0.1219s	0.3506	0.9100	0.9043
2
0063	0.1455	1.0000	0.3793	0.8900	0.1218s	0.3507	0.9080	0.9021
3
0064	0.1352	0.9667	0.3776	0.8920	0.1169s	0.3509	0.9080	0.9023
4
0065	0.1356	0.9750	0.3772	0.8960	0.1223s	0.3518	0.9030	0.8968
5
0066	0.1458	1.0000	0.3771	0.8960	0.1217s	0.3524	0.9010	0.8946
6
0067	0.1331	0.9833	0.3725	0.8980	0.1223s	0.3482	0.8990	0.8924
7
0068	0.1431	0.9917	0.3636	0.9000	0.1214s	0.3403	0.9060	0.9005
8
0069	0.1584	0.9917	0.3586	0.9000	0.1221s	0.3362	0.9060	0.9008
0
0070	0.1367	0.9750	0.3573	0.9000	0.1225s	0.3350	0.9100	0.9050
0
0071	0.1493	1.0000	0.3594	0.9000	0.1221s	0.3366	0.9130	0.9083
0
0072	0.1360	0.9833	0.3630	0.8980	0.1220s	0.3388	0.9120	0.9071
1
0073	0.1465	0.9667	0.3647	0.9000	0.1221s	0.3385	0.9090	0.9036
2
0074	0.1244	0.9833	0.3677	0.9000	0.1216s	0.3402	0.9080	0.9022
3
0075	0.1465	0.9917	0.3694	0.9040	0.1048s	0.3400	0.9100	0.9046
4
0076	0.1425	0.9583	0.3658	0.9040	0.1214s	0.3359	0.9090	0.9034
5
0077	0.1385	0.9750	0.3590	0.9040	0.1222s	0.3311	0.9110	0.9060
6
0078	0.1439	0.9667	0.3569	0.9040	0.1045s	0.3317	0.9070	0.9018
7
0079	0.1632	0.9750	0.3581	0.9000	0.1048s	0.3354	0.9060	0.9010
0
0080	0.1289	1.0000	0.3601	0.8980	0.1183s	0.3387	0.9090	0.9043
1
0081	0.1371	0.9750	0.3651	0.8960	0.1222s	0.3433	0.9060	0.9006
2
0082	0.1840	0.9833	0.3692	0.9000	0.1224s	0.3445	0.9080	0.9018
3
0083	0.1413	0.9750	0.3740	0.9020	0.1219s	0.3473	0.9050	0.8986
4
0084	0.1478	0.9667	0.3737	0.9020	0.1221s	0.3457	0.9070	0.9009
5
0085	0.1260	0.9583	0.3722	0.9020	0.1224s	0.3431	0.9070	0.9011
6
0086	0.1560	0.9833	0.3683	0.8960	0.1220s	0.3391	0.9110	0.9055
7
0087	0.1408	0.9667	0.3618	0.9000	0.1219s	0.3341	0.9150	0.9100
8
0088	0.1540	0.9667	0.3559	0.9040	0.1222s	0.3294	0.9150	0.9101
9
0089	0.1352	0.9833	0.3543	0.9080	0.1226s	0.3309	0.9120	0.9072
0
0090	0.1351	0.9750	0.3536	0.9060	0.1218s	0.3322	0.9130	0.9083
0
0091	0.1461	0.9833	0.3552	0.9020	0.1222s	0.3344	0.9130	0.9084
0
0092	0.1369	0.9917	0.3604	0.8980	0.1219s	0.3405	0.9070	0.9015
1
0093	0.1220	0.9833	0.3671	0.9040	0.1221s	0.3460	0.9070	0.9012
2
0094	0.1518	0.9750	0.3720	0.9000	0.1220s	0.3494	0.9060	0.9002
3
0095	0.1524	0.9750	0.3690	0.9040	0.1224s	0.3460	0.9070	0.9014
4
0096	0.1227	0.9917	0.3645	0.9040	0.1223s	0.3388	0.9090	0.9035
5
0097	0.1339	0.9500	0.3617	0.9020	0.1220s	0.3333	0.9120	0.9071
6
0098	0.1391	0.9583	0.3577	0.9000	0.1218s	0.3298	0.9110	0.9063
7
0099	0.1548	0.9833	0.3581	0.9060	0.1222s	0.3315	0.9120	0.9073
8
0100	0.1409	0.9750	0.3642	0.9060	0.1223s	0.3381	0.9060	0.9010
9
0101	0.1371	0.9750	0.3734	0.8980	0.1222s	0.3465	0.9040	0.8990
10
0102	0.1735	0.9750	0.3795	0.8940	0.1220s	0.3527	0.9040	0.8989
11
0103	0.1436	0.9667	0.3776	0.8920	0.1223s	0.3524	0.9020	0.8962
12
0104	0.1407	0.9833	0.3684	0.8940	0.1222s	0.3447	0.9060	0.9004
13
0105	0.1329	0.9917	0.3624	0.9020	0.1225s	0.3390	0.9090	0.9035
14
0106	0.1570	0.9667	0.3598	0.9020	0.1204s	0.3355	0.9100	0.9050
15
0107	0.1428	0.9417	0.3582	0.9060	0.1222s	0.3331	0.9130	0.9083
16
0108	0.1352	0.9917	0.3589	0.9060	0.1225s	0.3317	0.9130	0.9083
17
0109	0.1379	0.9917	0.3612	0.9060	0.1221s	0.3316	0.9140	0.9096
18
0110	0.1620	0.9667	0.3675	0.9000	0.1223s	0.3367	0.9100	0.9054
19
0111	0.1264	1.0000	0.3787	0.8980	0.1200s	0.3469	0.9030	0.8980
20
0112	0.1453	0.9750	0.3899	0.9020	0.1042s	0.3560	0.9010	0.8959
21
0113	0.1424	0.9583	0.3988	0.8980	0.1187s	0.3634	0.9010	0.8957
22
0114	0.1484	0.9750	0.3909	0.9000	0.1221s	0.3580	0.9030	0.8981
23
0115	0.1475	0.9500	0.3761	0.9040	0.1218s	0.3470	0.9040	0.8991
24
0116	0.1351	0.9833	0.3685	0.9080	0.1220s	0.3396	0.9100	0.9055
25
0117	0.1431	0.9833	0.3679	0.9020	0.1211s	0.3365	0.9090	0.9042
0
0118	0.1642	0.9667	0.3679	0.9060	0.1220s	0.3345	0.9080	0.9033
1
0119	0.1396	0.9667	0.3664	0.9060	0.1221s	0.3344	0.9080	0.9035
2
0120	0.1441	0.9917	0.3644	0.9020	0.1199s	0.3358	0.9080	0.9032
3
0121	0.1507	0.9917	0.3658	0.9040	0.1224s	0.3383	0.9100	0.9057
4
0122	0.1418	0.9583	0.3693	0.9060	0.1221s	0.3414	0.9100	0.9056
5
0123	0.1220	0.9667	0.3702	0.9120	0.1226s	0.3425	0.9110	0.9067
6
0124	0.1458	0.9750	0.3691	0.9120	0.1220s	0.3416	0.9100	0.9055
0
0125	0.1453	0.9833	0.3704	0.9080	0.1048s	0.3425	0.9110	0.9065
0
0126	0.1498	0.9917	0.3704	0.9060	0.1219s	0.3414	0.9070	0.9023
1
0127	0.1456	0.9750	0.3748	0.9000	0.1222s	0.3444	0.9070	0.9021
2
0128	0.1359	0.9583	0.3793	0.9000	0.1222s	0.3467	0.9030	0.8973
3
0129	0.1230	0.9917	0.3829	0.9000	0.1218s	0.3472	0.9010	0.8955
4
0130	0.1356	0.9833	0.3839	0.9000	0.1223s	0.3457	0.9000	0.8943
5
0131	0.1409	0.9917	0.3817	0.9020	0.1220s	0.3432	0.9020	0.8965
6
0132	0.1354	0.9667	0.3840	0.8980	0.1226s	0.3456	0.9080	0.9027
7
0133	0.1355	0.9917	0.3848	0.9020	0.1223s	0.3463	0.9070	0.9021
8
0134	0.1370	0.9833	0.3872	0.9060	0.1224s	0.3507	0.9040	0.8990
9
0135	0.1443	0.9833	0.3878	0.9060	0.1223s	0.3532	0.9060	0.9012
10
0136	0.1198	0.9750	0.3834	0.9080	0.1218s	0.3498	0.9060	0.9010
11
0137	0.1185	0.9750	0.3792	0.9080	0.1221s	0.3471	0.9060	0.9012
12
0138	0.1477	0.9667	0.3789	0.9080	0.1218s	0.3462	0.9090	0.9043
13
0139	0.1295	0.9917	0.3783	0.9100	0.1220s	0.3454	0.9090	0.9043
14
0140	0.1448	0.9750	0.3800	0.9040	0.1243s	0.3458	0.9100	0.9050
15
0141	0.1238	0.9500	0.3820	0.9060	0.1221s	0.3478	0.9070	0.9018
16
0142	0.1489	0.9750	0.3857	0.9080	0.1228s	0.3523	0.9020	0.8963
17
0143	0.1430	0.9917	0.3916	0.9040	0.1216s	0.3602	0.9000	0.8937
18
0144	0.1305	0.9917	0.3969	0.8960	0.1219s	0.3680	0.9000	0.8935
19
0145	0.1441	0.9833	0.3963	0.8920	0.1221s	0.3697	0.9030	0.8963
20
0146	0.1355	0.9917	0.3953	0.8980	0.1222s	0.3686	0.9020	0.8956
21
0147	0.1353	0.9917	0.3920	0.9000	0.1221s	0.3634	0.9070	0.9012
22
0148	0.1309	0.9833	0.3888	0.9020	0.1221s	0.3582	0.9030	0.8973
23
0149	0.1273	0.9750	0.3903	0.8980	0.1220s	0.3561	0.9040	0.8984
24
0150	0.1441	0.9667	0.3916	0.9020	0.1222s	0.3549	0.9020	0.8961
25
0151	0.1399	0.9417	0.3907	0.9020	0.1214s	0.3542	0.9060	0.9006
26
0152	0.1274	0.9750	0.3868	0.9000	0.1223s	0.3535	0.9040	0.8986
27
0153	0.1231	0.9833	0.3812	0.9040	0.1218s	0.3530	0.9070	0.9018
28
0154	0.1264	0.9917	0.3775	0.9060	0.1143s	0.3539	0.9080	0.9028
29
0155	0.1357	0.9750	0.3811	0.9040	0.1235s	0.3601	0.9040	0.8988
30
0156	0.1276	0.9750	0.3864	0.8960	0.1222s	0.3646	0.9000	0.8940
31
0157	0.1343	0.9750	0.3910	0.8980	0.1223s	0.3646	0.9050	0.8990
32
0158	0.1396	0.9750	0.3994	0.8980	0.1206s	0.3667	0.9030	0.8964
33
0159	0.1362	0.9750	0.4012	0.8960	0.1217s	0.3643	0.9000	0.8932
34
0160	0.1372	1.0000	0.4000	0.9000	0.1221s	0.3613	0.9040	0.8976
35
0161	0.1369	0.9833	0.3946	0.9020	0.1222s	0.3552	0.9040	0.8984
36
0162	0.1255	0.9917	0.3902	0.9020	0.1221s	0.3509	0.9050	0.8998
37
0163	0.1341	0.9917	0.3862	0.9020	0.1223s	0.3494	0.9030	0.8976
38
0164	0.1407	0.9750	0.3805	0.9000	0.1220s	0.3493	0.9060	0.9005
39
0165	0.1281	0.9917	0.3804	0.9000	0.1221s	0.3521	0.9000	0.8942
40
0166	0.1382	0.9833	0.3795	0.8960	0.1222s	0.3527	0.8970	0.8912
41
0167	0.1395	0.9667	0.3786	0.9000	0.1222s	0.3534	0.8980	0.8918
42
0168	0.1570	0.9833	0.3744	0.9000	0.1220s	0.3493	0.9050	0.8990
43
0169	0.1556	0.9750	0.3737	0.9020	0.1221s	0.3481	0.9090	0.9035
44
0170	0.1278	0.9917	0.3733	0.9060	0.1219s	0.3472	0.9070	0.9013
45
0171	0.1373	0.9917	0.3730	0.9100	0.1227s	0.3451	0.9050	0.8994
46
0172	0.1339	0.9917	0.3731	0.9100	0.1221s	0.3435	0.9020	0.8967
47
0173	0.1144	0.9917	0.3764	0.9080	0.1212s	0.3463	0.9020	0.8969
48
0174	0.1284	1.0000	0.3806	0.9040	0.1226s	0.3501	0.9010	0.8960
49
0175	0.1374	0.9833	0.3791	0.9020	0.1221s	0.3500	0.9020	0.8968
50
0176	0.1390	0.9833	0.3715	0.9080	0.1247s	0.3451	0.9050	0.9001
51
0177	0.1295	0.9833	0.3677	0.9100	0.1044s	0.3420	0.9100	0.9052
52
0178	0.1150	1.0000	0.3682	0.9040	0.1220s	0.3434	0.9110	0.9064
53
0179	0.1554	0.9667	0.3749	0.9020	0.1223s	0.3499	0.9070	0.9020
54
0180	0.1324	0.9833	0.3796	0.9020	0.1222s	0.3525	0.9070	0.9018
55
0181	0.1321	0.9667	0.3867	0.9020	0.1224s	0.3570	0.9060	0.9008
56
0182	0.1290	0.9750	0.3924	0.9000	0.1047s	0.3589	0.9000	0.8939
57
0183	0.1625	0.9583	0.3956	0.9020	0.1220s	0.3589	0.9030	0.8973
58
0184	0.1239	0.9917	0.4010	0.9040	0.1220s	0.3629	0.8990	0.8933
59
0185	0.1337	0.9667	0.4047	0.9000	0.1222s	0.3682	0.8980	0.8926
60
0186	0.1326	0.9917	0.4017	0.9000	0.1224s	0.3670	0.9030	0.8978
61
0187	0.1489	0.9833	0.3902	0.9080	0.1222s	0.3595	0.9030	0.8978
62
0188	0.1489	0.9667	0.3796	0.9100	0.1220s	0.3514	0.9120	0.9073
63
0189	0.1330	0.9667	0.3780	0.9040	0.1221s	0.3515	0.9100	0.9050
64
0190	0.1437	0.9667	0.3801	0.9020	0.1220s	0.3555	0.9090	0.9045
65
0191	0.1506	0.9667	0.3828	0.9020	0.1224s	0.3598	0.9050	0.9000
66
0192	0.1354	0.9833	0.3850	0.9020	0.1225s	0.3622	0.9030	0.8975
67
0193	0.1322	0.9917	0.3899	0.8980	0.1225s	0.3644	0.9010	0.8955
68
0194	0.1321	0.9917	0.3991	0.9040	0.1218s	0.3698	0.8970	0.8910
69
0195	0.1359	0.9833	0.4030	0.9000	0.1224s	0.3714	0.8980	0.8922
70
0196	0.1512	0.9667	0.3989	0.9000	0.1236s	0.3677	0.8990	0.8931
71
0197	0.1357	0.9833	0.3902	0.9000	0.1217s	0.3615	0.9040	0.8991
72
0198	0.1488	0.9917	0.3827	0.9100	0.1219s	0.3594	0.9040	0.8990
73
0199	0.1378	0.9583	0.3821	0.9080	0.1213s	0.3629	0.9020	0.8961
74
0200	0.1509	0.9667	0.3850	0.8960	0.1208s	0.3686	0.9010	0.8947
75
0201	0.1676	0.9500	0.3791	0.8980	0.1204s	0.3630	0.9050	0.8995
76
0202	0.1231	0.9917	0.3782	0.8980	0.1221s	0.3619	0.9020	0.8963
77
0203	0.1385	0.9833	0.3783	0.9020	0.1215s	0.3614	0.9020	0.8965
78
0204	0.1342	0.9750	0.3790	0.9020	0.1221s	0.3594	0.8980	0.8925
79
0205	0.1156	1.0000	0.3796	0.9040	0.1226s	0.3571	0.9020	0.8968
80
0206	0.1305	0.9917	0.3809	0.9060	0.1224s	0.3557	0.9060	0.9011
81
0207	0.1335	1.0000	0.3855	0.9040	0.1221s	0.3586	0.9040	0.8989
82
0208	0.1626	0.9750	0.3905	0.9020	0.1228s	0.3649	0.9030	0.8974
83
0209	0.1387	0.9833	0.3894	0.9020	0.1061s	0.3647	0.9040	0.8986
84
0210	0.1248	0.9750	0.3854	0.9020	0.1195s	0.3601	0.9040	0.8989
85
0211	0.1336	0.9833	0.3822	0.9040	0.1222s	0.3570	0.9080	0.9036
86
0212	0.1267	1.0000	0.3812	0.9020	0.1215s	0.3570	0.9070	0.9026
87
0213	0.1196	0.9833	0.3827	0.9000	0.1222s	0.3596	0.9000	0.8948
88
0214	0.1437	0.9667	0.3859	0.9020	0.1218s	0.3638	0.9020	0.8968
89
0215	0.1416	0.9583	0.3894	0.9000	0.1225s	0.3668	0.9010	0.8953
90
0216	0.1187	0.9833	0.3941	0.9020	0.1220s	0.3714	0.8990	0.8927
91
0217	0.1255	0.9750	0.3953	0.9020	0.1221s	0.3714	0.9030	0.8976
92
0218	0.1570	0.9583	0.3934	0.8960	0.1222s	0.3671	0.9010	0.8955
93
0219	0.1404	0.9667	0.3869	0.9040	0.1218s	0.3599	0.9040	0.8989
94
0220	0.1341	0.9667	0.3806	0.9040	0.1222s	0.3526	0.9070	0.9022
95
0221	0.1603	0.9917	0.3793	0.9040	0.1220s	0.3526	0.9080	0.9031
96
0222	0.1532	0.9667	0.3789	0.9100	0.1221s	0.3579	0.9050	0.9003
97
0223	0.1468	0.9750	0.3854	0.9020	0.1220s	0.3701	0.9030	0.8974
98
0224	0.1289	0.9917	0.3970	0.8940	0.1219s	0.3835	0.8940	0.8870
99
0225	0.1455	0.9833	0.4034	0.8880	0.1218s	0.3902	0.8910	0.8836
100
0226	0.1238	0.9917	0.3954	0.8880	0.1224s	0.3818	0.8930	0.8860
101
0227	0.1313	0.9917	0.3880	0.8920	0.1211s	0.3715	0.8960	0.8896
102
0228	0.1458	0.9750	0.3806	0.8900	0.1223s	0.3607	0.8970	0.8914
103
0229	0.1098	0.9750	0.3758	0.8940	0.1214s	0.3527	0.8990	0.8940
104
0230	0.1341	0.9583	0.3697	0.9020	0.1217s	0.3461	0.9050	0.9003
105
0231	0.1245	0.9833	0.3655	0.9060	0.1224s	0.3423	0.9080	0.9033
106
0232	0.1381	0.9583	0.3642	0.9080	0.1104s	0.3453	0.9070	0.9022
107
0233	0.1643	0.9583	0.3694	0.9000	0.1223s	0.3535	0.9030	0.8980
108
0234	0.1310	0.9750	0.3732	0.8960	0.1219s	0.3575	0.9020	0.8969
109
0235	0.1463	0.9833	0.3791	0.9000	0.1221s	0.3607	0.9020	0.8963
110
0236	0.1392	0.9917	0.3802	0.8980	0.1222s	0.3588	0.9070	0.9019
111
0237	0.1303	0.9833	0.3810	0.8980	0.1220s	0.3558	0.9070	0.9018
112
0238	0.1578	0.9750	0.3795	0.9000	0.1219s	0.3505	0.9050	0.8996
113
0239	0.1354	0.9917	0.3719	0.9020	0.1216s	0.3407	0.9080	0.9031
114
0240	0.1345	0.9750	0.3696	0.9020	0.1218s	0.3362	0.9100	0.9055
115
0241	0.1471	0.9833	0.3688	0.9040	0.1223s	0.3359	0.9110	0.9065
116
0242	0.1448	0.9833	0.3693	0.9080	0.1231s	0.3399	0.9080	0.9034
117
0243	0.1251	0.9750	0.3737	0.9040	0.1226s	0.3469	0.9060	0.9007
118
0244	0.1218	0.9917	0.3832	0.8960	0.1221s	0.3580	0.8980	0.8917
119
0245	0.1219	0.9917	0.3865	0.8960	0.1222s	0.3621	0.8990	0.8927
120
0246	0.1711	0.9917	0.3854	0.8960	0.1223s	0.3629	0.9020	0.8961
121
0247	0.1297	0.9917	0.3845	0.9020	0.1224s	0.3630	0.9060	0.9006
122
0248	0.1435	0.9750	0.3828	0.9060	0.1217s	0.3608	0.9060	0.9006
123
0249	0.1308	0.9667	0.3838	0.9040	0.1223s	0.3613	0.9040	0.8986
124
0250	0.1226	0.9750	0.3863	0.9020	0.1216s	0.3626	0.9020	0.8962
125
0251	0.1355	0.9667	0.3864	0.9020	0.1223s	0.3621	0.9030	0.8975
126
0252	0.1503	1.0000	0.3878	0.9020	0.1224s	0.3633	0.9030	0.8975
127
0253	0.1355	0.9583	0.3841	0.9020	0.1220s	0.3593	0.9050	0.8999
128
0254	0.1431	0.9750	0.3809	0.9000	0.1220s	0.3570	0.9090	0.9041
129
0255	0.1460	0.9667	0.3780	0.8980	0.1222s	0.3563	0.9080	0.9035
130
0256	0.1302	0.9917	0.3775	0.8960	0.1223s	0.3587	0.9080	0.9036
131
0257	0.1407	0.9917	0.3809	0.8980	0.1218s	0.3649	0.9070	0.9025
132
0258	0.1199	0.9833	0.3839	0.8960	0.1223s	0.3693	0.9100	0.9051
133
0259	0.1491	0.9583	0.3860	0.8960	0.1222s	0.3709	0.9090	0.9041
134
0260	0.1502	0.9833	0.3843	0.9000	0.1223s	0.3675	0.9110	0.9063
135
0261	0.1489	0.9583	0.3784	0.9060	0.1222s	0.3581	0.9090	0.9047
136
0262	0.1357	0.9750	0.3762	0.9060	0.1221s	0.3524	0.9060	0.9010
137
0263	0.1123	0.9917	0.3772	0.9000	0.1223s	0.3506	0.9110	0.9064
138
0264	0.1222	0.9833	0.3787	0.9000	0.1220s	0.3510	0.9090	0.9042
139
0265	0.1353	0.9917	0.3795	0.8980	0.1214s	0.3538	0.9040	0.8988
140
0266	0.1407	0.9750	0.3812	0.9000	0.1222s	0.3594	0.9000	0.8945
141
0267	0.1312	0.9750	0.3835	0.9020	0.1221s	0.3644	0.9050	0.8998
142
0268	0.1215	1.0000	0.3881	0.8900	0.1222s	0.3708	0.9060	0.9008
143
0269	0.1346	0.9917	0.3866	0.8920	0.1220s	0.3697	0.9070	0.9018
144
0270	0.1346	1.0000	0.3815	0.8960	0.1224s	0.3634	0.9080	0.9030
145
0271	0.1287	0.9833	0.3770	0.9000	0.1226s	0.3569	0.9070	0.9023
146
0272	0.1187	1.0000	0.3784	0.9040	0.1071s	0.3556	0.9070	0.9020
147
0273	0.1312	0.9500	0.3827	0.9000	0.1217s	0.3571	0.9040	0.8986
148
0274	0.1300	0.9833	0.3871	0.8940	0.1221s	0.3602	0.9020	0.8968
149
0275	0.1194	0.9833	0.3879	0.8960	0.1218s	0.3604	0.9010	0.8959
150
0276	0.1415	0.9917	0.3835	0.9000	0.1221s	0.3569	0.9050	0.9001
151
0277	0.1240	1.0000	0.3815	0.9000	0.1045s	0.3561	0.9040	0.8994
152
0278	0.1210	1.0000	0.3796	0.9060	0.1047s	0.3566	0.9090	0.9048
153
0279	0.1375	0.9833	0.3803	0.9040	0.1199s	0.3578	0.9080	0.9038
154
0280	0.1416	0.9833	0.3829	0.9020	0.1248s	0.3610	0.9080	0.9038
155
0281	0.1310	0.9750	0.3863	0.9020	0.1222s	0.3629	0.9080	0.9042
156
0282	0.1407	0.9833	0.3873	0.9000	0.1222s	0.3626	0.9050	0.9010
157
0283	0.1325	0.9917	0.3866	0.8980	0.1219s	0.3604	0.9070	0.9030
158
0284	0.1198	0.9833	0.3873	0.9040	0.1222s	0.3595	0.9100	0.9055
159
0285	0.1267	0.9750	0.3916	0.9040	0.1224s	0.3616	0.9060	0.9008
160
0286	0.1354	0.9583	0.3946	0.9040	0.1224s	0.3627	0.9060	0.9008
161
0287	0.1308	0.9750	0.3931	0.9040	0.1221s	0.3611	0.9050	0.8997
162
0288	0.1214	0.9833	0.3894	0.9060	0.1224s	0.3589	0.9070	0.9022
163
0289	0.1140	0.9917	0.3869	0.9080	0.1220s	0.3586	0.9080	0.9039
164
0290	0.1431	0.9833	0.3863	0.9040	0.1050s	0.3602	0.9050	0.9005
165
0291	0.1379	0.9917	0.3875	0.9000	0.1219s	0.3622	0.9050	0.9006
166
0292	0.1158	0.9750	0.3891	0.9000	0.1222s	0.3632	0.9040	0.8993
167
0293	0.1130	0.9917	0.3908	0.9000	0.1225s	0.3639	0.9030	0.8980
168
0294	0.1197	1.0000	0.3909	0.9000	0.1219s	0.3624	0.9060	0.9012
169
0295	0.1198	0.9833	0.3928	0.9020	0.1224s	0.3627	0.9050	0.9001
170
0296	0.1235	0.9583	0.3954	0.9000	0.1220s	0.3640	0.9010	0.8957
171
0297	0.1300	0.9833	0.3978	0.9040	0.1220s	0.3642	0.9030	0.8976
172
0298	0.1344	0.9833	0.4003	0.9040	0.1215s	0.3651	0.9050	0.8997
173
0299	0.1499	0.9833	0.3999	0.9020	0.1222s	0.3659	0.9020	0.8971
174
0300	0.1457	0.9667	0.3965	0.9060	0.1221s	0.3646	0.9020	0.8973
175
0301	0.1171	0.9917	0.3940	0.9040	0.1220s	0.3629	0.9040	0.8998
176
0302	0.1395	0.9833	0.3907	0.9060	0.1220s	0.3583	0.9100	0.9057
177
0303	0.1402	0.9750	0.3893	0.9020	0.1222s	0.3570	0.9070	0.9022
178
0304	0.1438	0.9583	0.3912	0.9040	0.1221s	0.3568	0.9070	0.9019
179
0305	0.1313	0.9833	0.3925	0.9020	0.1224s	0.3564	0.9070	0.9019
180
0306	0.1359	0.9750	0.3951	0.8980	0.1223s	0.3571	0.9080	0.9030
181
0307	0.1585	0.9833	0.3946	0.9020	0.1215s	0.3564	0.9050	0.8995
182
0308	0.1145	0.9833	0.3930	0.9040	0.1211s	0.3555	0.9030	0.8975
183
0309	0.1285	0.9833	0.3894	0.9040	0.1222s	0.3518	0.9030	0.8975
184
0310	0.1336	0.9833	0.3858	0.9020	0.1207s	0.3489	0.9020	0.8966
185
0311	0.1386	0.9750	0.3809	0.9040	0.1222s	0.3438	0.9040	0.8992
186
0312	0.1141	0.9917	0.3769	0.9100	0.1223s	0.3396	0.9070	0.9025
187
0313	0.1501	0.9667	0.3765	0.9060	0.1221s	0.3369	0.9080	0.9032
188
0314	0.1778	0.9750	0.3779	0.9040	0.1225s	0.3364	0.9050	0.9002
189
0315	0.1289	0.9750	0.3799	0.9040	0.1222s	0.3378	0.9060	0.9015
190
0316	0.1074	0.9750	0.3829	0.9040	0.1220s	0.3411	0.9050	0.9006
191
0317	0.1148	0.9667	0.3841	0.9040	0.1223s	0.3433	0.9040	0.8995
192
0318	0.1336	0.9750	0.3844	0.9060	0.1214s	0.3437	0.9060	0.9015
193
0319	0.1359	0.9750	0.3804	0.9060	0.1219s	0.3405	0.9080	0.9035
194
0320	0.1318	0.9833	0.3760	0.9100	0.1229s	0.3369	0.9070	0.9023
195
0321	0.1358	0.9667	0.3740	0.9100	0.1220s	0.3353	0.9050	0.9004
196
0322	0.1274	0.9917	0.3750	0.9060	0.1218s	0.3361	0.9030	0.8982
197
0323	0.1274	0.9917	0.3775	0.9040	0.1220s	0.3397	0.9020	0.8969
198
0324	0.1553	0.9667	0.3799	0.9020	0.1227s	0.3427	0.9050	0.8994
199
Early stop! Min loss:0.3535631000995636,  Max accuracy:0.912
Early stop model validation loss:0.3535631000995636,  accuracy:0.906
Optimization Finished!
Total time elapsed: 40.2448s
test max acc:0.9150
Loading 89th epoch
stru_node_to_hop attention:tensor([[0.2506, 0.2508, 0.2495, 0.2490],
        [0.2501, 0.2500, 0.2500, 0.2500],
        [0.2475, 0.2513, 0.2506, 0.2506],
        [0.2492, 0.2509, 0.2500, 0.2498],
        [0.2494, 0.2503, 0.2502, 0.2501],
        [0.2492, 0.2510, 0.2499, 0.2499],
        [0.2499, 0.2501, 0.2500, 0.2500],
        [0.2502, 0.2500, 0.2499, 0.2498],
        [0.2502, 0.2502, 0.2498, 0.2498],
        [0.2495, 0.2505, 0.2500, 0.2499],
        [0.2498, 0.2502, 0.2500, 0.2500],
        [0.2497, 0.2501, 0.2501, 0.2501],
        [0.2501, 0.2500, 0.2500, 0.2499],
        [0.2510, 0.2503, 0.2495, 0.2491],
        [0.2496, 0.2500, 0.2502, 0.2502],
        [0.2489, 0.2510, 0.2502, 0.2499],
        [0.2470, 0.2515, 0.2509, 0.2507],
        [0.2486, 0.2510, 0.2504, 0.2501],
        [0.2500, 0.2500, 0.2500, 0.2500],
        [0.2502, 0.2502, 0.2499, 0.2497],
        [0.2496, 0.2502, 0.2501, 0.2501],
        [0.2478, 0.2517, 0.2503, 0.2501],
        [0.2502, 0.2499, 0.2500, 0.2499],
        [0.2479, 0.2511, 0.2506, 0.2505],
        [0.2500, 0.2502, 0.2500, 0.2499],
        [0.2486, 0.2509, 0.2503, 0.2502],
        [0.2505, 0.2497, 0.2499, 0.2499],
        [0.2488, 0.2509, 0.2503, 0.2500],
        [0.2500, 0.2500, 0.2500, 0.2500],
        [0.2480, 0.2515, 0.2503, 0.2502],
        [0.2492, 0.2506, 0.2502, 0.2500],
        [0.2486, 0.2508, 0.2504, 0.2502],
        [0.2479, 0.2511, 0.2505, 0.2505],
        [0.2495, 0.2502, 0.2502, 0.2502],
        [0.2491, 0.2506, 0.2502, 0.2501],
        [0.2492, 0.2504, 0.2502, 0.2502],
        [0.2498, 0.2501, 0.2501, 0.2499],
        [0.2490, 0.2503, 0.2504, 0.2504],
        [0.2493, 0.2504, 0.2502, 0.2501],
        [0.2500, 0.2500, 0.2500, 0.2499],
        [0.2498, 0.2501, 0.2501, 0.2501],
        [0.2500, 0.2501, 0.2500, 0.2499],
        [0.2484, 0.2510, 0.2504, 0.2503],
        [0.2505, 0.2498, 0.2499, 0.2499],
        [0.2491, 0.2506, 0.2503, 0.2501],
        [0.1891, 0.2080, 0.2705, 0.3324],
        [0.2499, 0.2502, 0.2500, 0.2499],
        [0.2493, 0.2503, 0.2502, 0.2502],
        [0.2493, 0.2503, 0.2502, 0.2502],
        [0.2499, 0.2500, 0.2500, 0.2500],
        [0.2489, 0.2510, 0.2501, 0.2499],
        [0.2495, 0.2503, 0.2501, 0.2500],
        [0.2497, 0.2501, 0.2501, 0.2501],
        [0.2501, 0.2500, 0.2500, 0.2499],
        [0.2475, 0.2513, 0.2506, 0.2505],
        [0.2479, 0.2508, 0.2506, 0.2507],
        [0.2506, 0.2508, 0.2494, 0.2492],
        [0.2482, 0.2506, 0.2506, 0.2505],
        [0.2479, 0.2515, 0.2505, 0.2501],
        [0.2485, 0.2512, 0.2502, 0.2500],
        [0.2488, 0.2505, 0.2504, 0.2503],
        [0.2495, 0.2504, 0.2501, 0.2500],
        [0.2506, 0.2500, 0.2498, 0.2497],
        [0.2500, 0.2509, 0.2497, 0.2493],
        [0.2498, 0.2501, 0.2500, 0.2500],
        [0.2488, 0.2500, 0.2505, 0.2506],
        [0.2496, 0.2513, 0.2498, 0.2493],
        [0.2470, 0.2507, 0.2511, 0.2512],
        [0.2495, 0.2503, 0.2501, 0.2501],
        [0.2494, 0.2503, 0.2502, 0.2501],
        [0.2490, 0.2511, 0.2500, 0.2499],
        [0.2499, 0.2500, 0.2500, 0.2501],
        [0.2494, 0.2506, 0.2501, 0.2499],
        [0.2487, 0.2514, 0.2501, 0.2497],
        [0.2500, 0.2500, 0.2500, 0.2500],
        [0.2500, 0.2500, 0.2500, 0.2499],
        [0.2493, 0.2512, 0.2499, 0.2497],
        [0.2511, 0.2494, 0.2497, 0.2498],
        [0.2488, 0.2504, 0.2504, 0.2504],
        [0.2487, 0.2505, 0.2504, 0.2504],
        [0.2505, 0.2502, 0.2498, 0.2494],
        [0.2489, 0.2506, 0.2503, 0.2502],
        [0.2510, 0.2496, 0.2498, 0.2496],
        [0.2498, 0.2501, 0.2500, 0.2500],
        [0.2495, 0.2503, 0.2501, 0.2501],
        [0.2493, 0.2502, 0.2502, 0.2502],
        [0.2492, 0.2501, 0.2503, 0.2504],
        [0.2501, 0.2501, 0.2499, 0.2499],
        [0.2488, 0.2509, 0.2503, 0.2500],
        [0.2515, 0.2497, 0.2495, 0.2493],
        [0.2503, 0.2499, 0.2499, 0.2499],
        [0.2500, 0.2500, 0.2500, 0.2500],
        [0.2496, 0.2502, 0.2501, 0.2501],
        [0.2494, 0.2502, 0.2502, 0.2502],
        [0.2495, 0.2503, 0.2501, 0.2501],
        [0.2499, 0.2500, 0.2500, 0.2500],
        [0.2505, 0.2497, 0.2499, 0.2499],
        [0.2499, 0.2502, 0.2500, 0.2499],
        [0.2489, 0.2507, 0.2502, 0.2501],
        [0.2500, 0.2501, 0.2500, 0.2498]], device='cuda:1')
fea_node_to_hop attention:tensor([[0.3303, 0.3341, 0.3355],
        [0.3335, 0.3332, 0.3333],
        [0.3300, 0.3348, 0.3352],
        [0.3321, 0.3337, 0.3342],
        [0.3334, 0.3328, 0.3338],
        [0.3306, 0.3357, 0.3337],
        [0.3319, 0.3334, 0.3347],
        [0.3327, 0.3333, 0.3340],
        [0.3331, 0.3333, 0.3336],
        [0.3316, 0.3338, 0.3345],
        [0.3300, 0.3347, 0.3353],
        [0.3327, 0.3333, 0.3340],
        [0.3329, 0.3335, 0.3336],
        [0.3294, 0.3351, 0.3354],
        [0.3317, 0.3345, 0.3338],
        [0.3297, 0.3346, 0.3356],
        [0.3284, 0.3353, 0.3363],
        [0.3312, 0.3339, 0.3350],
        [0.3337, 0.3333, 0.3330],
        [0.3319, 0.3336, 0.3345],
        [0.3327, 0.3336, 0.3338],
        [0.3316, 0.3342, 0.3341],
        [0.3319, 0.3336, 0.3345],
        [0.3321, 0.3339, 0.3340],
        [0.3316, 0.3339, 0.3344],
        [0.3303, 0.3342, 0.3355],
        [0.3337, 0.3332, 0.3331],
        [0.3313, 0.3337, 0.3351],
        [0.3317, 0.3336, 0.3347],
        [0.3315, 0.3331, 0.3354],
        [0.3301, 0.3342, 0.3357],
        [0.3302, 0.3340, 0.3358],
        [0.3292, 0.3355, 0.3354],
        [0.3334, 0.3331, 0.3335],
        [0.3321, 0.3336, 0.3343],
        [0.3319, 0.3337, 0.3344],
        [0.3320, 0.3336, 0.3344],
        [0.3336, 0.3331, 0.3333],
        [0.3314, 0.3339, 0.3346],
        [0.3304, 0.3353, 0.3343],
        [0.3334, 0.3334, 0.3333],
        [0.3321, 0.3338, 0.3341],
        [0.3297, 0.3344, 0.3359],
        [0.3353, 0.3323, 0.3324],
        [0.3333, 0.3329, 0.3339],
        [0.3406, 0.3313, 0.3281],
        [0.3327, 0.3336, 0.3337],
        [0.3327, 0.3336, 0.3337],
        [0.3332, 0.3331, 0.3336],
        [0.3333, 0.3333, 0.3335],
        [0.3325, 0.3332, 0.3343],
        [0.3327, 0.3334, 0.3339],
        [0.3332, 0.3335, 0.3333],
        [0.3298, 0.3348, 0.3354],
        [0.3310, 0.3346, 0.3345],
        [0.3319, 0.3339, 0.3342],
        [0.3326, 0.3336, 0.3338],
        [0.3273, 0.3364, 0.3363],
        [0.3326, 0.3330, 0.3345],
        [0.3331, 0.3323, 0.3346],
        [0.3321, 0.3335, 0.3343],
        [0.3296, 0.3347, 0.3358],
        [0.3343, 0.3325, 0.3332],
        [0.3306, 0.3347, 0.3346],
        [0.3335, 0.3330, 0.3334],
        [0.3306, 0.3343, 0.3351],
        [0.3320, 0.3338, 0.3343],
        [0.3292, 0.3350, 0.3358],
        [0.3319, 0.3339, 0.3341],
        [0.3314, 0.3340, 0.3346],
        [0.3308, 0.3339, 0.3353],
        [0.3329, 0.3336, 0.3335],
        [0.3305, 0.3340, 0.3355],
        [0.3298, 0.3344, 0.3358],
        [0.3333, 0.3333, 0.3334],
        [0.3330, 0.3330, 0.3341],
        [0.3304, 0.3338, 0.3358],
        [0.3304, 0.3346, 0.3350],
        [0.3302, 0.3349, 0.3350],
        [0.3316, 0.3338, 0.3346],
        [0.3318, 0.3346, 0.3337],
        [0.3311, 0.3345, 0.3344],
        [0.3293, 0.3346, 0.3361],
        [0.3320, 0.3337, 0.3344],
        [0.3332, 0.3331, 0.3337],
        [0.3326, 0.3333, 0.3341],
        [0.3322, 0.3339, 0.3339],
        [0.3329, 0.3333, 0.3338],
        [0.3289, 0.3353, 0.3358],
        [0.3315, 0.3331, 0.3354],
        [0.3338, 0.3328, 0.3334],
        [0.3333, 0.3333, 0.3333],
        [0.3318, 0.3340, 0.3342],
        [0.3325, 0.3337, 0.3338],
        [0.3319, 0.3338, 0.3343],
        [0.3328, 0.3336, 0.3336],
        [0.3339, 0.3330, 0.3331],
        [0.3332, 0.3324, 0.3344],
        [0.3319, 0.3335, 0.3346],
        [0.3322, 0.3336, 0.3342]], device='cuda:1')
perception attention:tensor([0.5000, 0.5000], device='cuda:1')
Test set results: loss= 0.3322 accuracy= 0.9130 F1_score= 0.9083
