# epoch	loss_train	acc_train	loss_val	acc_val	time	acc_test	f1_test
0001	1.8037	0.1333	1.6917	0.4500	0.1223s	1.6779	0.4870	0.3348
0
0002	1.6938	0.4417	1.5432	0.4600	0.1207s	1.5153	0.4850	0.3454
0
0003	1.5402	0.4750	1.3719	0.5780	0.1219s	1.3429	0.6070	0.5420
0
0004	1.3507	0.5917	1.1771	0.7740	0.1061s	1.1546	0.7890	0.7682
0
0005	1.1341	0.8250	0.9983	0.8660	0.1237s	0.9781	0.8600	0.8540
0
0006	0.9329	0.8500	0.8517	0.8720	0.1225s	0.8316	0.8820	0.8768
0
0007	0.8177	0.8417	0.7268	0.8780	0.1072s	0.7079	0.8760	0.8683
0
0008	0.6854	0.8583	0.6288	0.8900	0.1219s	0.6115	0.8860	0.8779
0
0009	0.6030	0.8750	0.5616	0.8860	0.1221s	0.5455	0.8940	0.8871
0
0010	0.5113	0.9000	0.5046	0.8860	0.1224s	0.4846	0.8970	0.8898
0
0011	0.4450	0.9083	0.4592	0.8960	0.1247s	0.4336	0.9000	0.8934
0
0012	0.3763	0.9417	0.4321	0.9000	0.1220s	0.4023	0.8980	0.8917
0
0013	0.3781	0.9250	0.4196	0.8960	0.1222s	0.3871	0.8960	0.8890
0
0014	0.3587	0.9417	0.4104	0.8900	0.1226s	0.3768	0.8900	0.8822
0
0015	0.3036	0.9583	0.3971	0.8920	0.1225s	0.3629	0.8980	0.8913
0
0016	0.2770	0.9833	0.3926	0.8940	0.1224s	0.3564	0.8980	0.8912
0
0017	0.2445	0.9667	0.3877	0.9000	0.1218s	0.3499	0.8990	0.8921
0
0018	0.2517	0.9500	0.3851	0.9000	0.1235s	0.3464	0.8970	0.8906
0
0019	0.2326	0.9917	0.3850	0.9020	0.1218s	0.3466	0.9010	0.8947
0
0020	0.2431	0.9417	0.3889	0.9020	0.1225s	0.3501	0.8990	0.8922
0
0021	0.1926	0.9750	0.3959	0.8920	0.1217s	0.3572	0.8980	0.8904
0
0022	0.2212	0.9417	0.4030	0.8820	0.1225s	0.3629	0.8910	0.8827
1
0023	0.2187	0.9583	0.3981	0.8920	0.1232s	0.3566	0.9000	0.8935
2
0024	0.2156	0.9833	0.3969	0.9020	0.1225s	0.3546	0.8980	0.8914
3
0025	0.1982	0.9750	0.4001	0.8980	0.1226s	0.3581	0.8950	0.8887
0
0026	0.1875	0.9750	0.4067	0.8960	0.1199s	0.3646	0.8960	0.8899
1
0027	0.1866	0.9750	0.4155	0.8880	0.1224s	0.3728	0.8920	0.8854
2
0028	0.1679	0.9917	0.4187	0.8880	0.1224s	0.3764	0.8900	0.8820
3
0029	0.1766	0.9417	0.4218	0.8820	0.1219s	0.3807	0.8870	0.8782
4
0030	0.1719	0.9500	0.4221	0.8820	0.1219s	0.3816	0.8870	0.8786
5
0031	0.1845	0.9750	0.4163	0.8920	0.1219s	0.3765	0.8870	0.8787
6
0032	0.1550	0.9917	0.4104	0.8940	0.1221s	0.3712	0.8930	0.8859
7
0033	0.1758	0.9667	0.4055	0.8920	0.1217s	0.3672	0.8950	0.8879
8
0034	0.1775	0.9917	0.4034	0.9000	0.1217s	0.3658	0.8930	0.8862
9
0035	0.1795	0.9917	0.4026	0.8960	0.1220s	0.3674	0.8920	0.8854
10
0036	0.1622	0.9750	0.4026	0.8960	0.1221s	0.3691	0.8930	0.8865
11
0037	0.1717	0.9667	0.4033	0.8980	0.1224s	0.3704	0.8920	0.8854
12
0038	0.1900	0.9583	0.4052	0.8940	0.1219s	0.3715	0.8920	0.8854
13
0039	0.1418	0.9667	0.4084	0.8900	0.1219s	0.3736	0.8920	0.8850
14
0040	0.1689	0.9667	0.4099	0.8920	0.1251s	0.3750	0.8880	0.8802
15
0041	0.1436	0.9750	0.4101	0.8960	0.1209s	0.3765	0.8860	0.8780
16
0042	0.1440	0.9833	0.4101	0.8940	0.1219s	0.3778	0.8830	0.8744
17
0043	0.1575	0.9750	0.4044	0.8940	0.1221s	0.3740	0.8860	0.8785
18
0044	0.1572	0.9833	0.4008	0.8980	0.1227s	0.3726	0.8880	0.8803
19
0045	0.1649	0.9750	0.3954	0.8960	0.1223s	0.3701	0.8920	0.8845
20
0046	0.1514	0.9750	0.3927	0.8960	0.1220s	0.3696	0.8920	0.8844
21
0047	0.1714	0.9500	0.3908	0.8960	0.1073s	0.3690	0.8940	0.8870
22
0048	0.1485	0.9833	0.3916	0.8960	0.1232s	0.3707	0.8860	0.8790
23
0049	0.1410	0.9917	0.3891	0.8960	0.1206s	0.3689	0.8880	0.8812
24
0050	0.1411	0.9833	0.3890	0.8960	0.1223s	0.3693	0.8870	0.8803
25
0051	0.1585	0.9667	0.3843	0.9020	0.1223s	0.3650	0.8930	0.8863
26
0052	0.1624	0.9833	0.3805	0.9000	0.1221s	0.3616	0.8930	0.8864
0
0053	0.1452	0.9833	0.3787	0.9000	0.1045s	0.3598	0.8950	0.8885
0
0054	0.1629	0.9833	0.3775	0.8960	0.1224s	0.3587	0.8990	0.8928
0
0055	0.1613	1.0000	0.3753	0.8940	0.1222s	0.3570	0.8940	0.8882
0
0056	0.1664	0.9833	0.3747	0.8980	0.1224s	0.3573	0.8990	0.8933
0
0057	0.1591	0.9750	0.3746	0.8980	0.1228s	0.3589	0.8980	0.8915
0
0058	0.1401	0.9583	0.3736	0.9000	0.1222s	0.3584	0.9000	0.8942
0
0059	0.1355	1.0000	0.3752	0.9000	0.1225s	0.3612	0.8950	0.8889
0
0060	0.1480	0.9667	0.3766	0.9000	0.1224s	0.3627	0.8960	0.8899
1
0061	0.1312	0.9833	0.3801	0.9040	0.1221s	0.3654	0.8930	0.8868
2
0062	0.1508	0.9917	0.3805	0.9000	0.1218s	0.3660	0.8940	0.8878
0
0063	0.1500	0.9750	0.3785	0.9020	0.1223s	0.3637	0.8960	0.8897
1
0064	0.1488	0.9833	0.3720	0.9040	0.1221s	0.3573	0.8980	0.8925
2
0065	0.1488	0.9667	0.3719	0.8980	0.1204s	0.3572	0.8980	0.8921
0
0066	0.1435	0.9750	0.3746	0.8980	0.1219s	0.3606	0.8980	0.8916
0
0067	0.1654	0.9833	0.3770	0.8980	0.1221s	0.3644	0.8980	0.8912
1
0068	0.1481	0.9917	0.3802	0.9000	0.1224s	0.3686	0.8960	0.8887
2
0069	0.1490	0.9583	0.3823	0.8960	0.1222s	0.3705	0.8980	0.8909
3
0070	0.1428	0.9833	0.3765	0.8980	0.1230s	0.3637	0.9000	0.8940
4
0071	0.1580	0.9833	0.3693	0.9020	0.1223s	0.3548	0.8990	0.8929
5
0072	0.1389	0.9667	0.3656	0.9020	0.1227s	0.3494	0.9010	0.8958
0
0073	0.1472	0.9750	0.3693	0.9000	0.1220s	0.3503	0.8950	0.8894
0
0074	0.1291	1.0000	0.3735	0.9000	0.1225s	0.3541	0.8940	0.8882
1
0075	0.1673	0.9667	0.3776	0.9000	0.1224s	0.3566	0.8930	0.8869
2
0076	0.1555	0.9750	0.3777	0.8960	0.1228s	0.3565	0.8920	0.8854
3
0077	0.1453	0.9833	0.3763	0.8980	0.1184s	0.3574	0.8970	0.8907
4
0078	0.1382	0.9750	0.3758	0.9000	0.1221s	0.3591	0.9020	0.8959
5
0079	0.1478	0.9917	0.3747	0.8980	0.1213s	0.3597	0.9010	0.8948
6
0080	0.1407	0.9917	0.3752	0.8980	0.1223s	0.3613	0.9000	0.8938
7
0081	0.1695	1.0000	0.3751	0.9000	0.1222s	0.3611	0.8940	0.8874
8
0082	0.1451	0.9583	0.3761	0.9000	0.1225s	0.3615	0.8880	0.8813
9
0083	0.1516	0.9917	0.3704	0.9040	0.1221s	0.3563	0.8930	0.8869
10
0084	0.1559	0.9750	0.3668	0.9060	0.1062s	0.3522	0.8950	0.8891
0
0085	0.1352	0.9833	0.3622	0.9100	0.1226s	0.3464	0.8950	0.8893
0
0086	0.1348	0.9667	0.3633	0.9060	0.1225s	0.3460	0.8980	0.8923
0
0087	0.1399	0.9583	0.3689	0.9080	0.1225s	0.3488	0.9020	0.8963
1
0088	0.1336	0.9833	0.3784	0.9020	0.1225s	0.3564	0.8990	0.8926
2
0089	0.1399	0.9750	0.3837	0.9000	0.1221s	0.3603	0.8980	0.8917
3
0090	0.1435	0.9750	0.3872	0.9000	0.1217s	0.3645	0.8970	0.8901
4
0091	0.1303	0.9833	0.3777	0.9000	0.1214s	0.3568	0.9010	0.8951
5
0092	0.1296	1.0000	0.3696	0.9040	0.1219s	0.3495	0.9050	0.8995
6
0093	0.1296	0.9750	0.3649	0.9020	0.1213s	0.3458	0.9100	0.9053
7
0094	0.1485	0.9833	0.3625	0.9080	0.1219s	0.3426	0.9080	0.9033
8
0095	0.1453	0.9583	0.3631	0.9040	0.1218s	0.3422	0.9020	0.8971
9
0096	0.1409	1.0000	0.3659	0.9040	0.1223s	0.3445	0.9080	0.9030
10
0097	0.1457	0.9750	0.3716	0.9020	0.1227s	0.3502	0.9010	0.8955
11
0098	0.1209	0.9833	0.3815	0.9000	0.1218s	0.3594	0.8950	0.8890
12
0099	0.1286	0.9833	0.3934	0.8920	0.1205s	0.3697	0.8890	0.8821
13
0100	0.1309	0.9833	0.4003	0.8860	0.1219s	0.3754	0.8910	0.8840
14
0101	0.1304	0.9917	0.3959	0.8920	0.1216s	0.3720	0.8940	0.8875
15
0102	0.1465	1.0000	0.3813	0.8980	0.1223s	0.3592	0.9010	0.8956
16
0103	0.1310	0.9583	0.3709	0.9080	0.1206s	0.3498	0.9060	0.9010
17
0104	0.1332	0.9917	0.3634	0.9100	0.1211s	0.3424	0.9110	0.9064
18
0105	0.1511	0.9833	0.3597	0.9080	0.1222s	0.3379	0.9090	0.9047
0
0106	0.1489	0.9667	0.3585	0.9140	0.1221s	0.3349	0.9090	0.9046
0
0107	0.1499	0.9833	0.3598	0.9100	0.1225s	0.3376	0.9070	0.9023
0
0108	0.1479	0.9417	0.3660	0.9040	0.1221s	0.3437	0.9040	0.8991
1
0109	0.1389	0.9917	0.3783	0.8960	0.1219s	0.3544	0.8940	0.8879
2
0110	0.1341	0.9917	0.3857	0.8940	0.1223s	0.3600	0.8920	0.8858
3
0111	0.1402	0.9750	0.3844	0.8940	0.1221s	0.3574	0.8940	0.8884
4
0112	0.1503	0.9750	0.3772	0.8940	0.1220s	0.3491	0.8980	0.8927
5
0113	0.1437	0.9833	0.3712	0.9040	0.1088s	0.3396	0.9030	0.8977
6
0114	0.1329	0.9833	0.3687	0.9100	0.1220s	0.3373	0.9030	0.8978
7
0115	0.1440	0.9917	0.3724	0.9100	0.1219s	0.3421	0.9030	0.8978
8
0116	0.1322	0.9917	0.3768	0.9040	0.1220s	0.3491	0.9060	0.9010
9
0117	0.1416	0.9667	0.3786	0.8980	0.1221s	0.3525	0.9100	0.9049
10
0118	0.1617	0.9833	0.3773	0.8980	0.1193s	0.3519	0.9130	0.9081
11
0119	0.1489	0.9750	0.3742	0.8920	0.1222s	0.3495	0.9110	0.9062
12
0120	0.1661	0.9583	0.3699	0.8940	0.1223s	0.3444	0.9090	0.9040
13
0121	0.1320	0.9833	0.3677	0.9000	0.1233s	0.3413	0.9040	0.8982
14
0122	0.1503	0.9667	0.3778	0.9000	0.1220s	0.3503	0.8970	0.8912
15
0123	0.1486	0.9500	0.3879	0.8940	0.1225s	0.3598	0.8970	0.8914
16
0124	0.1323	0.9917	0.3902	0.8920	0.1224s	0.3637	0.8970	0.8915
17
0125	0.1465	0.9667	0.3880	0.8940	0.1220s	0.3641	0.8970	0.8914
18
0126	0.1214	0.9917	0.3865	0.8960	0.1246s	0.3653	0.8960	0.8899
19
0127	0.1540	0.9833	0.3751	0.8940	0.1220s	0.3563	0.9010	0.8955
20
0128	0.1323	0.9833	0.3669	0.9000	0.1216s	0.3501	0.9010	0.8955
21
0129	0.1364	0.9417	0.3643	0.8980	0.1219s	0.3465	0.9150	0.9105
22
0130	0.1326	0.9833	0.3655	0.8940	0.1222s	0.3456	0.9120	0.9087
23
0131	0.1632	0.9750	0.3658	0.8960	0.1221s	0.3444	0.9160	0.9122
24
0132	0.1356	0.9917	0.3683	0.9000	0.1210s	0.3449	0.9080	0.9030
25
0133	0.1524	0.9750	0.3784	0.8980	0.1251s	0.3534	0.9060	0.9003
26
0134	0.1235	0.9833	0.3879	0.9020	0.1224s	0.3620	0.9000	0.8937
27
0135	0.1415	0.9583	0.3875	0.8980	0.1221s	0.3612	0.9010	0.8949
28
0136	0.1343	0.9833	0.3800	0.9020	0.1221s	0.3523	0.9050	0.8995
29
0137	0.1254	0.9917	0.3733	0.9040	0.1223s	0.3435	0.9090	0.9038
30
0138	0.1267	0.9917	0.3696	0.9040	0.1225s	0.3388	0.9080	0.9028
31
0139	0.1486	0.9833	0.3656	0.9040	0.1220s	0.3358	0.9100	0.9055
32
0140	0.1446	0.9750	0.3635	0.9080	0.1228s	0.3368	0.9110	0.9064
33
0141	0.1343	0.9667	0.3686	0.9060	0.1227s	0.3440	0.9110	0.9060
34
0142	0.1308	0.9833	0.3804	0.9020	0.1219s	0.3557	0.9080	0.9024
35
0143	0.1403	0.9750	0.3818	0.9020	0.1219s	0.3557	0.9080	0.9024
36
0144	0.1494	0.9667	0.3759	0.9020	0.1073s	0.3502	0.9110	0.9059
37
0145	0.1644	0.9500	0.3678	0.9060	0.1233s	0.3430	0.9120	0.9069
38
0146	0.1126	0.9917	0.3631	0.9040	0.1225s	0.3372	0.9130	0.9088
39
0147	0.1393	0.9583	0.3625	0.9060	0.1225s	0.3368	0.9140	0.9094
40
0148	0.1304	0.9750	0.3662	0.9040	0.1215s	0.3400	0.9060	0.9010
41
0149	0.1323	0.9833	0.3730	0.9040	0.1167s	0.3471	0.9010	0.8960
42
0150	0.1257	0.9833	0.3804	0.9060	0.1225s	0.3540	0.8970	0.8917
43
0151	0.1324	0.9667	0.3896	0.8980	0.1221s	0.3604	0.8950	0.8892
44
0152	0.1472	1.0000	0.3951	0.9000	0.1226s	0.3610	0.8960	0.8900
45
0153	0.1371	0.9500	0.3969	0.9040	0.1226s	0.3580	0.8970	0.8909
46
0154	0.1352	0.9833	0.3897	0.9000	0.1225s	0.3525	0.9020	0.8961
47
0155	0.1403	0.9833	0.3744	0.9080	0.1219s	0.3412	0.9120	0.9075
48
0156	0.1422	0.9917	0.3633	0.9060	0.1223s	0.3346	0.9110	0.9064
49
0157	0.1542	0.9917	0.3624	0.9040	0.1239s	0.3385	0.9100	0.9058
50
0158	0.1439	0.9917	0.3650	0.9020	0.1224s	0.3457	0.9110	0.9074
51
0159	0.1435	1.0000	0.3657	0.9040	0.1223s	0.3465	0.9090	0.9043
52
0160	0.1425	0.9917	0.3739	0.9060	0.1224s	0.3540	0.9050	0.8995
53
0161	0.1480	0.9750	0.3891	0.8980	0.1228s	0.3637	0.8950	0.8891
54
0162	0.1365	0.9833	0.4056	0.8940	0.1225s	0.3732	0.8940	0.8876
55
0163	0.1431	0.9667	0.4190	0.8920	0.1218s	0.3804	0.8930	0.8860
56
0164	0.1431	0.9833	0.4101	0.9000	0.1218s	0.3712	0.8950	0.8883
57
0165	0.1315	0.9833	0.3960	0.9000	0.1218s	0.3595	0.8980	0.8919
58
0166	0.1450	0.9833	0.3812	0.9080	0.1219s	0.3490	0.9030	0.8974
59
0167	0.1436	0.9917	0.3706	0.9120	0.1198s	0.3423	0.9110	0.9065
60
0168	0.1274	0.9750	0.3673	0.9080	0.1227s	0.3419	0.9070	0.9022
61
0169	0.1474	0.9833	0.3707	0.9080	0.1234s	0.3462	0.9110	0.9062
62
0170	0.1289	1.0000	0.3765	0.9060	0.1229s	0.3501	0.9140	0.9091
63
0171	0.1706	0.9667	0.3787	0.9060	0.1225s	0.3508	0.9120	0.9068
64
0172	0.1450	0.9917	0.3774	0.9040	0.1220s	0.3471	0.9110	0.9057
65
0173	0.1212	0.9750	0.3772	0.9040	0.1222s	0.3440	0.9100	0.9048
66
0174	0.1353	0.9917	0.3778	0.9020	0.1224s	0.3434	0.9110	0.9058
67
0175	0.1375	0.9667	0.3761	0.9040	0.1225s	0.3417	0.9120	0.9071
68
0176	0.1304	0.9750	0.3759	0.9020	0.1227s	0.3435	0.9080	0.9027
69
0177	0.1526	0.9750	0.3815	0.9000	0.1215s	0.3507	0.9040	0.8987
70
0178	0.1346	0.9750	0.3891	0.9000	0.1222s	0.3619	0.9020	0.8965
71
0179	0.1536	0.9333	0.3922	0.9000	0.1172s	0.3648	0.9030	0.8971
72
0180	0.1468	0.9500	0.3897	0.9040	0.1221s	0.3612	0.9070	0.9008
73
0181	0.1424	0.9833	0.3838	0.9000	0.1238s	0.3524	0.9170	0.9120
74
0182	0.1392	0.9750	0.3798	0.9040	0.1221s	0.3456	0.9150	0.9097
75
0183	0.1328	0.9917	0.3770	0.9040	0.1226s	0.3405	0.9190	0.9145
76
0184	0.1590	0.9583	0.3787	0.9080	0.1232s	0.3402	0.9160	0.9114
77
0185	0.1431	0.9917	0.3825	0.9060	0.1224s	0.3418	0.9110	0.9058
78
0186	0.1553	1.0000	0.3857	0.9020	0.1222s	0.3459	0.9040	0.8985
79
0187	0.1307	0.9917	0.3858	0.9020	0.1225s	0.3487	0.9010	0.8959
80
0188	0.1395	0.9833	0.3846	0.9020	0.1224s	0.3515	0.9010	0.8960
81
0189	0.1208	1.0000	0.3870	0.9020	0.1221s	0.3588	0.9030	0.8980
82
0190	0.1321	0.9750	0.3891	0.9060	0.1218s	0.3661	0.9060	0.9007
83
0191	0.1241	0.9833	0.3908	0.9040	0.1226s	0.3704	0.9040	0.8979
84
0192	0.1394	0.9750	0.3899	0.8980	0.1222s	0.3713	0.9020	0.8962
85
0193	0.1612	0.9583	0.3830	0.9000	0.1234s	0.3629	0.9040	0.8984
86
0194	0.1639	0.9750	0.3775	0.9100	0.1227s	0.3544	0.9100	0.9052
87
0195	0.1331	0.9750	0.3768	0.9120	0.1048s	0.3494	0.9160	0.9115
88
0196	0.1252	0.9833	0.3814	0.9020	0.1223s	0.3502	0.9170	0.9128
89
0197	0.1442	1.0000	0.3888	0.9000	0.1226s	0.3554	0.9040	0.8988
90
0198	0.1502	0.9667	0.3907	0.8980	0.1228s	0.3578	0.9010	0.8960
91
0199	0.1603	0.9500	0.3844	0.8980	0.1227s	0.3555	0.9020	0.8974
92
0200	0.1458	0.9667	0.3752	0.9040	0.1224s	0.3501	0.9110	0.9069
93
0201	0.1349	1.0000	0.3691	0.9060	0.1224s	0.3490	0.9150	0.9110
94
0202	0.1286	0.9750	0.3693	0.9060	0.1224s	0.3532	0.9120	0.9075
95
0203	0.1438	0.9500	0.3701	0.9040	0.1230s	0.3544	0.9080	0.9037
96
0204	0.1243	0.9917	0.3686	0.9060	0.1225s	0.3514	0.9100	0.9055
97
0205	0.1539	0.9917	0.3663	0.9020	0.1235s	0.3467	0.9150	0.9109
98
0206	0.1240	0.9833	0.3683	0.9060	0.1225s	0.3453	0.9150	0.9110
99
0207	0.1500	1.0000	0.3776	0.9020	0.1218s	0.3530	0.9100	0.9054
100
0208	0.1386	0.9667	0.3862	0.8960	0.1226s	0.3613	0.9070	0.9021
101
0209	0.1287	1.0000	0.3906	0.8960	0.1163s	0.3658	0.9040	0.8987
102
0210	0.1412	0.9833	0.3828	0.9020	0.1225s	0.3581	0.9080	0.9031
103
0211	0.1598	0.9500	0.3707	0.9080	0.1219s	0.3479	0.9160	0.9119
104
0212	0.1281	0.9833	0.3649	0.9100	0.1227s	0.3460	0.9170	0.9129
105
0213	0.1224	1.0000	0.3659	0.9080	0.1226s	0.3514	0.9100	0.9057
106
0214	0.1261	0.9917	0.3683	0.9040	0.1227s	0.3562	0.9090	0.9044
107
0215	0.1664	0.9833	0.3691	0.9080	0.1209s	0.3582	0.9130	0.9082
108
0216	0.1164	1.0000	0.3763	0.9020	0.1226s	0.3648	0.9040	0.8987
109
0217	0.1158	0.9833	0.3860	0.9020	0.1226s	0.3721	0.8970	0.8918
110
0218	0.1420	0.9917	0.3880	0.9000	0.1224s	0.3714	0.8970	0.8915
111
0219	0.1639	0.9917	0.3817	0.9040	0.1226s	0.3634	0.9030	0.8974
112
0220	0.1396	0.9667	0.3741	0.9040	0.1223s	0.3535	0.9060	0.9005
113
0221	0.1246	0.9667	0.3704	0.9060	0.1221s	0.3480	0.9130	0.9082
114
0222	0.1220	0.9833	0.3677	0.9060	0.1216s	0.3453	0.9170	0.9123
115
0223	0.1536	0.9750	0.3651	0.9020	0.1216s	0.3447	0.9160	0.9114
116
0224	0.1361	1.0000	0.3638	0.9040	0.1046s	0.3456	0.9170	0.9123
117
0225	0.1186	0.9917	0.3659	0.9120	0.1195s	0.3506	0.9150	0.9103
118
0226	0.1225	0.9667	0.3715	0.9120	0.1224s	0.3598	0.9080	0.9020
119
0227	0.1474	0.9833	0.3765	0.9040	0.1174s	0.3669	0.9030	0.8970
120
0228	0.1265	0.9750	0.3806	0.8980	0.1045s	0.3701	0.9010	0.8950
121
0229	0.1244	0.9750	0.3867	0.8940	0.1079s	0.3745	0.8950	0.8889
122
0230	0.1366	0.9917	0.3842	0.8940	0.1222s	0.3706	0.8960	0.8897
123
0231	0.1266	0.9667	0.3753	0.8980	0.1220s	0.3606	0.9010	0.8947
124
0232	0.1104	0.9917	0.3659	0.9080	0.1214s	0.3499	0.9010	0.8949
125
0233	0.1448	0.9750	0.3596	0.9080	0.1219s	0.3426	0.9070	0.9014
126
0234	0.1294	0.9833	0.3573	0.9100	0.1225s	0.3387	0.9090	0.9040
127
0235	0.1202	0.9750	0.3563	0.9080	0.1193s	0.3365	0.9100	0.9052
0
0236	0.1487	0.9417	0.3582	0.9100	0.1201s	0.3401	0.9070	0.9015
0
0237	0.1310	0.9917	0.3646	0.9080	0.1222s	0.3475	0.9060	0.9001
1
0238	0.1453	0.9917	0.3722	0.9040	0.1221s	0.3556	0.9010	0.8948
2
0239	0.1740	0.9667	0.3781	0.9000	0.1222s	0.3620	0.8960	0.8896
3
0240	0.1447	0.9750	0.3750	0.9000	0.1222s	0.3604	0.8980	0.8921
4
0241	0.1235	0.9750	0.3728	0.9040	0.1230s	0.3588	0.9000	0.8943
5
0242	0.1324	0.9750	0.3687	0.9060	0.1219s	0.3556	0.9000	0.8944
6
0243	0.1289	0.9833	0.3627	0.9060	0.1220s	0.3501	0.9060	0.9008
7
0244	0.1379	0.9583	0.3607	0.9020	0.1225s	0.3481	0.9090	0.9041
8
0245	0.1271	0.9833	0.3614	0.9060	0.1216s	0.3498	0.9060	0.9008
9
0246	0.1295	0.9833	0.3644	0.9040	0.1222s	0.3533	0.9070	0.9018
10
0247	0.1260	0.9833	0.3695	0.9040	0.1227s	0.3580	0.9080	0.9024
11
0248	0.1315	0.9917	0.3757	0.9000	0.1221s	0.3643	0.9080	0.9021
12
0249	0.1389	1.0000	0.3794	0.9060	0.1225s	0.3670	0.9020	0.8960
13
0250	0.1253	0.9917	0.3807	0.9000	0.1052s	0.3672	0.9030	0.8971
14
0251	0.1241	0.9917	0.3800	0.9020	0.1220s	0.3649	0.9000	0.8940
15
0252	0.1324	0.9667	0.3764	0.9000	0.1222s	0.3593	0.9040	0.8986
16
0253	0.1520	0.9917	0.3774	0.9040	0.1227s	0.3580	0.9050	0.8998
17
0254	0.1347	0.9833	0.3810	0.9020	0.1222s	0.3599	0.9030	0.8976
18
0255	0.1356	0.9583	0.3842	0.9020	0.1219s	0.3623	0.9010	0.8954
19
0256	0.1698	0.9667	0.3820	0.8980	0.1219s	0.3612	0.9110	0.9060
20
0257	0.1258	0.9667	0.3814	0.9040	0.1222s	0.3624	0.9100	0.9047
21
0258	0.1298	0.9917	0.3805	0.9040	0.1222s	0.3614	0.9120	0.9068
22
0259	0.1409	0.9917	0.3781	0.9040	0.1227s	0.3621	0.9110	0.9058
23
0260	0.1320	0.9750	0.3770	0.9000	0.1224s	0.3628	0.9090	0.9034
24
0261	0.1677	0.9500	0.3764	0.9000	0.1223s	0.3619	0.9080	0.9026
25
0262	0.1238	0.9917	0.3760	0.9000	0.1222s	0.3601	0.9040	0.8983
26
0263	0.1188	0.9833	0.3769	0.9060	0.1220s	0.3587	0.9030	0.8973
27
0264	0.1277	0.9833	0.3789	0.9060	0.1245s	0.3581	0.9110	0.9058
28
0265	0.1599	0.9917	0.3777	0.9020	0.1226s	0.3541	0.9110	0.9060
29
0266	0.1315	0.9833	0.3767	0.9080	0.1224s	0.3536	0.9130	0.9080
30
0267	0.1346	1.0000	0.3782	0.9060	0.1215s	0.3580	0.9130	0.9079
31
0268	0.1268	0.9833	0.3775	0.9020	0.1225s	0.3602	0.9090	0.9036
32
0269	0.1356	0.9583	0.3746	0.9020	0.1228s	0.3602	0.9090	0.9035
33
0270	0.1292	0.9667	0.3703	0.9060	0.1224s	0.3572	0.9120	0.9067
34
0271	0.1166	0.9917	0.3711	0.9000	0.1220s	0.3586	0.9110	0.9057
35
0272	0.1149	0.9917	0.3739	0.9000	0.1219s	0.3597	0.9070	0.9017
36
0273	0.1265	0.9583	0.3731	0.9000	0.1225s	0.3561	0.9080	0.9031
37
0274	0.1280	0.9917	0.3696	0.9020	0.1248s	0.3507	0.9070	0.9021
38
0275	0.1326	0.9917	0.3684	0.9040	0.1224s	0.3457	0.9080	0.9033
39
0276	0.1516	0.9667	0.3668	0.9080	0.1217s	0.3429	0.9090	0.9043
40
0277	0.1562	0.9667	0.3683	0.9060	0.1223s	0.3431	0.9110	0.9063
41
0278	0.1272	0.9750	0.3708	0.9060	0.1221s	0.3436	0.9130	0.9085
42
0279	0.1250	1.0000	0.3717	0.9060	0.1227s	0.3434	0.9120	0.9071
43
0280	0.1242	0.9833	0.3759	0.8980	0.1208s	0.3446	0.9110	0.9059
44
0281	0.1203	0.9833	0.3787	0.9020	0.1222s	0.3440	0.9140	0.9094
45
0282	0.1331	0.9667	0.3822	0.9040	0.1220s	0.3437	0.9120	0.9072
46
0283	0.1260	1.0000	0.3819	0.9020	0.1221s	0.3430	0.9130	0.9084
47
0284	0.1459	0.9833	0.3799	0.9080	0.1226s	0.3417	0.9120	0.9072
48
0285	0.1390	0.9583	0.3759	0.9080	0.1226s	0.3392	0.9120	0.9070
49
0286	0.1249	0.9833	0.3737	0.9100	0.1208s	0.3383	0.9130	0.9081
50
0287	0.1430	0.9833	0.3733	0.9060	0.1221s	0.3381	0.9110	0.9061
51
0288	0.1356	0.9583	0.3726	0.9080	0.1205s	0.3366	0.9120	0.9072
52
0289	0.1269	0.9750	0.3735	0.9100	0.1221s	0.3360	0.9140	0.9094
53
0290	0.1358	0.9750	0.3743	0.9120	0.1224s	0.3371	0.9110	0.9062
54
0291	0.1218	0.9833	0.3779	0.9140	0.1054s	0.3401	0.9140	0.9092
55
0292	0.1094	0.9750	0.3865	0.9080	0.1196s	0.3481	0.9060	0.9006
0
0293	0.1284	0.9833	0.3896	0.9060	0.1188s	0.3527	0.9070	0.9018
1
0294	0.1340	0.9750	0.3895	0.9000	0.1202s	0.3544	0.9050	0.8997
2
0295	0.1293	0.9833	0.3863	0.9040	0.1037s	0.3530	0.9120	0.9070
3
0296	0.1638	0.9833	0.3785	0.9080	0.1208s	0.3466	0.9130	0.9082
4
0297	0.1426	0.9667	0.3738	0.9060	0.1221s	0.3420	0.9130	0.9082
5
0298	0.1380	0.9833	0.3734	0.9060	0.1222s	0.3401	0.9100	0.9051
6
0299	0.1315	0.9500	0.3754	0.9060	0.1212s	0.3421	0.9130	0.9080
7
0300	0.1190	0.9917	0.3760	0.9060	0.1222s	0.3435	0.9130	0.9080
8
0301	0.1406	0.9750	0.3740	0.9060	0.1222s	0.3433	0.9110	0.9059
9
0302	0.1226	0.9833	0.3710	0.9080	0.1221s	0.3429	0.9090	0.9041
10
0303	0.1248	0.9917	0.3721	0.9120	0.1230s	0.3466	0.9090	0.9038
11
0304	0.1561	0.9833	0.3727	0.9080	0.1225s	0.3489	0.9080	0.9029
12
0305	0.1371	0.9833	0.3737	0.9020	0.1227s	0.3522	0.9090	0.9035
13
0306	0.1492	0.9583	0.3746	0.9040	0.1223s	0.3552	0.9090	0.9035
14
0307	0.1499	0.9500	0.3748	0.9040	0.1222s	0.3563	0.9100	0.9043
15
0308	0.1243	0.9750	0.3790	0.9040	0.1250s	0.3603	0.9020	0.8959
16
0309	0.1474	0.9833	0.3804	0.9060	0.1217s	0.3596	0.9050	0.8994
17
0310	0.1319	0.9833	0.3787	0.9080	0.1221s	0.3562	0.9040	0.8985
18
0311	0.1342	0.9583	0.3743	0.9100	0.1218s	0.3524	0.9090	0.9041
19
0312	0.1277	0.9917	0.3702	0.9080	0.1219s	0.3512	0.9090	0.9038
20
0313	0.1341	0.9750	0.3688	0.9120	0.1221s	0.3521	0.9120	0.9072
21
0314	0.1458	0.9583	0.3687	0.9120	0.1224s	0.3536	0.9080	0.9031
22
0315	0.1180	0.9833	0.3692	0.9080	0.1224s	0.3545	0.9060	0.9008
23
0316	0.1282	0.9833	0.3722	0.8980	0.1225s	0.3579	0.9050	0.8994
24
0317	0.1227	0.9833	0.3755	0.9000	0.1222s	0.3606	0.9050	0.8993
25
0318	0.1230	0.9750	0.3757	0.9020	0.1223s	0.3593	0.9030	0.8970
26
0319	0.1204	0.9917	0.3761	0.9040	0.1221s	0.3571	0.9030	0.8973
27
0320	0.1255	0.9833	0.3792	0.9020	0.1222s	0.3575	0.9030	0.8973
28
0321	0.1244	1.0000	0.3790	0.9020	0.1219s	0.3556	0.9040	0.8983
29
0322	0.1435	0.9833	0.3781	0.9040	0.1232s	0.3538	0.9070	0.9013
30
0323	0.1281	0.9750	0.3753	0.9120	0.1222s	0.3508	0.9050	0.8993
31
0324	0.1352	0.9583	0.3731	0.9060	0.1221s	0.3500	0.9020	0.8962
32
0325	0.1180	0.9667	0.3699	0.9080	0.1222s	0.3473	0.9040	0.8982
33
0326	0.1436	0.9833	0.3731	0.9080	0.1216s	0.3487	0.9050	0.8991
34
0327	0.1213	0.9833	0.3745	0.9060	0.1223s	0.3489	0.9050	0.8992
35
0328	0.1257	0.9833	0.3725	0.9040	0.1078s	0.3478	0.9080	0.9022
36
0329	0.1252	0.9750	0.3736	0.9020	0.1172s	0.3494	0.9080	0.9022
37
0330	0.1428	0.9750	0.3758	0.9000	0.1223s	0.3527	0.9060	0.9000
38
0331	0.1283	1.0000	0.3756	0.9000	0.1204s	0.3533	0.9050	0.8989
39
0332	0.1188	0.9917	0.3731	0.9020	0.1222s	0.3522	0.9040	0.8980
40
0333	0.1405	0.9500	0.3682	0.9060	0.1223s	0.3490	0.9010	0.8951
41
0334	0.1196	0.9833	0.3654	0.9060	0.1219s	0.3480	0.9010	0.8952
42
0335	0.1314	0.9750	0.3680	0.9040	0.1221s	0.3524	0.9010	0.8952
43
0336	0.1201	0.9750	0.3692	0.9040	0.1221s	0.3553	0.9000	0.8942
44
0337	0.1292	0.9667	0.3730	0.9000	0.1217s	0.3600	0.8970	0.8911
45
0338	0.1423	0.9750	0.3738	0.9020	0.1219s	0.3611	0.8970	0.8911
46
0339	0.1535	0.9750	0.3716	0.9060	0.1225s	0.3574	0.8990	0.8929
47
0340	0.1152	0.9917	0.3714	0.9040	0.1227s	0.3552	0.9020	0.8962
48
0341	0.1365	0.9833	0.3736	0.9040	0.1220s	0.3567	0.9010	0.8955
49
0342	0.1249	0.9833	0.3720	0.9060	0.1223s	0.3548	0.9030	0.8979
50
0343	0.1361	0.9750	0.3705	0.9000	0.1224s	0.3537	0.9010	0.8962
51
0344	0.1370	0.9833	0.3681	0.8980	0.1223s	0.3534	0.8980	0.8925
52
0345	0.1316	0.9667	0.3661	0.9020	0.1216s	0.3529	0.9010	0.8960
53
0346	0.1294	0.9750	0.3635	0.9080	0.1225s	0.3508	0.9000	0.8946
54
0347	0.1339	1.0000	0.3638	0.9080	0.1222s	0.3504	0.9000	0.8946
55
0348	0.1302	0.9833	0.3675	0.9080	0.1220s	0.3532	0.9020	0.8967
56
0349	0.1353	0.9583	0.3764	0.9080	0.1218s	0.3599	0.9000	0.8942
57
0350	0.1279	0.9833	0.3885	0.9060	0.1219s	0.3690	0.8990	0.8931
58
0351	0.1640	0.9750	0.3885	0.9060	0.1223s	0.3670	0.9010	0.8954
59
0352	0.1446	0.9750	0.3820	0.9040	0.1215s	0.3575	0.9030	0.8976
60
0353	0.1384	0.9667	0.3746	0.9040	0.1218s	0.3483	0.9060	0.9010
61
0354	0.1367	0.9833	0.3668	0.9060	0.1210s	0.3394	0.9070	0.9018
62
0355	0.1171	0.9917	0.3654	0.9020	0.1219s	0.3378	0.9070	0.9016
63
0356	0.1250	0.9667	0.3658	0.9060	0.1227s	0.3374	0.9050	0.8999
64
0357	0.1316	1.0000	0.3667	0.9000	0.1222s	0.3382	0.9010	0.8957
65
0358	0.1358	0.9833	0.3665	0.9040	0.1224s	0.3369	0.9040	0.8989
66
0359	0.1337	0.9917	0.3682	0.9040	0.1052s	0.3375	0.9040	0.8988
67
0360	0.1221	1.0000	0.3718	0.9080	0.1241s	0.3387	0.9050	0.8997
68
0361	0.1429	0.9583	0.3742	0.9100	0.1221s	0.3398	0.9030	0.8978
69
0362	0.1205	0.9750	0.3731	0.9080	0.1221s	0.3387	0.9010	0.8954
70
0363	0.1352	0.9750	0.3733	0.9040	0.1228s	0.3388	0.9030	0.8974
71
0364	0.1381	0.9583	0.3698	0.9080	0.1221s	0.3334	0.9000	0.8942
72
0365	0.1170	0.9917	0.3681	0.9080	0.1222s	0.3302	0.9010	0.8953
73
0366	0.1278	0.9917	0.3716	0.9060	0.1223s	0.3316	0.9020	0.8966
74
0367	0.1310	0.9750	0.3759	0.9040	0.1225s	0.3354	0.9040	0.8985
75
0368	0.1581	0.9917	0.3749	0.9020	0.1228s	0.3361	0.9040	0.8981
76
0369	0.1349	0.9833	0.3725	0.9040	0.1226s	0.3373	0.9090	0.9037
77
0370	0.1198	0.9917	0.3728	0.9020	0.1223s	0.3394	0.9030	0.8978
78
0371	0.1158	1.0000	0.3711	0.9060	0.1223s	0.3378	0.9040	0.8991
79
0372	0.1551	0.9833	0.3727	0.9060	0.1225s	0.3364	0.9080	0.9032
80
0373	0.1152	0.9917	0.3770	0.9040	0.1224s	0.3383	0.9070	0.9021
81
0374	0.1235	0.9833	0.3838	0.9060	0.1223s	0.3410	0.9010	0.8956
82
0375	0.1194	1.0000	0.3853	0.9120	0.1218s	0.3394	0.9040	0.8988
83
0376	0.1195	0.9750	0.3845	0.9080	0.1217s	0.3369	0.9040	0.8988
84
0377	0.1683	0.9583	0.3875	0.9040	0.1218s	0.3398	0.9000	0.8946
85
0378	0.1569	0.9833	0.3836	0.9080	0.1224s	0.3373	0.9040	0.8990
86
0379	0.1464	0.9833	0.3755	0.9080	0.1232s	0.3319	0.9080	0.9030
87
0380	0.1190	0.9833	0.3681	0.9080	0.1226s	0.3280	0.9130	0.9083
88
0381	0.1183	1.0000	0.3677	0.9040	0.1225s	0.3311	0.9110	0.9063
89
0382	0.1219	0.9833	0.3707	0.9060	0.1224s	0.3375	0.9060	0.9011
90
0383	0.1376	0.9583	0.3731	0.9040	0.1221s	0.3421	0.9030	0.8982
91
0384	0.1355	0.9750	0.3704	0.9040	0.1221s	0.3391	0.9030	0.8982
92
0385	0.1390	0.9667	0.3662	0.9080	0.1216s	0.3344	0.9070	0.9024
93
0386	0.1441	1.0000	0.3696	0.9040	0.1215s	0.3360	0.9120	0.9077
94
0387	0.1292	0.9917	0.3815	0.9040	0.1220s	0.3447	0.9070	0.9019
95
0388	0.1297	0.9750	0.3873	0.9020	0.1224s	0.3493	0.9030	0.8976
96
0389	0.1409	0.9583	0.3802	0.9040	0.1213s	0.3415	0.9060	0.9009
97
0390	0.1301	0.9917	0.3711	0.9040	0.1218s	0.3330	0.9100	0.9053
98
0391	0.1525	0.9583	0.3699	0.9060	0.1220s	0.3340	0.9140	0.9097
99
0392	0.1292	0.9833	0.3725	0.9060	0.1215s	0.3386	0.9110	0.9064
100
0393	0.1193	0.9833	0.3756	0.9040	0.1205s	0.3430	0.9090	0.9042
101
0394	0.1337	1.0000	0.3751	0.9060	0.1225s	0.3439	0.9080	0.9037
102
0395	0.1432	0.9750	0.3748	0.9000	0.1212s	0.3440	0.9060	0.9014
103
0396	0.1175	0.9750	0.3767	0.9000	0.1219s	0.3460	0.9110	0.9058
104
0397	0.1431	0.9667	0.3850	0.8940	0.1220s	0.3501	0.9060	0.9004
105
0398	0.1243	0.9833	0.3952	0.8900	0.1220s	0.3568	0.9030	0.8973
106
0399	0.1294	0.9917	0.4013	0.8980	0.1220s	0.3600	0.8990	0.8932
107
0400	0.1272	0.9917	0.3905	0.9000	0.1222s	0.3491	0.9040	0.8986
108
0401	0.1410	0.9833	0.3787	0.9000	0.1216s	0.3401	0.9080	0.9031
109
0402	0.1200	0.9750	0.3690	0.9020	0.1226s	0.3340	0.9110	0.9065
110
0403	0.1349	0.9583	0.3667	0.9080	0.1220s	0.3349	0.9110	0.9061
111
0404	0.1506	0.9750	0.3695	0.9120	0.1219s	0.3411	0.9090	0.9042
112
0405	0.1398	0.9750	0.3756	0.9060	0.1226s	0.3477	0.9120	0.9070
113
0406	0.1366	0.9750	0.3847	0.9000	0.1220s	0.3539	0.9100	0.9048
114
0407	0.1439	0.9917	0.3969	0.8880	0.1039s	0.3631	0.9050	0.8992
115
0408	0.1215	0.9667	0.4037	0.8880	0.1223s	0.3677	0.9020	0.8956
116
0409	0.1364	0.9833	0.4038	0.8900	0.1220s	0.3659	0.9010	0.8947
117
0410	0.1327	0.9750	0.3944	0.8980	0.1228s	0.3560	0.9080	0.9026
118
0411	0.1221	0.9917	0.3850	0.8980	0.1047s	0.3464	0.9110	0.9060
119
0412	0.1366	0.9750	0.3814	0.8940	0.1225s	0.3422	0.9100	0.9055
120
0413	0.1276	0.9750	0.3800	0.9000	0.1221s	0.3414	0.9110	0.9068
121
0414	0.1259	0.9750	0.3806	0.9020	0.1223s	0.3440	0.9120	0.9080
122
0415	0.1307	0.9667	0.3853	0.8960	0.1216s	0.3505	0.9100	0.9055
123
0416	0.1415	0.9667	0.3927	0.8940	0.1220s	0.3584	0.9090	0.9038
124
0417	0.1438	0.9833	0.3998	0.8980	0.1233s	0.3637	0.9080	0.9027
125
0418	0.1395	0.9667	0.3985	0.8940	0.1221s	0.3594	0.9070	0.9018
126
0419	0.1529	0.9750	0.3925	0.8960	0.1223s	0.3513	0.9100	0.9053
127
0420	0.1141	0.9833	0.3868	0.8980	0.1219s	0.3461	0.9060	0.9012
128
0421	0.1282	0.9917	0.3836	0.8980	0.1223s	0.3426	0.9070	0.9024
129
0422	0.1308	1.0000	0.3842	0.8960	0.1046s	0.3429	0.9060	0.9013
130
0423	0.1214	0.9833	0.3865	0.8940	0.1225s	0.3460	0.9060	0.9011
131
0424	0.1386	0.9833	0.3880	0.8960	0.1226s	0.3494	0.9090	0.9039
132
0425	0.1253	0.9750	0.3885	0.8960	0.1222s	0.3529	0.9090	0.9041
133
0426	0.1480	1.0000	0.3897	0.8900	0.1217s	0.3555	0.9070	0.9020
134
0427	0.1235	0.9833	0.3944	0.8900	0.1047s	0.3606	0.9050	0.8997
135
0428	0.1611	0.9667	0.3928	0.8920	0.1222s	0.3612	0.9040	0.8987
136
0429	0.1148	0.9833	0.3863	0.8980	0.1220s	0.3572	0.9060	0.9011
137
0430	0.1375	0.9833	0.3801	0.9040	0.1246s	0.3533	0.9040	0.8990
138
0431	0.1394	0.9750	0.3757	0.9040	0.1228s	0.3501	0.9060	0.9013
139
0432	0.1136	0.9750	0.3737	0.9040	0.1223s	0.3492	0.9060	0.9013
140
0433	0.1219	0.9833	0.3768	0.9000	0.1221s	0.3537	0.9040	0.8990
141
0434	0.1232	0.9917	0.3824	0.8920	0.1222s	0.3598	0.9020	0.8969
142
0435	0.1299	0.9833	0.3845	0.8920	0.1219s	0.3631	0.9030	0.8977
143
0436	0.1238	0.9917	0.3851	0.8920	0.1226s	0.3638	0.9020	0.8967
144
0437	0.1262	0.9917	0.3805	0.8940	0.1222s	0.3622	0.9020	0.8967
145
0438	0.1435	0.9917	0.3754	0.9040	0.1220s	0.3584	0.9060	0.9013
146
0439	0.1313	0.9917	0.3713	0.9060	0.1225s	0.3540	0.9030	0.8983
147
0440	0.1360	0.9417	0.3681	0.9060	0.1220s	0.3500	0.9010	0.8962
148
0441	0.1273	0.9667	0.3662	0.9060	0.1246s	0.3471	0.9040	0.8992
149
0442	0.1227	0.9667	0.3656	0.9020	0.1225s	0.3483	0.9040	0.8990
150
0443	0.1201	1.0000	0.3668	0.8980	0.1218s	0.3510	0.9040	0.8990
151
0444	0.1349	0.9917	0.3679	0.8940	0.1222s	0.3539	0.9040	0.8989
152
0445	0.1289	1.0000	0.3691	0.9000	0.1221s	0.3564	0.9040	0.8989
153
0446	0.1309	0.9833	0.3666	0.9020	0.1222s	0.3543	0.9060	0.9011
154
0447	0.1269	0.9917	0.3674	0.9020	0.1222s	0.3548	0.9030	0.8979
155
0448	0.1311	1.0000	0.3688	0.9020	0.1222s	0.3542	0.9030	0.8980
156
0449	0.1294	0.9500	0.3719	0.8960	0.1236s	0.3559	0.9020	0.8966
157
0450	0.1500	0.9750	0.3709	0.9020	0.1242s	0.3545	0.9030	0.8979
158
0451	0.1328	0.9500	0.3714	0.9020	0.1226s	0.3542	0.9040	0.8988
159
0452	0.1532	0.9833	0.3731	0.8980	0.1224s	0.3543	0.9050	0.8995
160
0453	0.1337	0.9750	0.3750	0.9020	0.1215s	0.3560	0.9070	0.9016
161
0454	0.1107	0.9917	0.3762	0.8980	0.1226s	0.3575	0.9080	0.9026
162
0455	0.1386	0.9917	0.3750	0.8980	0.1240s	0.3579	0.9040	0.8987
163
0456	0.1479	0.9750	0.3734	0.9040	0.1230s	0.3575	0.8990	0.8936
164
0457	0.1384	0.9583	0.3697	0.9020	0.1220s	0.3542	0.9040	0.8991
165
0458	0.1310	0.9917	0.3704	0.9060	0.1221s	0.3550	0.9040	0.8991
166
0459	0.1587	0.9917	0.3708	0.9060	0.1220s	0.3533	0.9010	0.8957
167
0460	0.1288	0.9667	0.3716	0.9040	0.1255s	0.3506	0.8980	0.8926
168
0461	0.1233	0.9833	0.3792	0.8960	0.1224s	0.3530	0.9010	0.8951
169
0462	0.1168	1.0000	0.3882	0.8980	0.1225s	0.3574	0.9050	0.8994
170
0463	0.1484	0.9833	0.3883	0.9000	0.1219s	0.3545	0.9080	0.9027
171
0464	0.1370	0.9667	0.3850	0.8980	0.1220s	0.3501	0.9110	0.9056
172
0465	0.1407	0.9833	0.3795	0.9040	0.1218s	0.3459	0.9020	0.8962
173
0466	0.1289	0.9750	0.3757	0.9040	0.1222s	0.3433	0.9040	0.8987
174
0467	0.1410	0.9917	0.3754	0.9040	0.1228s	0.3430	0.9010	0.8958
175
0468	0.1162	0.9917	0.3752	0.9040	0.1208s	0.3431	0.9010	0.8958
176
0469	0.1405	0.9917	0.3772	0.9020	0.1197s	0.3455	0.9010	0.8960
177
0470	0.1174	0.9833	0.3806	0.9000	0.1215s	0.3474	0.8990	0.8939
178
0471	0.1319	0.9917	0.3819	0.8980	0.1048s	0.3476	0.9010	0.8961
179
0472	0.1461	0.9833	0.3866	0.8960	0.1218s	0.3497	0.9000	0.8949
180
0473	0.1401	1.0000	0.3884	0.8940	0.1217s	0.3491	0.9000	0.8943
181
0474	0.1288	0.9833	0.3907	0.8940	0.1258s	0.3483	0.9010	0.8950
182
0475	0.1136	0.9833	0.3914	0.8960	0.1221s	0.3482	0.9000	0.8939
183
0476	0.1246	0.9833	0.3946	0.8980	0.1043s	0.3510	0.8970	0.8904
184
0477	0.1264	0.9667	0.3956	0.8940	0.1219s	0.3529	0.8990	0.8925
185
0478	0.1318	0.9667	0.3979	0.8960	0.1221s	0.3548	0.9000	0.8932
186
0479	0.1444	0.9667	0.3972	0.9020	0.1221s	0.3530	0.8990	0.8924
187
0480	0.1344	0.9750	0.3958	0.8960	0.1222s	0.3516	0.8980	0.8913
188
0481	0.1249	0.9917	0.3928	0.9000	0.1221s	0.3485	0.9010	0.8952
189
0482	0.1430	0.9750	0.3917	0.9000	0.1217s	0.3473	0.8980	0.8918
190
0483	0.1395	0.9833	0.3940	0.8980	0.1219s	0.3480	0.9000	0.8946
191
0484	0.1552	0.9667	0.3959	0.8960	0.1220s	0.3485	0.9000	0.8946
192
0485	0.1471	0.9833	0.3995	0.8960	0.1219s	0.3499	0.9010	0.8956
193
0486	0.1280	0.9833	0.3964	0.8980	0.1217s	0.3452	0.9020	0.8965
194
0487	0.1486	0.9917	0.3941	0.8980	0.1249s	0.3433	0.9010	0.8956
195
0488	0.1152	1.0000	0.3944	0.8980	0.1200s	0.3456	0.8980	0.8918
196
0489	0.1503	0.9833	0.3950	0.8980	0.1226s	0.3508	0.8990	0.8928
197
0490	0.1184	0.9833	0.3949	0.8960	0.1220s	0.3549	0.9050	0.8995
198
0491	0.1187	0.9917	0.3956	0.8880	0.1223s	0.3594	0.9040	0.8985
199
Early stop! Min loss:0.3563229739665985,  Max accuracy:0.914
Early stop model validation loss:0.3563229739665985,  accuracy:0.908
Optimization Finished!
Total time elapsed: 60.3487s
test max acc:0.9190
Loading 234th epoch
stru_node_to_hop attention:tensor([[0.2518, 0.2495, 0.2495, 0.2492],
        [0.2501, 0.2498, 0.2500, 0.2500],
        [0.2493, 0.2504, 0.2502, 0.2501],
        [0.2472, 0.2512, 0.2508, 0.2507],
        [0.2488, 0.2507, 0.2503, 0.2502],
        [0.2508, 0.2507, 0.2494, 0.2492],
        [0.2501, 0.2500, 0.2499, 0.2499],
        [0.2502, 0.2499, 0.2500, 0.2500],
        [0.2513, 0.2501, 0.2495, 0.2491],
        [0.2484, 0.2512, 0.2504, 0.2501],
        [0.2494, 0.2504, 0.2501, 0.2501],
        [0.2501, 0.2502, 0.2500, 0.2498],
        [0.2500, 0.2500, 0.2500, 0.2500],
        [0.2523, 0.2500, 0.2490, 0.2487],
        [0.2498, 0.2500, 0.2501, 0.2501],
        [0.2509, 0.2502, 0.2496, 0.2492],
        [0.2481, 0.2508, 0.2506, 0.2504],
        [0.2483, 0.2515, 0.2504, 0.2498],
        [0.2498, 0.2499, 0.2501, 0.2501],
        [0.2495, 0.2504, 0.2501, 0.2499],
        [0.2503, 0.2498, 0.2500, 0.2500],
        [0.2490, 0.2514, 0.2500, 0.2496],
        [0.2502, 0.2500, 0.2499, 0.2499],
        [0.2472, 0.2513, 0.2508, 0.2507],
        [0.2493, 0.2503, 0.2502, 0.2502],
        [0.2483, 0.2508, 0.2506, 0.2504],
        [0.2497, 0.2501, 0.2501, 0.2501],
        [0.2482, 0.2510, 0.2505, 0.2503],
        [0.2510, 0.2496, 0.2498, 0.2496],
        [0.2491, 0.2508, 0.2502, 0.2499],
        [0.2503, 0.2505, 0.2497, 0.2494],
        [0.2495, 0.2504, 0.2502, 0.2499],
        [0.2496, 0.2504, 0.2501, 0.2500],
        [0.2485, 0.2506, 0.2505, 0.2504],
        [0.2503, 0.2502, 0.2499, 0.2496],
        [0.2510, 0.2497, 0.2496, 0.2496],
        [0.2500, 0.2500, 0.2501, 0.2499],
        [0.2495, 0.2502, 0.2502, 0.2501],
        [0.2488, 0.2508, 0.2503, 0.2501],
        [0.2510, 0.2497, 0.2497, 0.2496],
        [0.2501, 0.2500, 0.2500, 0.2500],
        [0.2496, 0.2505, 0.2500, 0.2499],
        [0.2495, 0.2507, 0.2499, 0.2498],
        [0.2504, 0.2499, 0.2499, 0.2499],
        [0.2502, 0.2500, 0.2501, 0.2498],
        [0.1361, 0.1861, 0.2814, 0.3964],
        [0.2499, 0.2500, 0.2501, 0.2500],
        [0.2501, 0.2502, 0.2499, 0.2498],
        [0.2506, 0.2497, 0.2499, 0.2498],
        [0.2494, 0.2503, 0.2502, 0.2501],
        [0.2497, 0.2497, 0.2503, 0.2504],
        [0.2504, 0.2499, 0.2499, 0.2499],
        [0.2500, 0.2500, 0.2500, 0.2500],
        [0.2492, 0.2503, 0.2503, 0.2502],
        [0.2472, 0.2513, 0.2508, 0.2507],
        [0.2481, 0.2506, 0.2506, 0.2506],
        [0.2483, 0.2515, 0.2503, 0.2499],
        [0.2487, 0.2506, 0.2504, 0.2503],
        [0.2482, 0.2512, 0.2504, 0.2501],
        [0.2498, 0.2501, 0.2501, 0.2500],
        [0.2508, 0.2500, 0.2497, 0.2495],
        [0.2505, 0.2500, 0.2498, 0.2497],
        [0.2489, 0.2516, 0.2499, 0.2496],
        [0.2470, 0.2501, 0.2513, 0.2516],
        [0.2500, 0.2500, 0.2500, 0.2500],
        [0.2497, 0.2502, 0.2501, 0.2500],
        [0.2494, 0.2523, 0.2496, 0.2487],
        [0.2503, 0.2496, 0.2500, 0.2500],
        [0.2498, 0.2501, 0.2501, 0.2500],
        [0.2487, 0.2506, 0.2504, 0.2504],
        [0.2494, 0.2508, 0.2500, 0.2497],
        [0.2499, 0.2499, 0.2501, 0.2501],
        [0.2493, 0.2504, 0.2503, 0.2501],
        [0.2485, 0.2517, 0.2501, 0.2497],
        [0.2500, 0.2500, 0.2500, 0.2500],
        [0.2498, 0.2504, 0.2500, 0.2498],
        [0.2502, 0.2505, 0.2498, 0.2496],
        [0.2515, 0.2492, 0.2496, 0.2497],
        [0.2490, 0.2506, 0.2503, 0.2501],
        [0.2499, 0.2500, 0.2501, 0.2501],
        [0.2483, 0.2508, 0.2505, 0.2505],
        [0.2504, 0.2502, 0.2498, 0.2496],
        [0.2501, 0.2496, 0.2502, 0.2501],
        [0.2488, 0.2505, 0.2504, 0.2504],
        [0.2483, 0.2508, 0.2505, 0.2505],
        [0.2499, 0.2499, 0.2501, 0.2501],
        [0.2482, 0.2506, 0.2506, 0.2506],
        [0.2500, 0.2499, 0.2500, 0.2501],
        [0.2482, 0.2514, 0.2504, 0.2501],
        [0.2509, 0.2496, 0.2499, 0.2496],
        [0.2498, 0.2501, 0.2501, 0.2500],
        [0.2488, 0.2507, 0.2503, 0.2502],
        [0.2500, 0.2500, 0.2500, 0.2500],
        [0.2494, 0.2504, 0.2502, 0.2501],
        [0.2496, 0.2504, 0.2501, 0.2499],
        [0.2501, 0.2500, 0.2500, 0.2500],
        [0.2490, 0.2506, 0.2503, 0.2502],
        [0.2497, 0.2501, 0.2501, 0.2501],
        [0.2493, 0.2504, 0.2503, 0.2500],
        [0.2506, 0.2504, 0.2497, 0.2493]], device='cuda:1')
fea_node_to_hop attention:tensor([[0.3321, 0.3339, 0.3341],
        [0.3333, 0.3334, 0.3333],
        [0.3294, 0.3348, 0.3358],
        [0.3322, 0.3336, 0.3341],
        [0.3343, 0.3327, 0.3330],
        [0.3341, 0.3320, 0.3339],
        [0.3325, 0.3319, 0.3356],
        [0.3336, 0.3330, 0.3334],
        [0.3306, 0.3340, 0.3354],
        [0.3293, 0.3339, 0.3368],
        [0.3302, 0.3353, 0.3344],
        [0.3312, 0.3332, 0.3356],
        [0.3333, 0.3336, 0.3331],
        [0.3320, 0.3328, 0.3352],
        [0.3316, 0.3335, 0.3349],
        [0.3312, 0.3342, 0.3346],
        [0.3291, 0.3355, 0.3354],
        [0.3308, 0.3340, 0.3352],
        [0.3330, 0.3330, 0.3340],
        [0.3310, 0.3343, 0.3347],
        [0.3340, 0.3330, 0.3331],
        [0.3338, 0.3319, 0.3344],
        [0.3335, 0.3335, 0.3330],
        [0.3311, 0.3342, 0.3346],
        [0.3329, 0.3337, 0.3334],
        [0.3286, 0.3345, 0.3368],
        [0.3322, 0.3341, 0.3337],
        [0.3273, 0.3359, 0.3368],
        [0.3327, 0.3325, 0.3348],
        [0.3319, 0.3343, 0.3339],
        [0.3307, 0.3345, 0.3348],
        [0.3307, 0.3332, 0.3361],
        [0.3338, 0.3330, 0.3333],
        [0.3277, 0.3357, 0.3366],
        [0.3345, 0.3324, 0.3331],
        [0.3333, 0.3327, 0.3340],
        [0.3327, 0.3329, 0.3344],
        [0.3330, 0.3332, 0.3338],
        [0.3305, 0.3338, 0.3357],
        [0.3277, 0.3373, 0.3351],
        [0.3336, 0.3330, 0.3334],
        [0.3312, 0.3343, 0.3345],
        [0.3324, 0.3333, 0.3343],
        [0.3335, 0.3333, 0.3332],
        [0.3350, 0.3324, 0.3326],
        [0.3190, 0.3282, 0.3528],
        [0.3336, 0.3332, 0.3333],
        [0.3310, 0.3342, 0.3348],
        [0.3333, 0.3322, 0.3346],
        [0.3320, 0.3336, 0.3344],
        [0.3335, 0.3328, 0.3337],
        [0.3341, 0.3330, 0.3329],
        [0.3333, 0.3333, 0.3334],
        [0.3293, 0.3345, 0.3362],
        [0.3322, 0.3339, 0.3339],
        [0.3313, 0.3343, 0.3344],
        [0.3306, 0.3345, 0.3349],
        [0.3282, 0.3360, 0.3358],
        [0.3313, 0.3335, 0.3353],
        [0.3319, 0.3326, 0.3355],
        [0.3347, 0.3318, 0.3335],
        [0.3323, 0.3334, 0.3343],
        [0.3299, 0.3349, 0.3351],
        [0.3329, 0.3332, 0.3339],
        [0.3333, 0.3334, 0.3333],
        [0.3327, 0.3331, 0.3343],
        [0.3315, 0.3336, 0.3350],
        [0.3338, 0.3330, 0.3332],
        [0.3327, 0.3336, 0.3337],
        [0.3315, 0.3332, 0.3352],
        [0.3306, 0.3345, 0.3349],
        [0.3318, 0.3341, 0.3341],
        [0.3316, 0.3341, 0.3343],
        [0.3316, 0.3330, 0.3355],
        [0.3335, 0.3331, 0.3334],
        [0.3297, 0.3345, 0.3358],
        [0.3303, 0.3336, 0.3360],
        [0.3309, 0.3328, 0.3363],
        [0.3294, 0.3349, 0.3357],
        [0.3318, 0.3339, 0.3342],
        [0.3317, 0.3344, 0.3339],
        [0.3320, 0.3334, 0.3345],
        [0.3296, 0.3347, 0.3357],
        [0.3300, 0.3340, 0.3360],
        [0.3307, 0.3344, 0.3349],
        [0.3349, 0.3322, 0.3329],
        [0.3320, 0.3343, 0.3337],
        [0.3321, 0.3342, 0.3336],
        [0.3326, 0.3332, 0.3342],
        [0.3287, 0.3357, 0.3356],
        [0.3320, 0.3335, 0.3345],
        [0.3311, 0.3341, 0.3348],
        [0.3334, 0.3333, 0.3333],
        [0.3305, 0.3352, 0.3342],
        [0.3324, 0.3332, 0.3343],
        [0.3336, 0.3334, 0.3330],
        [0.3312, 0.3332, 0.3356],
        [0.3336, 0.3318, 0.3345],
        [0.3325, 0.3333, 0.3342],
        [0.3315, 0.3343, 0.3342]], device='cuda:1')
perception attention:tensor([0.5000, 0.5000], device='cuda:1')
