# epoch	loss_train	acc_train	loss_val	acc_val	time	acc_test	f1_test
0001	1.8003	0.1667	1.6902	0.6020	0.1192s	1.6792	0.6240	0.5076
0
0002	1.6868	0.5167	1.5276	0.5520	0.1221s	1.5006	0.5650	0.4270
0
0003	1.5164	0.5417	1.3502	0.6400	0.1203s	1.3222	0.6630	0.6018
0
0004	1.3363	0.6750	1.1611	0.7520	0.1195s	1.1405	0.7890	0.7623
0
0005	1.1593	0.7167	0.9922	0.8340	0.1222s	0.9756	0.8240	0.8114
0
0006	0.9707	0.7667	0.8587	0.8360	0.1219s	0.8449	0.8350	0.8233
0
0007	0.8469	0.7667	0.7403	0.8520	0.1222s	0.7293	0.8520	0.8419
0
0008	0.7249	0.8333	0.6423	0.8620	0.1220s	0.6319	0.8600	0.8494
0
0009	0.6057	0.8583	0.5668	0.8860	0.1218s	0.5538	0.8730	0.8624
0
0010	0.5299	0.9250	0.5116	0.8920	0.1225s	0.4967	0.8840	0.8751
0
0011	0.4437	0.9000	0.4684	0.8860	0.1220s	0.4525	0.8850	0.8780
0
0012	0.4077	0.9167	0.4353	0.8940	0.1219s	0.4175	0.8930	0.8866
0
0013	0.3845	0.9250	0.4165	0.8900	0.1227s	0.3957	0.9000	0.8933
0
0014	0.3470	0.9333	0.4117	0.8820	0.1227s	0.3871	0.8880	0.8795
0
0015	0.2964	0.9333	0.4090	0.8780	0.1220s	0.3808	0.8830	0.8742
0
0016	0.2791	0.9667	0.4058	0.8840	0.1207s	0.3752	0.8840	0.8759
0
0017	0.2572	0.9250	0.3914	0.9020	0.1222s	0.3595	0.8920	0.8851
0
0018	0.2351	0.9667	0.3794	0.8940	0.1219s	0.3470	0.8950	0.8885
0
0019	0.2420	0.9667	0.3755	0.8900	0.1226s	0.3417	0.8930	0.8867
0
0020	0.2522	0.9667	0.3753	0.8940	0.1052s	0.3414	0.8950	0.8890
0
0021	0.2368	0.9417	0.3789	0.8920	0.1220s	0.3453	0.8920	0.8853
0
0022	0.1749	0.9667	0.3864	0.8900	0.1220s	0.3529	0.8950	0.8881
1
0023	0.1897	0.9583	0.3977	0.8920	0.1218s	0.3642	0.8930	0.8852
2
0024	0.1987	0.9917	0.4058	0.8920	0.1220s	0.3722	0.8890	0.8808
3
0025	0.2037	0.9917	0.4026	0.8880	0.1219s	0.3694	0.8900	0.8824
4
0026	0.2040	0.9583	0.3943	0.8900	0.1222s	0.3617	0.8940	0.8874
5
0027	0.1655	0.9500	0.3915	0.8940	0.1223s	0.3593	0.8910	0.8841
6
0028	0.1760	0.9500	0.3888	0.8980	0.1224s	0.3574	0.8950	0.8887
7
0029	0.2018	0.9667	0.3883	0.9020	0.1219s	0.3578	0.8950	0.8884
8
0030	0.1588	0.9500	0.3902	0.8960	0.1225s	0.3613	0.8940	0.8873
0
0031	0.1560	0.9750	0.3941	0.8980	0.1221s	0.3672	0.8930	0.8863
1
0032	0.1834	0.9833	0.4033	0.8860	0.1223s	0.3777	0.8910	0.8840
2
0033	0.1540	1.0000	0.4168	0.8840	0.1222s	0.3913	0.8880	0.8805
3
0034	0.1666	0.9750	0.4212	0.8800	0.1223s	0.3956	0.8880	0.8803
4
0035	0.1684	0.9750	0.4170	0.8840	0.1232s	0.3923	0.8910	0.8842
5
0036	0.1645	0.9667	0.4053	0.8900	0.1217s	0.3821	0.8940	0.8874
6
0037	0.1620	0.9750	0.3979	0.8940	0.1223s	0.3758	0.8940	0.8874
7
0038	0.1548	0.9833	0.3939	0.8920	0.1235s	0.3721	0.8970	0.8906
8
0039	0.1537	0.9833	0.3926	0.8940	0.1046s	0.3711	0.8990	0.8926
9
0040	0.1479	0.9750	0.3926	0.8940	0.1034s	0.3717	0.9000	0.8934
10
0041	0.1509	0.9833	0.3920	0.8920	0.1180s	0.3724	0.8990	0.8921
11
0042	0.1563	1.0000	0.3925	0.8920	0.1207s	0.3737	0.8980	0.8912
12
0043	0.1629	0.9667	0.3925	0.8900	0.1203s	0.3750	0.8990	0.8921
13
0044	0.1533	0.9917	0.3937	0.8860	0.1038s	0.3774	0.8950	0.8883
14
0045	0.1506	0.9750	0.3961	0.8900	0.1158s	0.3806	0.8950	0.8883
15
0046	0.1660	0.9917	0.3984	0.8900	0.1205s	0.3836	0.8960	0.8896
16
0047	0.1572	0.9750	0.3988	0.8860	0.1159s	0.3850	0.8940	0.8876
17
0048	0.1428	0.9750	0.3957	0.8920	0.1212s	0.3827	0.8940	0.8876
18
0049	0.1533	0.9583	0.3881	0.8960	0.1213s	0.3759	0.8930	0.8863
19
0050	0.1634	0.9833	0.3825	0.8940	0.1241s	0.3715	0.8950	0.8883
20
0051	0.1487	1.0000	0.3791	0.8960	0.1246s	0.3686	0.8960	0.8895
21
0052	0.1660	0.9750	0.3785	0.8980	0.1236s	0.3683	0.8960	0.8894
22
0053	0.1429	1.0000	0.3790	0.8960	0.1219s	0.3686	0.8950	0.8882
23
0054	0.1245	0.9917	0.3790	0.8980	0.1244s	0.3683	0.8960	0.8892
24
0055	0.1647	0.9667	0.3785	0.9000	0.1220s	0.3660	0.8960	0.8891
25
0056	0.1796	0.9750	0.3781	0.8980	0.1230s	0.3637	0.8970	0.8902
26
0057	0.1581	0.9833	0.3786	0.8940	0.1220s	0.3635	0.8950	0.8879
27
0058	0.1739	0.9667	0.3776	0.8940	0.1229s	0.3617	0.8990	0.8920
28
0059	0.1581	0.9667	0.3762	0.8920	0.1201s	0.3608	0.8980	0.8914
29
0060	0.1733	0.9833	0.3762	0.8940	0.1222s	0.3616	0.8970	0.8904
30
0061	0.1488	0.9667	0.3719	0.9020	0.1221s	0.3580	0.8960	0.8893
31
0062	0.1410	0.9833	0.3679	0.9020	0.1225s	0.3549	0.8970	0.8909
0
0063	0.1596	1.0000	0.3651	0.9040	0.1227s	0.3511	0.8970	0.8913
0
0064	0.1621	0.9667	0.3623	0.9060	0.1228s	0.3457	0.8980	0.8922
0
0065	0.1498	1.0000	0.3613	0.9100	0.1218s	0.3423	0.8960	0.8901
0
0066	0.1502	0.9667	0.3620	0.9080	0.1227s	0.3407	0.8970	0.8912
0
0067	0.1437	0.9750	0.3634	0.9060	0.1212s	0.3408	0.8960	0.8900
1
0068	0.1491	0.9583	0.3639	0.9040	0.1214s	0.3409	0.8940	0.8880
2
0069	0.1644	0.9750	0.3688	0.9000	0.1204s	0.3453	0.8900	0.8832
3
0070	0.1483	0.9750	0.3724	0.8960	0.1226s	0.3484	0.8930	0.8864
4
0071	0.1532	1.0000	0.3726	0.9000	0.1049s	0.3492	0.8930	0.8862
5
0072	0.1344	1.0000	0.3655	0.9040	0.1200s	0.3420	0.9000	0.8939
6
0073	0.1370	0.9833	0.3602	0.9000	0.1210s	0.3366	0.9050	0.8999
7
0074	0.1604	0.9750	0.3609	0.8980	0.1043s	0.3368	0.9050	0.8997
0
0075	0.1433	0.9917	0.3637	0.9000	0.1193s	0.3386	0.9060	0.9009
1
0076	0.1600	0.9833	0.3646	0.9100	0.1038s	0.3378	0.9040	0.8986
2
0077	0.1297	1.0000	0.3658	0.9100	0.1224s	0.3384	0.9030	0.8974
0
0078	0.1442	0.9750	0.3685	0.9080	0.1208s	0.3409	0.8970	0.8910
0
0079	0.1320	0.9833	0.3686	0.9040	0.1237s	0.3422	0.8960	0.8899
1
0080	0.1587	0.9667	0.3637	0.9080	0.1218s	0.3390	0.9030	0.8977
2
0081	0.1509	0.9750	0.3622	0.9060	0.1208s	0.3388	0.9060	0.9012
3
0082	0.1454	0.9917	0.3649	0.9000	0.1216s	0.3427	0.9090	0.9042
4
0083	0.1489	0.9833	0.3724	0.8960	0.1219s	0.3501	0.9080	0.9027
5
0084	0.1510	0.9833	0.3818	0.8900	0.1221s	0.3582	0.9080	0.9025
6
0085	0.1551	0.9917	0.3861	0.8980	0.1223s	0.3613	0.9090	0.9035
7
0086	0.1483	0.9500	0.3872	0.9000	0.1207s	0.3607	0.9050	0.8991
8
0087	0.1426	0.9917	0.3910	0.8920	0.1230s	0.3619	0.8980	0.8918
9
0088	0.1311	0.9833	0.3929	0.8920	0.1221s	0.3624	0.8980	0.8921
10
0089	0.1482	0.9667	0.3881	0.8980	0.1244s	0.3581	0.9010	0.8954
11
0090	0.1246	0.9750	0.3804	0.9040	0.1222s	0.3514	0.9000	0.8945
12
0091	0.1205	0.9917	0.3750	0.9040	0.1209s	0.3462	0.9040	0.8989
13
0092	0.1426	0.9917	0.3707	0.9080	0.1220s	0.3443	0.9030	0.8979
14
0093	0.1410	0.9833	0.3692	0.9040	0.1223s	0.3470	0.9050	0.9002
15
0094	0.1516	1.0000	0.3740	0.8940	0.1226s	0.3538	0.9060	0.9015
16
0095	0.1322	0.9917	0.3805	0.8900	0.1222s	0.3594	0.9030	0.8981
17
0096	0.1379	0.9917	0.3848	0.8980	0.1218s	0.3601	0.9040	0.8988
18
0097	0.1450	0.9833	0.3875	0.9020	0.1221s	0.3570	0.9070	0.9021
19
0098	0.1472	0.9750	0.3952	0.8960	0.1198s	0.3590	0.9020	0.8960
20
0099	0.1351	0.9667	0.4013	0.8940	0.1223s	0.3613	0.8980	0.8919
21
0100	0.1619	0.9667	0.3996	0.9000	0.1225s	0.3575	0.9010	0.8956
22
0101	0.1441	0.9750	0.3942	0.9060	0.1415s	0.3520	0.9040	0.8987
23
0102	0.1551	1.0000	0.3874	0.9040	0.1366s	0.3472	0.9030	0.8973
24
0103	0.1673	0.9833	0.3875	0.9020	0.1392s	0.3511	0.9030	0.8978
25
0104	0.1564	0.9583	0.3976	0.8960	0.1394s	0.3663	0.8980	0.8930
26
0105	0.1306	0.9917	0.4100	0.8940	0.1440s	0.3811	0.8940	0.8883
27
0106	0.1476	0.9667	0.4057	0.8900	0.1229s	0.3791	0.8970	0.8911
28
0107	0.1400	0.9833	0.3992	0.8920	0.1223s	0.3748	0.9040	0.8983
29
0108	0.1367	0.9833	0.3973	0.8920	0.1221s	0.3737	0.9040	0.8981
30
0109	0.1389	0.9833	0.3925	0.9000	0.1221s	0.3685	0.9070	0.9016
31
0110	0.1470	0.9833	0.3877	0.8980	0.1220s	0.3612	0.9140	0.9094
32
0111	0.1276	0.9833	0.3881	0.9000	0.1224s	0.3581	0.9050	0.8993
33
0112	0.1502	0.9667	0.3970	0.9000	0.1221s	0.3640	0.8990	0.8928
34
0113	0.1798	0.9583	0.4043	0.9000	0.1221s	0.3689	0.8990	0.8925
35
0114	0.1590	1.0000	0.4058	0.8980	0.1218s	0.3694	0.9010	0.8946
36
0115	0.1289	0.9917	0.3989	0.8960	0.1217s	0.3627	0.9080	0.9019
37
0116	0.1520	1.0000	0.3943	0.8960	0.1215s	0.3602	0.9060	0.8999
38
0117	0.1512	0.9583	0.3889	0.8980	0.1216s	0.3583	0.9070	0.9010
39
0118	0.1381	1.0000	0.3873	0.8880	0.1150s	0.3604	0.9080	0.9025
40
0119	0.1567	0.9750	0.3896	0.8880	0.1216s	0.3653	0.9100	0.9045
41
0120	0.1324	0.9750	0.3932	0.8860	0.1219s	0.3707	0.9050	0.8990
42
0121	0.1459	0.9667	0.3870	0.8920	0.1221s	0.3621	0.9050	0.8992
43
0122	0.1389	0.9750	0.3821	0.8960	0.1217s	0.3523	0.9050	0.8993
44
0123	0.1377	0.9750	0.3839	0.8940	0.1214s	0.3488	0.9030	0.8971
45
0124	0.1487	0.9833	0.3863	0.8960	0.1220s	0.3470	0.9030	0.8969
46
0125	0.1566	0.9750	0.3908	0.8940	0.1218s	0.3507	0.9030	0.8966
47
0126	0.1418	0.9750	0.3901	0.8920	0.1220s	0.3506	0.9030	0.8968
48
0127	0.1356	0.9417	0.3824	0.8980	0.1221s	0.3453	0.9040	0.8980
49
0128	0.1301	0.9750	0.3767	0.8980	0.1220s	0.3441	0.9050	0.8993
50
0129	0.1237	0.9833	0.3765	0.8960	0.1217s	0.3479	0.9080	0.9030
51
0130	0.1427	0.9667	0.3810	0.8960	0.1239s	0.3548	0.9100	0.9046
52
0131	0.1250	0.9917	0.3864	0.8880	0.1220s	0.3608	0.9080	0.9030
53
0132	0.1467	0.9833	0.3875	0.8880	0.1219s	0.3597	0.9100	0.9050
54
0133	0.1412	1.0000	0.3858	0.8980	0.1262s	0.3543	0.9100	0.9050
55
0134	0.1361	1.0000	0.3862	0.8900	0.1216s	0.3495	0.9040	0.8984
56
0135	0.1379	0.9667	0.3877	0.8980	0.1222s	0.3464	0.9010	0.8947
57
0136	0.1431	0.9917	0.3893	0.8980	0.1221s	0.3458	0.9010	0.8948
58
0137	0.1512	0.9583	0.3885	0.9000	0.1220s	0.3469	0.9030	0.8973
59
0138	0.1304	0.9750	0.3889	0.9000	0.1224s	0.3503	0.9030	0.8977
60
0139	0.1325	0.9750	0.3860	0.8980	0.1225s	0.3504	0.9040	0.8987
61
0140	0.1390	0.9667	0.3878	0.8960	0.1238s	0.3542	0.9080	0.9025
62
0141	0.1300	0.9667	0.3905	0.8980	0.1264s	0.3576	0.9070	0.9008
63
0142	0.1235	0.9917	0.3953	0.8980	0.1226s	0.3604	0.9110	0.9050
64
0143	0.1220	1.0000	0.3981	0.8880	0.1219s	0.3616	0.9080	0.9022
65
0144	0.1403	0.9750	0.3936	0.8960	0.1219s	0.3539	0.9080	0.9025
66
0145	0.1292	0.9667	0.3892	0.8940	0.1255s	0.3457	0.9060	0.9005
67
0146	0.1292	0.9583	0.3860	0.8980	0.1220s	0.3397	0.9050	0.8993
68
0147	0.1718	0.9750	0.3834	0.8940	0.1225s	0.3381	0.9040	0.8982
69
0148	0.1672	0.9833	0.3869	0.8940	0.1219s	0.3450	0.9030	0.8971
70
0149	0.1453	0.9583	0.3921	0.8940	0.1218s	0.3536	0.9010	0.8950
71
0150	0.1479	0.9917	0.3988	0.8900	0.1220s	0.3623	0.8970	0.8909
72
0151	0.1471	0.9833	0.4002	0.8980	0.1225s	0.3649	0.9020	0.8958
73
0152	0.1307	0.9833	0.3937	0.9020	0.1227s	0.3571	0.9050	0.8993
74
0153	0.1440	0.9833	0.3870	0.9020	0.1219s	0.3471	0.9100	0.9047
75
0154	0.1281	0.9833	0.3832	0.9000	0.1235s	0.3394	0.9100	0.9052
76
0155	0.1327	0.9750	0.3881	0.8980	0.1221s	0.3403	0.9070	0.9021
77
0156	0.1594	0.9833	0.3950	0.8940	0.1233s	0.3440	0.9030	0.8978
78
0157	0.1309	0.9750	0.3976	0.8920	0.1218s	0.3463	0.9000	0.8945
79
0158	0.1439	0.9833	0.3932	0.8960	0.1227s	0.3454	0.9010	0.8953
80
0159	0.1293	0.9833	0.3876	0.8960	0.1223s	0.3443	0.9100	0.9048
81
0160	0.1318	0.9917	0.3894	0.8960	0.1228s	0.3484	0.9060	0.9001
82
0161	0.1179	0.9833	0.3956	0.8940	0.1219s	0.3560	0.9020	0.8961
83
0162	0.1215	0.9750	0.4017	0.8940	0.1235s	0.3628	0.9010	0.8947
84
0163	0.1425	0.9833	0.4018	0.8920	0.1220s	0.3628	0.9020	0.8958
85
0164	0.1467	0.9917	0.3951	0.8940	0.1233s	0.3563	0.9020	0.8960
86
0165	0.1293	0.9833	0.3916	0.8980	0.1219s	0.3537	0.9030	0.8972
87
0166	0.1284	0.9833	0.3861	0.9020	0.1261s	0.3507	0.9040	0.8987
88
0167	0.1593	0.9417	0.3785	0.9060	0.1222s	0.3462	0.9060	0.9008
89
0168	0.1275	0.9833	0.3758	0.9080	0.1047s	0.3480	0.9070	0.9022
90
0169	0.1353	0.9917	0.3771	0.9040	0.1220s	0.3531	0.9060	0.9010
91
0170	0.1498	0.9833	0.3826	0.9000	0.1217s	0.3597	0.9000	0.8947
92
0171	0.1414	0.9750	0.3932	0.8940	0.1219s	0.3694	0.8970	0.8918
93
0172	0.1271	0.9833	0.4028	0.8900	0.1241s	0.3769	0.8890	0.8836
94
0173	0.1451	1.0000	0.4010	0.8960	0.1046s	0.3716	0.8930	0.8873
95
0174	0.1300	0.9917	0.3938	0.9020	0.1215s	0.3615	0.9000	0.8943
96
0175	0.1539	0.9917	0.3895	0.9000	0.1230s	0.3538	0.9040	0.8988
97
0176	0.1225	0.9917	0.3883	0.9000	0.1218s	0.3504	0.9070	0.9022
98
0177	0.1462	0.9750	0.3915	0.9000	0.1051s	0.3522	0.9080	0.9033
99
0178	0.1282	0.9833	0.3939	0.9000	0.1217s	0.3537	0.9040	0.8988
100
0179	0.1391	0.9667	0.3936	0.9020	0.1217s	0.3539	0.9060	0.9009
101
0180	0.1360	0.9667	0.3922	0.8980	0.1223s	0.3520	0.9060	0.9005
102
0181	0.1153	0.9917	0.3909	0.9040	0.1224s	0.3485	0.9050	0.8993
103
0182	0.1533	0.9417	0.3924	0.9080	0.1220s	0.3475	0.9010	0.8950
104
0183	0.1359	0.9833	0.3942	0.9060	0.1223s	0.3466	0.8970	0.8918
105
0184	0.1584	0.9750	0.3982	0.9040	0.1222s	0.3481	0.9000	0.8952
106
0185	0.1347	0.9917	0.4020	0.9020	0.1219s	0.3498	0.9000	0.8953
107
0186	0.1295	0.9750	0.4030	0.9020	0.1213s	0.3483	0.9020	0.8972
108
0187	0.1542	0.9750	0.3994	0.9000	0.1217s	0.3436	0.9030	0.8979
109
0188	0.1601	0.9500	0.3998	0.8960	0.1221s	0.3436	0.9060	0.9009
110
0189	0.1340	0.9667	0.4036	0.8940	0.1219s	0.3501	0.9110	0.9058
111
0190	0.1380	0.9833	0.4095	0.8900	0.1242s	0.3576	0.9040	0.8987
112
0191	0.1521	0.9417	0.4121	0.8900	0.1223s	0.3619	0.9020	0.8966
113
0192	0.1303	0.9750	0.4059	0.8960	0.1214s	0.3565	0.8990	0.8935
114
0193	0.1176	0.9833	0.3979	0.9000	0.1235s	0.3481	0.9060	0.9008
115
0194	0.1208	1.0000	0.3967	0.9000	0.1235s	0.3453	0.9040	0.8987
116
0195	0.1389	0.9750	0.3976	0.8980	0.1227s	0.3442	0.9040	0.8988
117
0196	0.1347	0.9750	0.3998	0.8960	0.1226s	0.3434	0.9040	0.8991
118
0197	0.1608	0.9833	0.4003	0.9020	0.1227s	0.3427	0.9050	0.9000
119
0198	0.1272	0.9917	0.4004	0.9020	0.1231s	0.3448	0.9030	0.8976
120
0199	0.1528	0.9917	0.4075	0.8960	0.1232s	0.3538	0.9050	0.8997
121
0200	0.1172	0.9833	0.4136	0.8980	0.1234s	0.3612	0.9040	0.8986
122
0201	0.1332	0.9833	0.4158	0.8960	0.1234s	0.3655	0.9020	0.8963
123
0202	0.1542	0.9667	0.4121	0.8920	0.1233s	0.3631	0.9000	0.8936
124
0203	0.1281	0.9750	0.4101	0.8940	0.1232s	0.3600	0.8990	0.8929
125
0204	0.1314	0.9917	0.4062	0.8940	0.1227s	0.3543	0.9020	0.8964
126
0205	0.1306	0.9917	0.4051	0.8980	0.1235s	0.3508	0.9040	0.8987
127
0206	0.1147	0.9833	0.4053	0.8940	0.1224s	0.3490	0.9010	0.8955
128
0207	0.1127	1.0000	0.4054	0.9000	0.1230s	0.3491	0.9030	0.8976
129
0208	0.1562	0.9917	0.4054	0.9020	0.1226s	0.3514	0.9060	0.9008
130
0209	0.1382	0.9667	0.4077	0.8980	0.1246s	0.3566	0.9010	0.8955
131
0210	0.1432	0.9833	0.4153	0.8860	0.1211s	0.3657	0.8990	0.8930
132
0211	0.1164	0.9833	0.4242	0.8860	0.1218s	0.3758	0.8960	0.8900
133
0212	0.1584	0.9833	0.4245	0.8900	0.1217s	0.3752	0.8970	0.8908
134
0213	0.1616	0.9667	0.4157	0.8920	0.1217s	0.3660	0.9040	0.8983
135
0214	0.1302	0.9750	0.4118	0.8920	0.1221s	0.3618	0.9070	0.9012
136
0215	0.1326	0.9750	0.4138	0.8940	0.1221s	0.3628	0.9100	0.9044
137
0216	0.1274	0.9917	0.4102	0.8940	0.1222s	0.3587	0.9090	0.9037
138
0217	0.1251	1.0000	0.4055	0.8960	0.1218s	0.3541	0.9080	0.9025
139
0218	0.1353	0.9667	0.4007	0.9000	0.1216s	0.3505	0.9030	0.8974
140
0219	0.1472	0.9667	0.4023	0.8920	0.1233s	0.3536	0.9030	0.8972
141
0220	0.1667	0.9417	0.4068	0.8920	0.1221s	0.3603	0.9030	0.8974
142
0221	0.1289	0.9917	0.4140	0.8900	0.1224s	0.3690	0.8990	0.8932
143
0222	0.1255	0.9917	0.4201	0.8880	0.1231s	0.3756	0.8960	0.8901
144
0223	0.1169	0.9833	0.4196	0.8900	0.1221s	0.3750	0.8970	0.8911
145
0224	0.1311	1.0000	0.4143	0.8940	0.1220s	0.3685	0.8990	0.8930
146
0225	0.1399	0.9667	0.4053	0.8960	0.1227s	0.3586	0.9030	0.8972
147
0226	0.1243	0.9750	0.3977	0.8960	0.1221s	0.3504	0.9040	0.8983
148
0227	0.1378	0.9667	0.3929	0.9000	0.1222s	0.3452	0.9040	0.8984
149
0228	0.1359	0.9750	0.3899	0.9020	0.1240s	0.3423	0.9040	0.8986
150
0229	0.1281	0.9833	0.3892	0.9000	0.1223s	0.3420	0.9040	0.8986
151
0230	0.1393	0.9500	0.3906	0.8960	0.1218s	0.3443	0.9030	0.8973
152
0231	0.1397	0.9917	0.3953	0.9000	0.1242s	0.3510	0.9060	0.9006
153
0232	0.1289	0.9917	0.4039	0.8940	0.1219s	0.3604	0.9040	0.8983
154
0233	0.1216	0.9917	0.4109	0.8920	0.1220s	0.3673	0.9010	0.8948
155
0234	0.1305	0.9833	0.4131	0.8960	0.1219s	0.3695	0.9000	0.8939
156
0235	0.1630	0.9667	0.4071	0.8980	0.1225s	0.3639	0.9010	0.8950
157
0236	0.1325	0.9833	0.3979	0.8940	0.1244s	0.3542	0.9050	0.8995
158
0237	0.1433	0.9833	0.3935	0.8960	0.1216s	0.3481	0.9060	0.9007
159
0238	0.1356	0.9750	0.3944	0.9000	0.1224s	0.3465	0.9050	0.8999
160
0239	0.1326	0.9583	0.3962	0.9020	0.1221s	0.3476	0.9050	0.8998
161
0240	0.1483	0.9917	0.4062	0.8980	0.1224s	0.3552	0.9020	0.8961
162
0241	0.1363	0.9750	0.4224	0.8940	0.1233s	0.3683	0.8950	0.8881
163
0242	0.1464	0.9750	0.4259	0.8960	0.1219s	0.3721	0.8940	0.8872
164
0243	0.1489	0.9333	0.4165	0.8940	0.1223s	0.3662	0.8980	0.8920
165
0244	0.1484	0.9750	0.4101	0.9000	0.1217s	0.3630	0.9020	0.8958
166
0245	0.1464	0.9833	0.4055	0.8980	0.1217s	0.3610	0.9030	0.8970
167
0246	0.1223	0.9667	0.3977	0.9040	0.1224s	0.3562	0.9060	0.9004
168
0247	0.1228	0.9833	0.3942	0.9040	0.1221s	0.3540	0.9040	0.8984
169
0248	0.1187	0.9917	0.3937	0.9040	0.1219s	0.3525	0.9010	0.8955
170
0249	0.1223	0.9833	0.3975	0.8980	0.1222s	0.3549	0.8980	0.8924
171
0250	0.1277	1.0000	0.3996	0.8960	0.1221s	0.3553	0.8970	0.8913
172
0251	0.1414	0.9750	0.4008	0.8940	0.1221s	0.3557	0.8960	0.8901
173
0252	0.1452	0.9917	0.4021	0.8960	0.1218s	0.3566	0.8950	0.8889
174
0253	0.1610	0.9833	0.4035	0.8940	0.1220s	0.3587	0.8970	0.8910
175
0254	0.1319	0.9500	0.4040	0.8960	0.1217s	0.3606	0.9010	0.8954
176
0255	0.1237	0.9583	0.4105	0.8980	0.1222s	0.3669	0.9050	0.8990
177
0256	0.1383	0.9750	0.4117	0.8960	0.1222s	0.3684	0.9100	0.9044
178
0257	0.1401	0.9833	0.4066	0.8960	0.1217s	0.3636	0.9090	0.9035
179
0258	0.1470	1.0000	0.4023	0.8940	0.1223s	0.3575	0.9030	0.8973
180
0259	0.1411	0.9417	0.3988	0.8980	0.1219s	0.3528	0.8990	0.8932
181
0260	0.1370	0.9750	0.4026	0.8980	0.1241s	0.3557	0.8970	0.8912
182
0261	0.1214	0.9917	0.4066	0.8960	0.1237s	0.3600	0.8960	0.8903
183
0262	0.1874	0.9667	0.4017	0.8940	0.1234s	0.3583	0.8920	0.8860
184
0263	0.1343	0.9750	0.3985	0.8920	0.1233s	0.3584	0.8970	0.8909
185
0264	0.1325	0.9833	0.3941	0.8980	0.1228s	0.3558	0.9030	0.8973
186
0265	0.1300	1.0000	0.3907	0.9060	0.1211s	0.3538	0.9050	0.8994
187
0266	0.1291	0.9833	0.3930	0.9040	0.1223s	0.3562	0.9050	0.8995
188
0267	0.1425	0.9667	0.3966	0.8940	0.1221s	0.3572	0.9060	0.9002
189
0268	0.1280	0.9833	0.4063	0.8900	0.1233s	0.3653	0.9040	0.8978
190
0269	0.1226	0.9917	0.4173	0.8860	0.1177s	0.3758	0.8950	0.8886
191
0270	0.1386	0.9917	0.4173	0.8840	0.1174s	0.3772	0.8920	0.8856
192
0271	0.1304	0.9917	0.4092	0.8900	0.1223s	0.3710	0.8910	0.8849
193
0272	0.1461	1.0000	0.3937	0.8940	0.1127s	0.3583	0.8940	0.8881
194
0273	0.1309	0.9833	0.3779	0.8960	0.1229s	0.3464	0.9030	0.8978
195
0274	0.1335	1.0000	0.3717	0.9040	0.1196s	0.3430	0.9080	0.9032
196
0275	0.1404	0.9833	0.3701	0.9040	0.1221s	0.3412	0.9050	0.9001
197
0276	0.1448	0.9750	0.3717	0.9040	0.1154s	0.3444	0.9050	0.9001
198
0277	0.1409	0.9583	0.3715	0.9020	0.1191s	0.3441	0.9040	0.8987
199
Early stop! Min loss:0.36023372411727905,  Max accuracy:0.91
Early stop model validation loss:0.36023372411727905,  accuracy:0.9
Optimization Finished!
Total time elapsed: 34.2985s
test max acc:0.9140
Loading 72th epoch
stru_node_to_hop attention:tensor([[0.2501, 0.2507, 0.2497, 0.2495],
        [0.2495, 0.2502, 0.2501, 0.2501],
        [0.2486, 0.2508, 0.2503, 0.2503],
        [0.2500, 0.2508, 0.2497, 0.2495],
        [0.2488, 0.2506, 0.2503, 0.2503],
        [0.2515, 0.2501, 0.2492, 0.2492],
        [0.2503, 0.2501, 0.2499, 0.2498],
        [0.2502, 0.2502, 0.2499, 0.2497],
        [0.2493, 0.2505, 0.2502, 0.2500],
        [0.2490, 0.2507, 0.2502, 0.2501],
        [0.2500, 0.2500, 0.2500, 0.2500],
        [0.2495, 0.2504, 0.2501, 0.2500],
        [0.2500, 0.2500, 0.2500, 0.2500],
        [0.2507, 0.2499, 0.2498, 0.2496],
        [0.2500, 0.2504, 0.2499, 0.2496],
        [0.2507, 0.2507, 0.2496, 0.2491],
        [0.2492, 0.2505, 0.2502, 0.2500],
        [0.2491, 0.2508, 0.2502, 0.2500],
        [0.2499, 0.2500, 0.2500, 0.2500],
        [0.2497, 0.2503, 0.2500, 0.2500],
        [0.2500, 0.2500, 0.2500, 0.2500],
        [0.2493, 0.2513, 0.2498, 0.2496],
        [0.2500, 0.2501, 0.2500, 0.2498],
        [0.2490, 0.2505, 0.2502, 0.2502],
        [0.2497, 0.2504, 0.2500, 0.2499],
        [0.2484, 0.2509, 0.2504, 0.2503],
        [0.2497, 0.2505, 0.2500, 0.2498],
        [0.2494, 0.2506, 0.2501, 0.2499],
        [0.2500, 0.2500, 0.2500, 0.2500],
        [0.2486, 0.2508, 0.2503, 0.2502],
        [0.2471, 0.2514, 0.2508, 0.2507],
        [0.2489, 0.2506, 0.2503, 0.2502],
        [0.2499, 0.2504, 0.2499, 0.2498],
        [0.2486, 0.2505, 0.2505, 0.2504],
        [0.2483, 0.2506, 0.2505, 0.2506],
        [0.2497, 0.2502, 0.2501, 0.2501],
        [0.2503, 0.2501, 0.2500, 0.2496],
        [0.2476, 0.2507, 0.2508, 0.2509],
        [0.2493, 0.2505, 0.2502, 0.2500],
        [0.2501, 0.2503, 0.2498, 0.2498],
        [0.2497, 0.2499, 0.2502, 0.2502],
        [0.2496, 0.2505, 0.2500, 0.2498],
        [0.2491, 0.2509, 0.2501, 0.2500],
        [0.2500, 0.2500, 0.2500, 0.2500],
        [0.2502, 0.2499, 0.2500, 0.2499],
        [0.1828, 0.2121, 0.2806, 0.3245],
        [0.2504, 0.2499, 0.2499, 0.2498],
        [0.2485, 0.2510, 0.2503, 0.2501],
        [0.2496, 0.2502, 0.2501, 0.2501],
        [0.2499, 0.2500, 0.2501, 0.2500],
        [0.2490, 0.2502, 0.2504, 0.2504],
        [0.2496, 0.2503, 0.2501, 0.2500],
        [0.2500, 0.2500, 0.2500, 0.2500],
        [0.2499, 0.2502, 0.2501, 0.2499],
        [0.2455, 0.2526, 0.2510, 0.2509],
        [0.2478, 0.2508, 0.2506, 0.2508],
        [0.2501, 0.2506, 0.2498, 0.2495],
        [0.2492, 0.2505, 0.2502, 0.2502],
        [0.2490, 0.2510, 0.2502, 0.2498],
        [0.2497, 0.2512, 0.2498, 0.2493],
        [0.2487, 0.2510, 0.2503, 0.2500],
        [0.2494, 0.2507, 0.2500, 0.2499],
        [0.2493, 0.2508, 0.2500, 0.2499],
        [0.2499, 0.2503, 0.2500, 0.2498],
        [0.2499, 0.2501, 0.2500, 0.2500],
        [0.2491, 0.2502, 0.2503, 0.2504],
        [0.2503, 0.2508, 0.2497, 0.2492],
        [0.2477, 0.2503, 0.2509, 0.2511],
        [0.2500, 0.2501, 0.2500, 0.2499],
        [0.2497, 0.2502, 0.2501, 0.2500],
        [0.2489, 0.2518, 0.2498, 0.2495],
        [0.2498, 0.2500, 0.2501, 0.2501],
        [0.2497, 0.2503, 0.2501, 0.2499],
        [0.2499, 0.2509, 0.2498, 0.2494],
        [0.2505, 0.2498, 0.2498, 0.2498],
        [0.2490, 0.2505, 0.2503, 0.2502],
        [0.2502, 0.2505, 0.2497, 0.2495],
        [0.2506, 0.2499, 0.2498, 0.2497],
        [0.2497, 0.2502, 0.2501, 0.2500],
        [0.2495, 0.2501, 0.2502, 0.2502],
        [0.2505, 0.2502, 0.2499, 0.2494],
        [0.2480, 0.2510, 0.2506, 0.2503],
        [0.2524, 0.2490, 0.2494, 0.2492],
        [0.2492, 0.2503, 0.2502, 0.2502],
        [0.2493, 0.2505, 0.2502, 0.2500],
        [0.2494, 0.2502, 0.2502, 0.2502],
        [0.2491, 0.2503, 0.2503, 0.2503],
        [0.2479, 0.2510, 0.2507, 0.2505],
        [0.2495, 0.2503, 0.2501, 0.2501],
        [0.2515, 0.2496, 0.2496, 0.2493],
        [0.2490, 0.2506, 0.2502, 0.2502],
        [0.2500, 0.2500, 0.2500, 0.2500],
        [0.2498, 0.2501, 0.2501, 0.2501],
        [0.2490, 0.2505, 0.2503, 0.2502],
        [0.2496, 0.2503, 0.2501, 0.2500],
        [0.2500, 0.2501, 0.2500, 0.2499],
        [0.2493, 0.2503, 0.2502, 0.2502],
        [0.2499, 0.2499, 0.2502, 0.2501],
        [0.2497, 0.2506, 0.2499, 0.2498],
        [0.2508, 0.2500, 0.2497, 0.2495]], device='cuda:1')
fea_node_to_hop attention:tensor([[0.3304, 0.3351, 0.3345],
        [0.3326, 0.3337, 0.3338],
        [0.3307, 0.3340, 0.3353],
        [0.3319, 0.3333, 0.3347],
        [0.3334, 0.3332, 0.3334],
        [0.3321, 0.3333, 0.3346],
        [0.3280, 0.3349, 0.3370],
        [0.3309, 0.3343, 0.3348],
        [0.3308, 0.3338, 0.3353],
        [0.3313, 0.3336, 0.3351],
        [0.3324, 0.3337, 0.3339],
        [0.3303, 0.3338, 0.3360],
        [0.3327, 0.3335, 0.3338],
        [0.3314, 0.3335, 0.3351],
        [0.3283, 0.3355, 0.3362],
        [0.3305, 0.3344, 0.3351],
        [0.3296, 0.3348, 0.3357],
        [0.3317, 0.3341, 0.3342],
        [0.3334, 0.3335, 0.3332],
        [0.3317, 0.3334, 0.3349],
        [0.3333, 0.3334, 0.3334],
        [0.3328, 0.3329, 0.3343],
        [0.3316, 0.3336, 0.3348],
        [0.3320, 0.3341, 0.3339],
        [0.3325, 0.3337, 0.3338],
        [0.3291, 0.3348, 0.3361],
        [0.3315, 0.3334, 0.3351],
        [0.3307, 0.3338, 0.3355],
        [0.3300, 0.3343, 0.3357],
        [0.3314, 0.3337, 0.3349],
        [0.3308, 0.3343, 0.3349],
        [0.3303, 0.3342, 0.3355],
        [0.3312, 0.3337, 0.3351],
        [0.3297, 0.3344, 0.3359],
        [0.3317, 0.3341, 0.3342],
        [0.3322, 0.3335, 0.3343],
        [0.3302, 0.3343, 0.3355],
        [0.3324, 0.3335, 0.3342],
        [0.3298, 0.3344, 0.3358],
        [0.3306, 0.3346, 0.3348],
        [0.3319, 0.3333, 0.3348],
        [0.3308, 0.3344, 0.3348],
        [0.3300, 0.3343, 0.3356],
        [0.3329, 0.3336, 0.3335],
        [0.3339, 0.3328, 0.3333],
        [0.3140, 0.3649, 0.3211],
        [0.3321, 0.3337, 0.3342],
        [0.3292, 0.3350, 0.3358],
        [0.3312, 0.3340, 0.3349],
        [0.3329, 0.3335, 0.3337],
        [0.3324, 0.3336, 0.3339],
        [0.3322, 0.3335, 0.3343],
        [0.3334, 0.3333, 0.3333],
        [0.3287, 0.3351, 0.3362],
        [0.3330, 0.3326, 0.3344],
        [0.3310, 0.3344, 0.3347],
        [0.3315, 0.3343, 0.3342],
        [0.3277, 0.3357, 0.3366],
        [0.3332, 0.3323, 0.3345],
        [0.3330, 0.3317, 0.3353],
        [0.3296, 0.3349, 0.3355],
        [0.3315, 0.3334, 0.3351],
        [0.3305, 0.3344, 0.3351],
        [0.3323, 0.3336, 0.3341],
        [0.3329, 0.3335, 0.3336],
        [0.3284, 0.3360, 0.3356],
        [0.3316, 0.3338, 0.3345],
        [0.3328, 0.3335, 0.3337],
        [0.3310, 0.3345, 0.3345],
        [0.3313, 0.3339, 0.3348],
        [0.3305, 0.3343, 0.3352],
        [0.3319, 0.3340, 0.3341],
        [0.3313, 0.3339, 0.3348],
        [0.3306, 0.3342, 0.3352],
        [0.3338, 0.3329, 0.3333],
        [0.3295, 0.3350, 0.3355],
        [0.3305, 0.3342, 0.3354],
        [0.3301, 0.3344, 0.3355],
        [0.3326, 0.3324, 0.3350],
        [0.3326, 0.3338, 0.3336],
        [0.3313, 0.3346, 0.3342],
        [0.3303, 0.3347, 0.3350],
        [0.3317, 0.3329, 0.3354],
        [0.3327, 0.3335, 0.3338],
        [0.3297, 0.3341, 0.3361],
        [0.3323, 0.3331, 0.3346],
        [0.3325, 0.3340, 0.3335],
        [0.3300, 0.3347, 0.3353],
        [0.3324, 0.3336, 0.3340],
        [0.3304, 0.3341, 0.3355],
        [0.3294, 0.3351, 0.3355],
        [0.3334, 0.3333, 0.3334],
        [0.3322, 0.3337, 0.3341],
        [0.3301, 0.3352, 0.3346],
        [0.3321, 0.3335, 0.3344],
        [0.3322, 0.3336, 0.3342],
        [0.3335, 0.3330, 0.3335],
        [0.3313, 0.3340, 0.3347],
        [0.3308, 0.3344, 0.3348],
        [0.3323, 0.3337, 0.3340]], device='cuda:1')
perception attention:tensor([0.5000, 0.5000], device='cuda:1')
Test set results: loss= 0.3366 accuracy= 0.9050 F1_score= 0.8999
