# epoch	loss_train	acc_train	loss_val	acc_val	time	acc_test	f1_test
0001	1.8040	0.1667	1.6870	0.4120	0.1196s	1.6766	0.4240	0.3169
0
0002	1.6969	0.4083	1.5335	0.4920	0.1221s	1.5080	0.5090	0.3719
0
0003	1.5240	0.4750	1.3598	0.5640	0.1047s	1.3322	0.6010	0.5009
0
0004	1.3332	0.6500	1.1685	0.7340	0.1220s	1.1461	0.7360	0.7128
0
0005	1.1320	0.7417	0.9944	0.8200	0.1221s	0.9765	0.8360	0.8263
0
0006	0.9624	0.8167	0.8519	0.8680	0.1221s	0.8392	0.8660	0.8587
0
0007	0.8154	0.8167	0.7333	0.8760	0.1220s	0.7230	0.8700	0.8650
0
0008	0.6650	0.9083	0.6335	0.8780	0.1218s	0.6185	0.8850	0.8790
0
0009	0.5882	0.8750	0.5605	0.8780	0.1250s	0.5381	0.8870	0.8812
0
0010	0.5094	0.9083	0.5080	0.8820	0.1225s	0.4831	0.8910	0.8851
0
0011	0.4613	0.9250	0.4661	0.8900	0.1221s	0.4413	0.8900	0.8832
0
0012	0.4167	0.9083	0.4400	0.8880	0.1222s	0.4147	0.8910	0.8847
0
0013	0.3511	0.9333	0.4232	0.8900	0.1221s	0.3943	0.8880	0.8820
0
0014	0.3163	0.9250	0.4109	0.8920	0.1227s	0.3776	0.8950	0.8887
0
0015	0.3173	0.9500	0.4061	0.8920	0.1223s	0.3697	0.8900	0.8841
0
0016	0.2805	0.9583	0.4038	0.8900	0.1223s	0.3659	0.8920	0.8862
0
0017	0.2656	0.9250	0.4075	0.8880	0.1225s	0.3682	0.8910	0.8848
0
0018	0.2389	0.9583	0.4064	0.8900	0.1229s	0.3656	0.8940	0.8885
1
0019	0.2403	0.9833	0.4062	0.8860	0.1221s	0.3641	0.8920	0.8863
2
0020	0.2043	0.9500	0.4045	0.8880	0.1221s	0.3608	0.8920	0.8860
3
0021	0.2003	0.9833	0.4012	0.8940	0.1223s	0.3563	0.8950	0.8893
4
0022	0.2145	0.9583	0.4024	0.8920	0.1226s	0.3567	0.8930	0.8871
0
0023	0.1738	0.9917	0.4062	0.8920	0.1219s	0.3605	0.8920	0.8862
1
0024	0.1818	0.9583	0.4123	0.8900	0.1220s	0.3661	0.8900	0.8840
2
0025	0.1899	0.9667	0.4182	0.8900	0.1221s	0.3730	0.8910	0.8852
3
0026	0.1817	0.9917	0.4230	0.8820	0.1222s	0.3778	0.8910	0.8848
4
0027	0.1707	0.9833	0.4275	0.8800	0.1223s	0.3833	0.8900	0.8832
5
0028	0.1625	0.9833	0.4288	0.8840	0.1218s	0.3855	0.8920	0.8851
6
0029	0.1510	0.9833	0.4292	0.8840	0.1221s	0.3863	0.8910	0.8835
7
0030	0.1768	0.9833	0.4263	0.8840	0.1225s	0.3845	0.8870	0.8798
8
0031	0.1699	0.9833	0.4217	0.8800	0.1223s	0.3823	0.8900	0.8834
9
0032	0.1616	0.9917	0.4165	0.8880	0.1222s	0.3794	0.8920	0.8859
10
0033	0.1562	0.9417	0.4174	0.8800	0.1229s	0.3825	0.8910	0.8848
11
0034	0.1677	0.9917	0.4197	0.8760	0.1233s	0.3863	0.8930	0.8868
12
0035	0.1762	0.9833	0.4225	0.8760	0.1220s	0.3901	0.8890	0.8822
13
0036	0.1553	1.0000	0.4204	0.8760	0.1048s	0.3898	0.8910	0.8842
14
0037	0.1646	0.9833	0.4211	0.8840	0.1222s	0.3906	0.8890	0.8816
15
0038	0.1634	0.9833	0.4183	0.8860	0.1224s	0.3862	0.8890	0.8818
16
0039	0.1518	0.9750	0.4166	0.8840	0.1221s	0.3828	0.8880	0.8805
17
0040	0.1509	0.9583	0.4103	0.8860	0.1050s	0.3753	0.8880	0.8811
18
0041	0.1572	0.9917	0.4066	0.8880	0.1219s	0.3712	0.8880	0.8810
19
0042	0.1651	0.9917	0.4066	0.8880	0.1216s	0.3721	0.8920	0.8850
20
0043	0.1606	0.9833	0.4085	0.8860	0.1126s	0.3755	0.8950	0.8884
21
0044	0.1502	0.9833	0.4121	0.8800	0.1196s	0.3812	0.8930	0.8859
22
0045	0.1841	0.9250	0.4135	0.8820	0.1224s	0.3847	0.8910	0.8838
23
0046	0.1541	0.9917	0.4114	0.8820	0.1222s	0.3833	0.8890	0.8820
24
0047	0.1571	0.9667	0.4050	0.8840	0.1225s	0.3760	0.8940	0.8870
25
0048	0.1595	0.9917	0.4010	0.8840	0.1207s	0.3698	0.8880	0.8810
26
0049	0.1730	0.9583	0.3985	0.8860	0.1221s	0.3647	0.8920	0.8855
0
0050	0.1709	0.9833	0.3963	0.8900	0.1220s	0.3603	0.8960	0.8899
0
0051	0.1519	1.0000	0.3930	0.8920	0.1223s	0.3571	0.8960	0.8900
0
0052	0.1620	0.9583	0.3895	0.8900	0.1221s	0.3548	0.8970	0.8911
0
0053	0.1545	0.9833	0.3900	0.8920	0.1221s	0.3561	0.9010	0.8950
0
0054	0.1740	0.9750	0.3937	0.8900	0.1217s	0.3609	0.8980	0.8910
1
0055	0.1570	0.9833	0.3991	0.8880	0.1225s	0.3658	0.8940	0.8867
2
0056	0.1606	0.9833	0.4001	0.8860	0.1222s	0.3671	0.8940	0.8869
3
0057	0.1305	0.9833	0.4027	0.8820	0.1220s	0.3689	0.8940	0.8870
4
0058	0.1502	0.9750	0.3999	0.8840	0.1220s	0.3658	0.8940	0.8873
5
0059	0.1718	0.9583	0.3956	0.8860	0.1221s	0.3615	0.8920	0.8852
6
0060	0.1458	1.0000	0.3904	0.8840	0.1225s	0.3554	0.8910	0.8847
7
0061	0.1663	0.9833	0.3833	0.8900	0.1222s	0.3482	0.8970	0.8916
8
0062	0.1612	0.9833	0.3766	0.9100	0.1222s	0.3434	0.8980	0.8925
0
0063	0.1667	0.9833	0.3781	0.9060	0.1219s	0.3479	0.9020	0.8968
0
0064	0.1427	0.9833	0.3833	0.8900	0.1246s	0.3552	0.9030	0.8979
1
0065	0.1574	0.9833	0.3848	0.8900	0.1225s	0.3579	0.9040	0.8986
2
0066	0.1696	0.9667	0.3823	0.8940	0.1219s	0.3563	0.9060	0.9006
3
0067	0.1440	0.9917	0.3839	0.8940	0.1221s	0.3585	0.9010	0.8947
4
0068	0.1429	0.9583	0.3861	0.8880	0.1223s	0.3606	0.8960	0.8897
5
0069	0.1420	0.9917	0.3872	0.8880	0.1220s	0.3617	0.8960	0.8898
6
0070	0.1634	0.9917	0.3854	0.8880	0.1226s	0.3599	0.8970	0.8908
7
0071	0.1469	0.9917	0.3776	0.8840	0.1222s	0.3513	0.8990	0.8931
8
0072	0.1526	0.9750	0.3720	0.9000	0.1219s	0.3462	0.9040	0.8989
9
0073	0.1792	0.9333	0.3728	0.8980	0.1224s	0.3498	0.9050	0.9009
0
0074	0.1386	1.0000	0.3768	0.8920	0.1047s	0.3562	0.9020	0.8977
1
0075	0.1661	0.9750	0.3785	0.8900	0.1198s	0.3584	0.9020	0.8974
2
0076	0.1678	0.9667	0.3797	0.8900	0.1210s	0.3581	0.9020	0.8963
3
0077	0.1611	0.9750	0.3770	0.8940	0.1221s	0.3546	0.9050	0.8995
4
0078	0.1545	0.9833	0.3746	0.8980	0.1232s	0.3514	0.9030	0.8976
5
0079	0.1416	0.9583	0.3725	0.9020	0.1220s	0.3491	0.9040	0.8986
6
0080	0.1437	0.9917	0.3683	0.9060	0.1224s	0.3455	0.9010	0.8953
7
0081	0.1425	0.9833	0.3637	0.9120	0.1224s	0.3431	0.9030	0.8977
0
0082	0.1238	1.0000	0.3622	0.9120	0.1221s	0.3443	0.9060	0.9009
0
0083	0.1584	0.9667	0.3648	0.9080	0.1231s	0.3496	0.9090	0.9044
0
0084	0.1376	1.0000	0.3694	0.9020	0.1222s	0.3551	0.9040	0.8994
1
0085	0.1815	0.9750	0.3738	0.9040	0.1222s	0.3582	0.9050	0.9002
2
0086	0.1449	0.9750	0.3743	0.9020	0.1220s	0.3570	0.9040	0.8990
3
0087	0.1588	0.9917	0.3710	0.9040	0.1224s	0.3533	0.9070	0.9023
4
0088	0.1414	0.9917	0.3662	0.9060	0.1217s	0.3496	0.9070	0.9018
5
0089	0.1407	0.9917	0.3655	0.9060	0.1223s	0.3504	0.9070	0.9015
6
0090	0.1559	0.9667	0.3662	0.9020	0.1224s	0.3526	0.9080	0.9027
7
0091	0.1373	0.9750	0.3703	0.9020	0.1224s	0.3574	0.9020	0.8962
8
0092	0.1582	0.9750	0.3748	0.9000	0.1218s	0.3620	0.8980	0.8923
9
0093	0.1443	0.9833	0.3790	0.9000	0.1217s	0.3643	0.8960	0.8901
10
0094	0.1528	0.9917	0.3780	0.9020	0.1219s	0.3618	0.8960	0.8899
11
0095	0.1409	0.9667	0.3763	0.9000	0.1221s	0.3571	0.8980	0.8924
12
0096	0.1515	0.9667	0.3744	0.9020	0.1222s	0.3535	0.9010	0.8959
13
0097	0.1435	0.9667	0.3736	0.9020	0.1219s	0.3521	0.9060	0.9011
14
0098	0.1672	0.9917	0.3707	0.9020	0.1222s	0.3506	0.9070	0.9018
15
0099	0.1462	0.9667	0.3675	0.9000	0.1230s	0.3485	0.9070	0.9020
16
0100	0.1300	0.9750	0.3631	0.9040	0.1221s	0.3446	0.9080	0.9028
17
0101	0.1463	0.9750	0.3629	0.9060	0.1220s	0.3436	0.9050	0.9000
18
0102	0.1387	0.9833	0.3641	0.9060	0.1215s	0.3441	0.9010	0.8959
19
0103	0.1545	0.9833	0.3653	0.9060	0.1223s	0.3435	0.9020	0.8969
20
0104	0.1232	0.9750	0.3687	0.9080	0.1222s	0.3459	0.9040	0.8989
21
0105	0.1220	1.0000	0.3763	0.9000	0.1220s	0.3504	0.9030	0.8974
22
0106	0.1458	0.9833	0.3871	0.8960	0.1215s	0.3584	0.9020	0.8961
23
0107	0.1299	0.9750	0.3961	0.8960	0.1220s	0.3660	0.9010	0.8944
24
0108	0.1409	0.9750	0.4030	0.8900	0.1047s	0.3711	0.8970	0.8898
25
0109	0.1486	0.9917	0.4006	0.8920	0.1219s	0.3691	0.8980	0.8908
26
0110	0.1334	0.9833	0.3973	0.8900	0.1224s	0.3649	0.8960	0.8888
27
0111	0.1739	0.9667	0.3918	0.8900	0.1223s	0.3605	0.8970	0.8905
28
0112	0.1413	0.9917	0.3862	0.8940	0.1221s	0.3549	0.9000	0.8935
29
0113	0.1368	0.9750	0.3811	0.9000	0.1223s	0.3466	0.9020	0.8962
30
0114	0.1395	1.0000	0.3774	0.9020	0.1223s	0.3403	0.9060	0.9010
31
0115	0.1441	0.9667	0.3715	0.9040	0.1220s	0.3373	0.9070	0.9022
32
0116	0.1350	0.9833	0.3731	0.8980	0.1220s	0.3432	0.9080	0.9034
33
0117	0.1209	0.9833	0.3810	0.8920	0.1221s	0.3532	0.9040	0.8982
34
0118	0.1498	0.9833	0.3960	0.8880	0.1215s	0.3679	0.8990	0.8921
35
0119	0.1251	1.0000	0.4051	0.8880	0.1225s	0.3740	0.8980	0.8909
36
0120	0.1244	0.9917	0.4058	0.8840	0.1228s	0.3713	0.8970	0.8898
37
0121	0.1497	0.9917	0.4006	0.8860	0.1224s	0.3638	0.8940	0.8867
38
0122	0.1575	0.9750	0.3935	0.8920	0.1225s	0.3577	0.8980	0.8914
39
0123	0.1307	0.9750	0.3874	0.8940	0.1224s	0.3532	0.9000	0.8938
40
0124	0.1425	0.9833	0.3852	0.8960	0.1217s	0.3505	0.9000	0.8941
41
0125	0.1210	0.9917	0.3868	0.8960	0.1221s	0.3531	0.9000	0.8942
42
0126	0.1286	0.9750	0.3891	0.8960	0.1223s	0.3558	0.8990	0.8927
43
0127	0.1218	0.9833	0.3946	0.8920	0.1225s	0.3602	0.9020	0.8958
44
0128	0.1494	0.9667	0.4065	0.8920	0.1219s	0.3707	0.9000	0.8934
45
0129	0.1411	0.9750	0.4156	0.8820	0.1219s	0.3783	0.8980	0.8906
46
0130	0.1447	0.9667	0.4132	0.8820	0.1224s	0.3761	0.9010	0.8945
47
0131	0.1514	0.9917	0.4073	0.8880	0.1215s	0.3706	0.9040	0.8976
48
0132	0.1308	0.9917	0.3948	0.8960	0.1224s	0.3575	0.9020	0.8958
49
0133	0.1441	0.9917	0.3860	0.9000	0.1223s	0.3498	0.9040	0.8983
50
0134	0.1544	0.9917	0.3826	0.9000	0.1225s	0.3483	0.9080	0.9027
51
0135	0.1462	0.9917	0.3821	0.9000	0.1048s	0.3506	0.9040	0.8988
52
0136	0.1421	0.9917	0.3868	0.9000	0.1218s	0.3583	0.8980	0.8916
53
0137	0.1498	0.9917	0.3899	0.9000	0.1223s	0.3620	0.8970	0.8909
54
0138	0.1375	0.9917	0.3911	0.9000	0.1225s	0.3617	0.8960	0.8896
55
0139	0.1491	0.9833	0.3898	0.8980	0.1223s	0.3575	0.9060	0.8998
56
0140	0.1232	0.9833	0.3888	0.8980	0.1233s	0.3529	0.9080	0.9017
57
0141	0.1369	0.9917	0.3894	0.9000	0.1222s	0.3509	0.9050	0.8982
58
0142	0.1499	0.9667	0.3935	0.8960	0.1206s	0.3533	0.9010	0.8940
59
0143	0.1344	0.9750	0.3936	0.8980	0.1222s	0.3529	0.9010	0.8946
60
0144	0.1372	0.9667	0.3960	0.8980	0.1216s	0.3562	0.8950	0.8882
61
0145	0.1321	0.9750	0.4011	0.8960	0.1226s	0.3634	0.8950	0.8883
62
0146	0.1383	0.9917	0.4014	0.8900	0.1223s	0.3653	0.8940	0.8874
63
0147	0.1649	0.9750	0.4005	0.8860	0.1221s	0.3664	0.8950	0.8884
64
0148	0.1587	0.9750	0.3969	0.8860	0.1199s	0.3635	0.9010	0.8947
65
0149	0.1344	1.0000	0.3954	0.8920	0.1045s	0.3601	0.9040	0.8974
66
0150	0.1184	0.9750	0.3932	0.8960	0.1222s	0.3572	0.9040	0.8974
67
0151	0.1378	0.9833	0.3887	0.8980	0.1209s	0.3522	0.9090	0.9034
68
0152	0.1472	0.9750	0.3841	0.8980	0.1045s	0.3488	0.9060	0.9005
69
0153	0.1605	0.9750	0.3797	0.9000	0.1224s	0.3451	0.9050	0.8998
70
0154	0.1361	0.9833	0.3813	0.9020	0.1220s	0.3486	0.9070	0.9016
71
0155	0.1288	0.9750	0.3883	0.8960	0.1221s	0.3568	0.8990	0.8931
72
0156	0.1364	0.9750	0.3981	0.8880	0.1222s	0.3679	0.8910	0.8848
73
0157	0.1639	0.9833	0.4154	0.8780	0.1222s	0.3850	0.8850	0.8787
74
0158	0.1463	0.9667	0.4263	0.8780	0.1219s	0.3935	0.8840	0.8774
75
0159	0.1533	0.9417	0.4181	0.8760	0.1238s	0.3830	0.8870	0.8810
76
0160	0.1235	0.9917	0.4032	0.8880	0.1218s	0.3654	0.8980	0.8917
77
0161	0.1281	1.0000	0.3933	0.8960	0.1221s	0.3536	0.9060	0.9005
78
0162	0.1254	0.9833	0.3852	0.9020	0.1216s	0.3440	0.9090	0.9035
79
0163	0.1211	0.9833	0.3817	0.9060	0.1207s	0.3394	0.9100	0.9052
80
0164	0.1224	0.9667	0.3822	0.9080	0.1221s	0.3407	0.9100	0.9050
81
0165	0.1237	0.9833	0.3850	0.9060	0.1212s	0.3459	0.9080	0.9025
82
0166	0.1364	0.9750	0.3945	0.8940	0.1229s	0.3574	0.9030	0.8969
83
0167	0.1406	0.9833	0.4062	0.8900	0.1047s	0.3715	0.9000	0.8934
84
0168	0.1479	0.9833	0.4126	0.8840	0.1223s	0.3793	0.8970	0.8903
85
0169	0.1361	0.9833	0.4125	0.8820	0.1217s	0.3796	0.8940	0.8873
86
0170	0.1311	0.9833	0.4054	0.8860	0.1219s	0.3715	0.8940	0.8879
87
0171	0.1475	0.9750	0.3870	0.9000	0.1229s	0.3510	0.9060	0.9007
88
0172	0.1378	0.9917	0.3795	0.9040	0.1222s	0.3408	0.9090	0.9038
89
0173	0.1175	0.9833	0.3763	0.9040	0.1221s	0.3346	0.9110	0.9061
90
0174	0.1572	0.9750	0.3806	0.9040	0.1217s	0.3378	0.9110	0.9058
91
0175	0.1410	1.0000	0.3884	0.9020	0.1221s	0.3453	0.9080	0.9023
92
0176	0.1487	0.9833	0.3997	0.8980	0.1217s	0.3579	0.9090	0.9029
93
0177	0.1082	1.0000	0.4164	0.8880	0.1219s	0.3753	0.9000	0.8927
94
0178	0.1255	0.9750	0.4278	0.8840	0.1237s	0.3879	0.8970	0.8896
95
0179	0.1508	0.9667	0.4265	0.8820	0.1220s	0.3878	0.8950	0.8877
96
0180	0.1315	0.9917	0.4127	0.8840	0.1220s	0.3763	0.8950	0.8879
97
0181	0.1380	0.9833	0.3936	0.9000	0.1042s	0.3581	0.8990	0.8932
98
0182	0.1332	0.9667	0.3857	0.9000	0.1220s	0.3479	0.9010	0.8954
99
0183	0.1379	0.9750	0.3854	0.8980	0.1219s	0.3445	0.9070	0.9020
100
0184	0.1579	0.9750	0.3875	0.9020	0.1224s	0.3450	0.9070	0.9019
101
0185	0.1231	0.9917	0.3907	0.9000	0.1221s	0.3476	0.9060	0.9003
102
0186	0.1425	0.9583	0.3966	0.8960	0.1216s	0.3549	0.9030	0.8968
103
0187	0.1629	0.9750	0.4054	0.8940	0.1109s	0.3659	0.9030	0.8966
104
0188	0.1341	0.9750	0.4077	0.8880	0.1044s	0.3701	0.9010	0.8950
105
0189	0.1308	0.9917	0.4021	0.8900	0.1188s	0.3665	0.9010	0.8952
106
0190	0.1361	0.9500	0.3911	0.9000	0.1055s	0.3568	0.9050	0.8994
107
0191	0.1324	0.9833	0.3822	0.9060	0.1213s	0.3458	0.9100	0.9048
108
0192	0.1345	0.9750	0.3767	0.9100	0.1225s	0.3376	0.9110	0.9062
109
0193	0.1305	0.9583	0.3776	0.9120	0.1223s	0.3365	0.9130	0.9081
110
0194	0.1443	0.9917	0.3803	0.9100	0.1224s	0.3394	0.9110	0.9058
0
0195	0.1560	0.9750	0.3855	0.9040	0.1220s	0.3441	0.9080	0.9026
1
0196	0.1265	1.0000	0.3888	0.9000	0.1218s	0.3464	0.9070	0.9017
2
0197	0.1553	0.9667	0.3925	0.9020	0.1216s	0.3504	0.9070	0.9017
3
0198	0.1202	0.9750	0.3998	0.8940	0.1229s	0.3583	0.9030	0.8974
4
0199	0.1351	0.9917	0.4030	0.8940	0.1219s	0.3622	0.9010	0.8953
5
0200	0.1732	0.9917	0.4007	0.8940	0.1217s	0.3597	0.9030	0.8972
6
0201	0.1480	0.9833	0.3899	0.9040	0.1220s	0.3494	0.9020	0.8965
7
0202	0.1228	0.9917	0.3823	0.9040	0.1217s	0.3412	0.9070	0.9017
8
0203	0.1311	0.9917	0.3799	0.8960	0.1224s	0.3375	0.9050	0.8995
9
0204	0.1435	0.9833	0.3824	0.8920	0.1219s	0.3399	0.9050	0.8996
10
0205	0.1364	0.9750	0.3837	0.8980	0.1221s	0.3432	0.9050	0.8995
11
0206	0.1229	1.0000	0.3807	0.9000	0.1223s	0.3431	0.9050	0.8995
12
0207	0.1192	0.9833	0.3777	0.9040	0.1219s	0.3440	0.9080	0.9026
13
0208	0.1434	0.9833	0.3784	0.9080	0.1223s	0.3484	0.9060	0.9005
14
0209	0.1431	0.9833	0.3809	0.9020	0.1223s	0.3536	0.9060	0.9005
15
0210	0.1106	0.9583	0.3840	0.8960	0.1224s	0.3593	0.9050	0.8994
16
0211	0.1385	0.9833	0.3806	0.9000	0.1221s	0.3583	0.9040	0.8984
17
0212	0.1617	0.9667	0.3781	0.9020	0.1050s	0.3559	0.9040	0.8986
18
0213	0.1548	0.9667	0.3758	0.8980	0.1222s	0.3531	0.9030	0.8975
19
0214	0.1185	0.9833	0.3732	0.9000	0.1220s	0.3498	0.9030	0.8976
20
0215	0.1220	1.0000	0.3741	0.9020	0.1223s	0.3506	0.9040	0.8987
21
0216	0.1450	0.9833	0.3753	0.8940	0.1222s	0.3511	0.9060	0.9008
22
0217	0.1327	0.9667	0.3765	0.8940	0.1230s	0.3531	0.9070	0.9020
23
0218	0.1356	0.9917	0.3768	0.8980	0.1222s	0.3544	0.9080	0.9028
24
0219	0.1321	0.9667	0.3790	0.8980	0.1224s	0.3572	0.9040	0.8982
25
0220	0.1359	0.9750	0.3860	0.8880	0.1221s	0.3641	0.9060	0.9005
26
0221	0.1464	0.9500	0.3896	0.8860	0.1225s	0.3658	0.9040	0.8985
27
0222	0.1296	0.9833	0.3911	0.8880	0.1218s	0.3657	0.9040	0.8985
28
0223	0.1362	0.9833	0.3836	0.8900	0.1220s	0.3563	0.9070	0.9018
29
0224	0.1344	0.9917	0.3735	0.8980	0.1221s	0.3448	0.9110	0.9061
30
0225	0.1317	0.9917	0.3661	0.9040	0.1218s	0.3366	0.9110	0.9063
31
0226	0.1296	0.9583	0.3620	0.9060	0.1215s	0.3336	0.9150	0.9106
32
0227	0.1289	0.9750	0.3609	0.9060	0.1218s	0.3329	0.9140	0.9096
0
0228	0.1367	0.9833	0.3640	0.9060	0.1218s	0.3368	0.9130	0.9084
0
0229	0.1373	0.9917	0.3758	0.8940	0.1216s	0.3485	0.9070	0.9021
1
0230	0.1151	0.9833	0.3865	0.8880	0.1220s	0.3590	0.9060	0.9006
2
0231	0.1520	0.9917	0.3962	0.8920	0.1224s	0.3677	0.9040	0.8985
3
0232	0.1498	0.9500	0.3937	0.8920	0.1211s	0.3647	0.9050	0.8992
4
0233	0.1475	0.9500	0.3843	0.8940	0.1223s	0.3552	0.9070	0.9015
5
0234	0.1173	0.9917	0.3734	0.8960	0.1224s	0.3442	0.9080	0.9027
6
0235	0.1317	0.9750	0.3677	0.9040	0.1221s	0.3378	0.9110	0.9062
7
0236	0.1429	0.9750	0.3644	0.9040	0.1221s	0.3329	0.9120	0.9072
8
0237	0.1236	0.9833	0.3641	0.9020	0.1220s	0.3324	0.9110	0.9063
9
0238	0.1349	0.9750	0.3661	0.9100	0.1221s	0.3351	0.9120	0.9073
10
0239	0.1514	0.9583	0.3731	0.9000	0.1214s	0.3417	0.9120	0.9067
11
0240	0.1109	1.0000	0.3844	0.8980	0.1222s	0.3515	0.9110	0.9057
12
0241	0.1327	0.9583	0.3926	0.8980	0.1223s	0.3566	0.9070	0.9014
13
0242	0.1303	1.0000	0.3948	0.8980	0.1071s	0.3576	0.9080	0.9023
14
0243	0.1332	0.9750	0.3887	0.9000	0.1174s	0.3513	0.9100	0.9043
15
0244	0.1217	0.9833	0.3814	0.9000	0.1306s	0.3451	0.9120	0.9067
16
0245	0.1484	0.9750	0.3797	0.9020	0.1390s	0.3428	0.9080	0.9027
17
0246	0.1381	0.9917	0.3810	0.9000	0.1398s	0.3423	0.9080	0.9028
18
0247	0.1348	0.9750	0.3855	0.8960	0.1395s	0.3451	0.9040	0.8987
19
0248	0.1460	0.9917	0.3909	0.8940	0.1390s	0.3493	0.9040	0.8991
20
0249	0.1253	1.0000	0.3921	0.8900	0.1221s	0.3504	0.9040	0.8989
21
0250	0.1391	0.9667	0.3932	0.8900	0.1225s	0.3509	0.9070	0.9019
22
0251	0.1446	0.9667	0.3994	0.8940	0.1222s	0.3557	0.9060	0.9000
23
0252	0.1364	0.9917	0.4108	0.8960	0.1220s	0.3672	0.9030	0.8966
24
0253	0.1492	0.9667	0.4227	0.8900	0.1251s	0.3791	0.9050	0.8986
25
0254	0.1312	0.9833	0.4186	0.8920	0.1224s	0.3757	0.9060	0.8999
26
0255	0.1403	0.9833	0.4003	0.8960	0.1228s	0.3584	0.9040	0.8980
27
0256	0.1383	0.9583	0.3850	0.8920	0.1215s	0.3435	0.9100	0.9052
28
0257	0.1578	0.9833	0.3854	0.8920	0.1217s	0.3418	0.9050	0.9006
29
0258	0.1476	0.9833	0.3920	0.8900	0.1222s	0.3463	0.9020	0.8971
30
0259	0.1545	0.9500	0.3945	0.8840	0.1045s	0.3511	0.9020	0.8974
31
0260	0.1385	0.9417	0.3989	0.8840	0.1221s	0.3586	0.8990	0.8936
32
0261	0.1343	0.9917	0.4110	0.8900	0.1219s	0.3716	0.8990	0.8930
33
0262	0.1486	0.9750	0.4164	0.8860	0.1243s	0.3751	0.8970	0.8903
34
0263	0.1387	0.9667	0.4079	0.8920	0.1251s	0.3661	0.9020	0.8955
35
0264	0.1510	0.9750	0.3994	0.8940	0.1238s	0.3581	0.9050	0.8990
36
0265	0.1407	0.9583	0.3944	0.8980	0.1229s	0.3547	0.9130	0.9077
37
0266	0.1578	0.9917	0.3914	0.8980	0.1229s	0.3531	0.9130	0.9078
38
0267	0.1239	0.9833	0.3918	0.9000	0.1220s	0.3553	0.9060	0.9002
39
0268	0.1298	0.9833	0.3929	0.8940	0.1233s	0.3604	0.9030	0.8967
40
0269	0.1376	0.9833	0.3966	0.8920	0.1221s	0.3674	0.8990	0.8928
41
0270	0.1411	0.9917	0.3931	0.8900	0.1230s	0.3696	0.8970	0.8905
42
0271	0.1065	0.9833	0.3879	0.8900	0.1222s	0.3686	0.8960	0.8897
43
0272	0.1308	0.9750	0.3890	0.8900	0.1235s	0.3699	0.8950	0.8888
44
0273	0.1433	0.9750	0.3847	0.8960	0.1225s	0.3634	0.8970	0.8913
45
0274	0.1215	0.9750	0.3821	0.8960	0.1267s	0.3574	0.9020	0.8967
46
0275	0.1383	0.9833	0.3864	0.8920	0.1224s	0.3558	0.9020	0.8970
47
0276	0.1438	0.9667	0.3969	0.8980	0.1221s	0.3614	0.9030	0.8982
48
0277	0.1502	0.9917	0.4014	0.8940	0.1234s	0.3644	0.9020	0.8965
49
0278	0.1258	0.9750	0.4009	0.8940	0.1221s	0.3646	0.9000	0.8946
50
0279	0.1339	0.9750	0.3943	0.8900	0.1046s	0.3602	0.9020	0.8959
51
0280	0.1343	0.9917	0.3855	0.8960	0.1246s	0.3574	0.9030	0.8968
52
0281	0.1370	0.9667	0.3833	0.8940	0.1218s	0.3601	0.9030	0.8969
53
0282	0.1297	0.9917	0.3871	0.9000	0.1218s	0.3665	0.8980	0.8924
54
0283	0.1173	0.9833	0.3890	0.8960	0.1231s	0.3685	0.8940	0.8885
55
0284	0.1429	0.9833	0.3863	0.8960	0.1225s	0.3636	0.8950	0.8892
56
0285	0.1810	0.9333	0.3858	0.8940	0.1218s	0.3574	0.9010	0.8956
57
0286	0.1332	0.9667	0.3955	0.8960	0.1235s	0.3600	0.9040	0.8990
58
0287	0.1436	0.9833	0.4037	0.9000	0.1227s	0.3634	0.8980	0.8924
59
0288	0.1339	1.0000	0.4038	0.8980	0.1221s	0.3647	0.9040	0.8985
60
0289	0.1301	0.9583	0.4022	0.8920	0.1242s	0.3680	0.9030	0.8977
61
0290	0.1400	0.9667	0.4000	0.8860	0.1222s	0.3714	0.8990	0.8928
62
0291	0.1287	0.9833	0.3983	0.8900	0.1223s	0.3745	0.9010	0.8949
63
0292	0.1223	0.9833	0.4024	0.8840	0.1218s	0.3816	0.9050	0.8988
64
0293	0.1330	0.9667	0.3950	0.8920	0.1229s	0.3748	0.9090	0.9032
65
0294	0.1151	0.9917	0.3882	0.8980	0.1228s	0.3675	0.9080	0.9025
66
0295	0.1556	0.9833	0.3821	0.8980	0.1221s	0.3606	0.9040	0.8988
67
0296	0.1179	0.9833	0.3793	0.8980	0.1220s	0.3558	0.9040	0.8988
68
0297	0.1164	0.9917	0.3840	0.8900	0.1218s	0.3572	0.9030	0.8981
69
0298	0.1260	1.0000	0.3892	0.8900	0.1217s	0.3590	0.9030	0.8981
70
0299	0.1273	0.9917	0.3932	0.8940	0.1225s	0.3618	0.9030	0.8978
71
0300	0.1410	0.9833	0.3891	0.8980	0.1225s	0.3606	0.9070	0.9019
72
0301	0.1375	0.9500	0.3892	0.9020	0.1221s	0.3654	0.9070	0.9017
73
0302	0.1157	0.9833	0.3926	0.9020	0.1232s	0.3731	0.9030	0.8971
74
0303	0.1245	0.9833	0.4056	0.8920	0.1214s	0.3868	0.9010	0.8949
75
0304	0.1546	0.9750	0.4103	0.8840	0.1217s	0.3916	0.9020	0.8960
76
0305	0.1363	0.9750	0.4028	0.8900	0.1235s	0.3837	0.9010	0.8949
77
0306	0.1446	0.9833	0.3947	0.8980	0.1223s	0.3756	0.9010	0.8948
78
0307	0.1314	0.9667	0.3891	0.8980	0.1226s	0.3675	0.9050	0.8994
79
0308	0.1588	0.9750	0.3925	0.8920	0.1235s	0.3663	0.9000	0.8942
80
0309	0.1420	1.0000	0.4006	0.8940	0.1221s	0.3699	0.9010	0.8952
81
0310	0.1302	0.9750	0.4033	0.8960	0.1225s	0.3718	0.9010	0.8953
82
0311	0.1523	0.9750	0.4075	0.8980	0.1266s	0.3755	0.9010	0.8952
83
0312	0.1407	0.9833	0.4005	0.8960	0.1224s	0.3699	0.8990	0.8931
84
0313	0.1601	0.9667	0.3904	0.8980	0.1220s	0.3629	0.9020	0.8963
85
0314	0.1336	0.9750	0.3828	0.9020	0.1225s	0.3582	0.9010	0.8953
86
0315	0.1388	0.9750	0.3805	0.9040	0.1225s	0.3574	0.9020	0.8968
87
0316	0.1279	0.9417	0.3790	0.9040	0.1224s	0.3556	0.9040	0.8992
88
0317	0.1277	0.9833	0.3776	0.9060	0.1222s	0.3535	0.9070	0.9022
89
0318	0.1274	0.9750	0.3798	0.9020	0.1219s	0.3536	0.9050	0.8998
90
0319	0.1203	0.9750	0.3919	0.8980	0.1221s	0.3625	0.9000	0.8947
91
0320	0.1207	0.9750	0.4057	0.8900	0.1226s	0.3740	0.8960	0.8906
92
0321	0.1164	0.9833	0.4091	0.8900	0.1220s	0.3770	0.8950	0.8893
93
0322	0.1415	0.9667	0.4021	0.8960	0.1218s	0.3701	0.9010	0.8957
94
0323	0.1225	0.9833	0.3927	0.8980	0.1226s	0.3620	0.9000	0.8945
95
0324	0.1189	0.9750	0.3828	0.9020	0.1222s	0.3548	0.9050	0.8997
96
0325	0.1158	1.0000	0.3786	0.9080	0.1220s	0.3532	0.9100	0.9053
97
0326	0.1334	0.9833	0.3757	0.9080	0.1217s	0.3529	0.9120	0.9076
98
0327	0.1432	0.9583	0.3757	0.9080	0.1223s	0.3545	0.9070	0.9023
99
0328	0.1291	0.9833	0.3760	0.9060	0.1226s	0.3560	0.9040	0.8990
100
0329	0.1495	0.9667	0.3815	0.9000	0.1219s	0.3617	0.9040	0.8986
101
0330	0.1275	0.9750	0.3896	0.9000	0.1221s	0.3701	0.9020	0.8967
102
0331	0.1201	0.9917	0.4022	0.8940	0.1218s	0.3833	0.8940	0.8884
103
0332	0.1227	0.9833	0.4098	0.8920	0.1215s	0.3933	0.8900	0.8842
104
0333	0.1344	0.9750	0.4089	0.8920	0.1219s	0.3943	0.8910	0.8853
105
0334	0.1245	1.0000	0.3977	0.9000	0.1257s	0.3851	0.8960	0.8899
106
0335	0.1521	0.9750	0.3907	0.8980	0.1053s	0.3793	0.8980	0.8917
107
0336	0.1353	0.9833	0.3845	0.8980	0.1222s	0.3737	0.9010	0.8948
108
0337	0.1332	0.9833	0.3786	0.9040	0.1220s	0.3676	0.9030	0.8974
109
0338	0.1246	1.0000	0.3750	0.9020	0.1217s	0.3626	0.9060	0.9011
110
0339	0.1354	0.9667	0.3759	0.9040	0.1235s	0.3627	0.9070	0.9024
111
0340	0.1459	0.9667	0.3822	0.8960	0.1218s	0.3672	0.9050	0.9001
112
0341	0.1194	0.9583	0.3912	0.8960	0.1218s	0.3769	0.9000	0.8942
113
0342	0.1278	0.9833	0.4055	0.8940	0.1219s	0.3925	0.8940	0.8879
114
0343	0.1564	0.9917	0.4144	0.8860	0.1223s	0.4038	0.8910	0.8850
115
0344	0.1375	0.9583	0.4135	0.8840	0.1239s	0.4058	0.8920	0.8859
116
0345	0.1259	1.0000	0.4015	0.8840	0.1254s	0.3957	0.8950	0.8892
117
0346	0.1358	0.9750	0.3915	0.8960	0.1225s	0.3845	0.9040	0.8982
118
0347	0.1328	0.9833	0.3827	0.9040	0.1221s	0.3721	0.9110	0.9058
119
0348	0.1337	0.9833	0.3816	0.9020	0.1048s	0.3672	0.9120	0.9073
120
0349	0.1222	0.9667	0.3820	0.9020	0.1235s	0.3649	0.9110	0.9064
121
0350	0.1512	0.9833	0.3803	0.9000	0.1226s	0.3641	0.9110	0.9064
122
0351	0.1390	0.9750	0.3828	0.8960	0.1222s	0.3709	0.9100	0.9050
123
0352	0.1422	0.9833	0.3863	0.8940	0.1221s	0.3804	0.9020	0.8966
124
0353	0.1243	0.9750	0.3876	0.8920	0.1214s	0.3864	0.9010	0.8958
125
0354	0.1173	1.0000	0.3908	0.8900	0.1228s	0.3926	0.8970	0.8915
126
0355	0.1238	0.9750	0.3915	0.8880	0.1221s	0.3962	0.8930	0.8876
127
0356	0.1448	0.9667	0.3783	0.8920	0.1227s	0.3818	0.9030	0.8977
128
0357	0.1293	0.9583	0.3708	0.8980	0.1221s	0.3704	0.9080	0.9032
129
0358	0.1525	0.9833	0.3714	0.8980	0.1226s	0.3643	0.9120	0.9075
130
0359	0.1187	0.9917	0.3787	0.8940	0.1049s	0.3659	0.9100	0.9053
131
0360	0.1545	0.9833	0.3842	0.8920	0.1227s	0.3674	0.9100	0.9051
132
0361	0.1491	0.9917	0.3826	0.8900	0.1228s	0.3655	0.9110	0.9061
133
0362	0.1406	1.0000	0.3789	0.9000	0.1225s	0.3647	0.9100	0.9053
134
0363	0.1305	0.9750	0.3764	0.8960	0.1225s	0.3652	0.9030	0.8972
135
0364	0.1279	0.9833	0.3770	0.8940	0.1221s	0.3674	0.9070	0.9011
136
0365	0.1291	0.9833	0.3754	0.8920	0.1220s	0.3650	0.9070	0.9014
137
0366	0.1322	0.9750	0.3712	0.8980	0.1226s	0.3589	0.9070	0.9016
138
0367	0.1154	0.9750	0.3692	0.9020	0.1223s	0.3532	0.9090	0.9041
139
0368	0.1447	0.9917	0.3676	0.9060	0.1271s	0.3490	0.9110	0.9062
140
0369	0.1331	0.9833	0.3687	0.9040	0.1225s	0.3475	0.9120	0.9076
141
0370	0.1321	0.9917	0.3703	0.9000	0.1223s	0.3489	0.9080	0.9029
142
0371	0.1368	0.9667	0.3710	0.8980	0.1222s	0.3508	0.9040	0.8985
143
0372	0.1445	0.9917	0.3667	0.9040	0.1218s	0.3498	0.9080	0.9030
144
0373	0.1380	0.9917	0.3615	0.9080	0.1212s	0.3494	0.9100	0.9051
145
0374	0.1248	0.9917	0.3616	0.9020	0.1222s	0.3538	0.9080	0.9031
146
0375	0.1317	0.9833	0.3628	0.8980	0.1225s	0.3574	0.9040	0.8990
147
0376	0.1483	0.9667	0.3634	0.9020	0.1210s	0.3567	0.9090	0.9039
148
0377	0.1302	0.9917	0.3635	0.9060	0.1221s	0.3536	0.9130	0.9081
149
0378	0.1256	0.9917	0.3651	0.9060	0.1225s	0.3523	0.9090	0.9038
150
0379	0.1342	0.9833	0.3693	0.9020	0.1245s	0.3549	0.9050	0.8995
151
0380	0.1245	0.9917	0.3733	0.9000	0.1215s	0.3573	0.9020	0.8963
152
0381	0.1370	0.9917	0.3758	0.9040	0.1245s	0.3590	0.9020	0.8962
153
0382	0.1458	0.9750	0.3765	0.9040	0.1223s	0.3600	0.9030	0.8971
154
0383	0.1094	0.9750	0.3771	0.9000	0.1222s	0.3618	0.9050	0.8992
155
0384	0.1265	0.9833	0.3810	0.8980	0.1203s	0.3674	0.9000	0.8941
156
0385	0.1250	1.0000	0.3799	0.8940	0.1222s	0.3678	0.8990	0.8931
157
0386	0.1215	0.9917	0.3828	0.8960	0.1218s	0.3716	0.8990	0.8930
158
0387	0.1467	0.9500	0.3811	0.8940	0.1225s	0.3696	0.8990	0.8930
159
0388	0.1343	1.0000	0.3760	0.9020	0.1220s	0.3638	0.9020	0.8964
160
0389	0.1318	0.9750	0.3721	0.9060	0.1221s	0.3583	0.9070	0.9015
161
0390	0.1234	0.9833	0.3727	0.9100	0.1225s	0.3582	0.9100	0.9047
162
0391	0.1421	0.9917	0.3755	0.9000	0.1222s	0.3591	0.9120	0.9069
163
0392	0.1202	0.9833	0.3779	0.8980	0.1221s	0.3609	0.9080	0.9027
164
0393	0.1307	0.9667	0.3776	0.8980	0.1219s	0.3611	0.9060	0.9005
165
0394	0.1524	0.9667	0.3754	0.8960	0.1222s	0.3611	0.9070	0.9012
166
0395	0.1319	0.9833	0.3724	0.9000	0.1222s	0.3600	0.9120	0.9067
167
0396	0.1310	0.9667	0.3689	0.9040	0.1233s	0.3581	0.9130	0.9079
168
0397	0.1390	0.9750	0.3669	0.9020	0.1222s	0.3560	0.9110	0.9058
169
0398	0.1473	0.9917	0.3674	0.9020	0.1223s	0.3557	0.9080	0.9027
170
0399	0.1222	0.9917	0.3689	0.9040	0.1228s	0.3545	0.9040	0.8988
171
0400	0.1291	0.9750	0.3696	0.9060	0.1222s	0.3526	0.9070	0.9017
172
0401	0.1350	0.9917	0.3687	0.9060	0.1222s	0.3500	0.9100	0.9048
173
0402	0.1276	0.9833	0.3714	0.9040	0.1224s	0.3505	0.9090	0.9038
174
0403	0.1452	0.9750	0.3743	0.9020	0.1221s	0.3509	0.9030	0.8974
175
0404	0.1410	0.9667	0.3737	0.9000	0.1226s	0.3499	0.9050	0.8998
176
0405	0.1306	0.9833	0.3693	0.9040	0.1225s	0.3461	0.9080	0.9032
177
0406	0.1479	0.9667	0.3632	0.9040	0.1222s	0.3427	0.9120	0.9076
178
0407	0.1148	1.0000	0.3630	0.9040	0.1219s	0.3445	0.9100	0.9051
179
0408	0.1187	0.9917	0.3672	0.9040	0.1220s	0.3498	0.9130	0.9083
180
0409	0.1640	0.9667	0.3728	0.9040	0.1220s	0.3535	0.9090	0.9038
181
0410	0.1346	0.9750	0.3825	0.8960	0.1221s	0.3605	0.9020	0.8962
182
0411	0.1325	0.9583	0.3935	0.8900	0.1244s	0.3684	0.8980	0.8916
183
0412	0.1347	0.9917	0.4018	0.8900	0.1222s	0.3726	0.8940	0.8873
184
0413	0.1453	0.9500	0.3964	0.8900	0.1221s	0.3655	0.8990	0.8933
185
0414	0.1228	0.9917	0.3839	0.8940	0.1229s	0.3538	0.9040	0.8987
186
0415	0.1130	0.9833	0.3722	0.9000	0.1222s	0.3424	0.9070	0.9020
187
0416	0.1125	0.9917	0.3652	0.9020	0.1218s	0.3374	0.9100	0.9053
188
0417	0.1175	0.9833	0.3630	0.9040	0.1052s	0.3370	0.9130	0.9086
189
0418	0.1327	0.9917	0.3637	0.9040	0.1048s	0.3401	0.9120	0.9073
190
0419	0.1227	0.9833	0.3687	0.9040	0.1234s	0.3468	0.9130	0.9083
191
0420	0.1347	0.9917	0.3759	0.9000	0.1219s	0.3564	0.9110	0.9060
192
0421	0.1374	0.9917	0.3848	0.8980	0.1223s	0.3660	0.9050	0.8988
193
0422	0.1344	1.0000	0.3947	0.8900	0.1221s	0.3762	0.8990	0.8927
194
0423	0.1256	0.9750	0.4010	0.8840	0.1214s	0.3817	0.8950	0.8885
195
0424	0.1269	0.9917	0.3960	0.8880	0.1224s	0.3770	0.8960	0.8901
196
0425	0.1452	0.9750	0.3829	0.8960	0.1223s	0.3634	0.9020	0.8964
197
0426	0.1339	0.9667	0.3682	0.9040	0.1225s	0.3487	0.9070	0.9019
198
0427	0.1408	0.9833	0.3622	0.9080	0.1229s	0.3411	0.9110	0.9063
199
Early stop! Min loss:0.36085936427116394,  Max accuracy:0.912
Early stop model validation loss:0.36085936427116394,  accuracy:0.906
Optimization Finished!
Total time elapsed: 52.5283s
test max acc:0.9150
Loading 226th epoch
stru_node_to_hop attention:tensor([[0.2528, 0.2502, 0.2488, 0.2482],
        [0.2500, 0.2500, 0.2500, 0.2500],
        [0.2494, 0.2509, 0.2499, 0.2498],
        [0.2488, 0.2514, 0.2500, 0.2497],
        [0.2493, 0.2500, 0.2503, 0.2504],
        [0.2508, 0.2504, 0.2495, 0.2493],
        [0.2485, 0.2508, 0.2504, 0.2503],
        [0.2499, 0.2500, 0.2500, 0.2500],
        [0.2494, 0.2506, 0.2501, 0.2499],
        [0.2493, 0.2504, 0.2502, 0.2502],
        [0.2505, 0.2498, 0.2499, 0.2499],
        [0.2502, 0.2499, 0.2500, 0.2500],
        [0.2505, 0.2498, 0.2498, 0.2498],
        [0.2507, 0.2500, 0.2497, 0.2496],
        [0.2492, 0.2505, 0.2501, 0.2501],
        [0.2513, 0.2501, 0.2495, 0.2492],
        [0.2488, 0.2507, 0.2503, 0.2502],
        [0.2493, 0.2507, 0.2501, 0.2500],
        [0.2483, 0.2508, 0.2505, 0.2504],
        [0.2502, 0.2502, 0.2499, 0.2497],
        [0.2497, 0.2501, 0.2501, 0.2501],
        [0.2472, 0.2520, 0.2505, 0.2502],
        [0.2505, 0.2497, 0.2499, 0.2499],
        [0.2494, 0.2504, 0.2501, 0.2501],
        [0.2499, 0.2500, 0.2500, 0.2500],
        [0.2486, 0.2507, 0.2504, 0.2503],
        [0.2501, 0.2501, 0.2500, 0.2499],
        [0.2483, 0.2509, 0.2504, 0.2504],
        [0.2490, 0.2502, 0.2504, 0.2504],
        [0.2505, 0.2501, 0.2498, 0.2497],
        [0.2491, 0.2506, 0.2502, 0.2501],
        [0.2493, 0.2507, 0.2501, 0.2499],
        [0.2507, 0.2502, 0.2497, 0.2494],
        [0.2501, 0.2498, 0.2501, 0.2501],
        [0.2483, 0.2509, 0.2505, 0.2503],
        [0.2500, 0.2502, 0.2499, 0.2499],
        [0.2490, 0.2503, 0.2504, 0.2503],
        [0.2498, 0.2499, 0.2501, 0.2502],
        [0.2506, 0.2497, 0.2499, 0.2499],
        [0.2501, 0.2505, 0.2498, 0.2496],
        [0.2500, 0.2500, 0.2500, 0.2500],
        [0.2496, 0.2503, 0.2501, 0.2500],
        [0.2485, 0.2507, 0.2504, 0.2504],
        [0.2495, 0.2503, 0.2501, 0.2501],
        [0.2482, 0.2509, 0.2506, 0.2504],
        [0.1595, 0.1856, 0.2752, 0.3798],
        [0.2501, 0.2501, 0.2500, 0.2499],
        [0.2489, 0.2507, 0.2503, 0.2501],
        [0.2510, 0.2497, 0.2497, 0.2496],
        [0.2498, 0.2501, 0.2501, 0.2501],
        [0.2503, 0.2504, 0.2497, 0.2496],
        [0.2495, 0.2503, 0.2501, 0.2501],
        [0.2500, 0.2500, 0.2500, 0.2500],
        [0.2506, 0.2498, 0.2498, 0.2497],
        [0.2470, 0.2521, 0.2506, 0.2503],
        [0.2468, 0.2509, 0.2510, 0.2513],
        [0.2508, 0.2504, 0.2495, 0.2493],
        [0.2480, 0.2510, 0.2506, 0.2504],
        [0.2468, 0.2521, 0.2507, 0.2504],
        [0.2487, 0.2509, 0.2503, 0.2501],
        [0.2490, 0.2509, 0.2502, 0.2499],
        [0.2501, 0.2498, 0.2500, 0.2501],
        [0.2481, 0.2511, 0.2505, 0.2503],
        [0.2482, 0.2493, 0.2510, 0.2515],
        [0.2501, 0.2499, 0.2500, 0.2500],
        [0.2502, 0.2495, 0.2501, 0.2501],
        [0.2510, 0.2501, 0.2496, 0.2493],
        [0.2465, 0.2508, 0.2513, 0.2514],
        [0.2491, 0.2504, 0.2503, 0.2502],
        [0.2482, 0.2509, 0.2505, 0.2504],
        [0.2482, 0.2522, 0.2499, 0.2496],
        [0.2494, 0.2501, 0.2502, 0.2503],
        [0.2507, 0.2496, 0.2499, 0.2499],
        [0.2512, 0.2495, 0.2496, 0.2497],
        [0.2502, 0.2498, 0.2500, 0.2500],
        [0.2500, 0.2499, 0.2500, 0.2500],
        [0.2505, 0.2509, 0.2495, 0.2492],
        [0.2520, 0.2483, 0.2498, 0.2499],
        [0.2497, 0.2501, 0.2502, 0.2501],
        [0.2497, 0.2501, 0.2501, 0.2501],
        [0.2506, 0.2505, 0.2496, 0.2492],
        [0.2509, 0.2500, 0.2496, 0.2495],
        [0.2515, 0.2496, 0.2496, 0.2493],
        [0.2499, 0.2501, 0.2500, 0.2500],
        [0.2495, 0.2503, 0.2502, 0.2501],
        [0.2496, 0.2501, 0.2501, 0.2501],
        [0.2492, 0.2503, 0.2502, 0.2503],
        [0.2478, 0.2514, 0.2506, 0.2502],
        [0.2496, 0.2501, 0.2502, 0.2501],
        [0.2516, 0.2499, 0.2494, 0.2492],
        [0.2493, 0.2503, 0.2502, 0.2502],
        [0.2483, 0.2509, 0.2504, 0.2504],
        [0.2496, 0.2501, 0.2501, 0.2501],
        [0.2494, 0.2503, 0.2502, 0.2502],
        [0.2497, 0.2503, 0.2500, 0.2500],
        [0.2501, 0.2500, 0.2500, 0.2500],
        [0.2504, 0.2498, 0.2499, 0.2500],
        [0.2507, 0.2499, 0.2497, 0.2497],
        [0.2470, 0.2516, 0.2507, 0.2507],
        [0.2489, 0.2508, 0.2503, 0.2501]], device='cuda:1')
fea_node_to_hop attention:tensor([[0.3308, 0.3352, 0.3339],
        [0.3340, 0.3329, 0.3331],
        [0.3343, 0.3308, 0.3349],
        [0.3323, 0.3332, 0.3345],
        [0.3333, 0.3327, 0.3340],
        [0.3304, 0.3354, 0.3342],
        [0.3317, 0.3341, 0.3342],
        [0.3336, 0.3334, 0.3330],
        [0.3294, 0.3350, 0.3356],
        [0.3308, 0.3341, 0.3351],
        [0.3350, 0.3325, 0.3326],
        [0.3336, 0.3332, 0.3332],
        [0.3329, 0.3331, 0.3339],
        [0.3320, 0.3336, 0.3344],
        [0.3315, 0.3339, 0.3346],
        [0.3299, 0.3342, 0.3359],
        [0.3307, 0.3339, 0.3354],
        [0.3327, 0.3335, 0.3338],
        [0.3279, 0.3353, 0.3368],
        [0.3312, 0.3339, 0.3349],
        [0.3329, 0.3336, 0.3335],
        [0.3314, 0.3334, 0.3352],
        [0.3340, 0.3335, 0.3325],
        [0.3322, 0.3338, 0.3340],
        [0.3335, 0.3334, 0.3332],
        [0.3305, 0.3344, 0.3351],
        [0.3329, 0.3333, 0.3337],
        [0.3331, 0.3335, 0.3334],
        [0.3297, 0.3335, 0.3368],
        [0.3304, 0.3344, 0.3352],
        [0.3310, 0.3343, 0.3347],
        [0.3325, 0.3330, 0.3345],
        [0.3325, 0.3331, 0.3344],
        [0.3346, 0.3328, 0.3326],
        [0.3363, 0.3319, 0.3318],
        [0.3316, 0.3337, 0.3347],
        [0.3311, 0.3347, 0.3343],
        [0.3350, 0.3319, 0.3331],
        [0.3336, 0.3333, 0.3331],
        [0.3273, 0.3364, 0.3362],
        [0.3337, 0.3333, 0.3330],
        [0.3314, 0.3341, 0.3344],
        [0.3315, 0.3337, 0.3347],
        [0.3344, 0.3329, 0.3328],
        [0.3302, 0.3351, 0.3347],
        [0.3428, 0.3018, 0.3554],
        [0.3325, 0.3332, 0.3343],
        [0.3317, 0.3339, 0.3344],
        [0.3323, 0.3333, 0.3344],
        [0.3326, 0.3337, 0.3336],
        [0.3318, 0.3338, 0.3344],
        [0.3334, 0.3329, 0.3336],
        [0.3333, 0.3334, 0.3334],
        [0.3332, 0.3322, 0.3346],
        [0.3342, 0.3321, 0.3337],
        [0.3322, 0.3330, 0.3349],
        [0.3313, 0.3337, 0.3350],
        [0.3276, 0.3355, 0.3369],
        [0.3304, 0.3334, 0.3361],
        [0.3329, 0.3327, 0.3344],
        [0.3303, 0.3353, 0.3344],
        [0.3328, 0.3339, 0.3333],
        [0.3299, 0.3349, 0.3352],
        [0.3321, 0.3342, 0.3337],
        [0.3339, 0.3331, 0.3331],
        [0.3332, 0.3331, 0.3337],
        [0.3339, 0.3325, 0.3335],
        [0.3306, 0.3346, 0.3349],
        [0.3304, 0.3341, 0.3356],
        [0.3312, 0.3334, 0.3354],
        [0.3294, 0.3349, 0.3357],
        [0.3310, 0.3341, 0.3349],
        [0.3351, 0.3317, 0.3332],
        [0.3340, 0.3317, 0.3343],
        [0.3343, 0.3331, 0.3327],
        [0.3328, 0.3335, 0.3337],
        [0.3300, 0.3345, 0.3355],
        [0.3303, 0.3340, 0.3357],
        [0.3325, 0.3333, 0.3342],
        [0.3333, 0.3336, 0.3331],
        [0.3314, 0.3344, 0.3341],
        [0.3326, 0.3334, 0.3341],
        [0.3319, 0.3334, 0.3348],
        [0.3347, 0.3331, 0.3322],
        [0.3313, 0.3339, 0.3348],
        [0.3329, 0.3335, 0.3336],
        [0.3323, 0.3346, 0.3331],
        [0.3289, 0.3352, 0.3359],
        [0.3307, 0.3351, 0.3343],
        [0.3294, 0.3342, 0.3364],
        [0.3313, 0.3346, 0.3341],
        [0.3302, 0.3339, 0.3359],
        [0.3321, 0.3340, 0.3339],
        [0.3318, 0.3346, 0.3336],
        [0.3320, 0.3338, 0.3342],
        [0.3337, 0.3333, 0.3330],
        [0.3327, 0.3335, 0.3337],
        [0.3308, 0.3335, 0.3357],
        [0.3274, 0.3360, 0.3366],
        [0.3315, 0.3347, 0.3338]], device='cuda:1')
perception attention:tensor([0.5000, 0.5000], device='cuda:1')
Test set results: loss= 0.3329 accuracy= 0.9140 F1_score= 0.9096
