# epoch	loss_train	acc_train	loss_val	acc_val	time	acc_test	f1_test
0001	1.7981	0.1667	1.6928	0.4920	0.1216s	1.6821	0.5210	0.4820
0
0002	1.6869	0.4250	1.5357	0.3900	0.1221s	1.5096	0.3970	0.3039
0
0003	1.5389	0.4333	1.3725	0.4700	0.1222s	1.3430	0.4550	0.3812
0
0004	1.3502	0.5583	1.1915	0.6660	0.1215s	1.1661	0.6990	0.6804
0
0005	1.1391	0.6500	1.0161	0.8560	0.1226s	0.9925	0.8700	0.8612
0
0006	0.9921	0.7250	0.8807	0.8480	0.1222s	0.8573	0.8620	0.8548
0
0007	0.8447	0.8000	0.7640	0.8440	0.1348s	0.7453	0.8550	0.8507
0
0008	0.6980	0.8250	0.6569	0.8560	0.1219s	0.6420	0.8610	0.8543
0
0009	0.6101	0.8250	0.5755	0.8900	0.1234s	0.5606	0.8880	0.8798
0
0010	0.5152	0.9167	0.5278	0.8800	0.1195s	0.5094	0.8890	0.8807
0
0011	0.4635	0.9417	0.4918	0.8840	0.1216s	0.4686	0.8810	0.8724
0
0012	0.4144	0.9417	0.4498	0.8860	0.1223s	0.4260	0.8920	0.8842
0
0013	0.3585	0.9167	0.4154	0.8940	0.1220s	0.3919	0.8920	0.8849
0
0014	0.3370	0.9250	0.4007	0.8900	0.1223s	0.3762	0.9030	0.8965
0
0015	0.2904	0.9500	0.3989	0.8740	0.1221s	0.3724	0.8990	0.8923
0
0016	0.2777	0.9417	0.3896	0.8820	0.1218s	0.3611	0.8960	0.8893
0
0017	0.2516	0.9583	0.3858	0.8920	0.1229s	0.3546	0.8980	0.8924
0
0018	0.2286	0.9583	0.3920	0.8980	0.1219s	0.3580	0.8910	0.8844
0
0019	0.2046	0.9333	0.4012	0.8940	0.1222s	0.3644	0.8900	0.8825
0
0020	0.2202	0.9500	0.4069	0.8920	0.1219s	0.3683	0.8860	0.8782
1
0021	0.2000	0.9833	0.4021	0.8820	0.1221s	0.3626	0.8950	0.8879
2
0022	0.2308	0.9750	0.3949	0.8820	0.1224s	0.3548	0.9020	0.8951
3
0023	0.1985	0.9583	0.3985	0.8800	0.1219s	0.3588	0.9010	0.8942
4
0024	0.1847	0.9583	0.4025	0.8780	0.1050s	0.3632	0.8970	0.8897
5
0025	0.2062	0.9583	0.4018	0.8800	0.1211s	0.3636	0.8970	0.8899
6
0026	0.1847	0.9833	0.3959	0.8880	0.1228s	0.3586	0.9000	0.8940
7
0027	0.1740	0.9583	0.3914	0.8900	0.1220s	0.3535	0.8980	0.8922
8
0028	0.1647	0.9833	0.3944	0.8940	0.1220s	0.3558	0.8960	0.8902
9
0029	0.1541	0.9750	0.4019	0.8920	0.1222s	0.3624	0.8940	0.8882
10
0030	0.1551	0.9750	0.4074	0.8900	0.1220s	0.3683	0.8870	0.8804
11
0031	0.1603	0.9750	0.4082	0.8920	0.1223s	0.3707	0.8930	0.8865
12
0032	0.1772	0.9583	0.4080	0.8900	0.1223s	0.3732	0.8970	0.8897
13
0033	0.1543	0.9750	0.4108	0.8840	0.1216s	0.3788	0.8950	0.8873
14
0034	0.1487	0.9667	0.4118	0.8840	0.1216s	0.3820	0.8920	0.8842
15
0035	0.1546	0.9833	0.4094	0.8820	0.1219s	0.3817	0.8920	0.8845
16
0036	0.1610	0.9667	0.3987	0.8940	0.1226s	0.3721	0.8980	0.8914
17
0037	0.1313	1.0000	0.3905	0.8920	0.1403s	0.3650	0.8970	0.8907
18
0038	0.1322	0.9917	0.3858	0.8980	0.1390s	0.3613	0.8990	0.8930
19
0039	0.1631	0.9833	0.3842	0.8980	0.1397s	0.3611	0.8960	0.8901
0
0040	0.1653	0.9750	0.3872	0.8940	0.1390s	0.3657	0.8960	0.8901
0
0041	0.1731	0.9667	0.3928	0.8880	0.1390s	0.3724	0.8910	0.8847
1
0042	0.1439	0.9750	0.4009	0.8860	0.1406s	0.3815	0.8900	0.8831
2
0043	0.1545	0.9833	0.4083	0.8860	0.1056s	0.3885	0.8910	0.8838
3
0044	0.1562	0.9833	0.4106	0.8880	0.1225s	0.3909	0.8900	0.8826
4
0045	0.1718	0.9833	0.4079	0.8860	0.1219s	0.3884	0.8920	0.8847
5
0046	0.1553	0.9500	0.3988	0.8900	0.1284s	0.3801	0.8920	0.8848
6
0047	0.1615	0.9833	0.3847	0.8980	0.1390s	0.3671	0.8960	0.8894
7
0048	0.1629	0.9750	0.3800	0.8920	0.1396s	0.3629	0.8950	0.8888
0
0049	0.1743	0.9667	0.3780	0.8920	0.1388s	0.3609	0.8980	0.8921
0
0050	0.1556	0.9833	0.3763	0.8920	0.1356s	0.3598	0.8970	0.8909
0
0051	0.1742	0.9833	0.3760	0.8920	0.1261s	0.3605	0.8970	0.8907
0
0052	0.1506	0.9917	0.3766	0.8880	0.1222s	0.3621	0.8960	0.8899
0
0053	0.1404	1.0000	0.3823	0.8900	0.1223s	0.3681	0.8970	0.8907
1
0054	0.1792	0.9750	0.3899	0.8900	0.1352s	0.3750	0.8950	0.8887
2
0055	0.1414	0.9833	0.3983	0.8920	0.1217s	0.3824	0.8950	0.8886
3
0056	0.1395	0.9833	0.4009	0.8940	0.1229s	0.3839	0.8950	0.8886
4
0057	0.1676	0.9500	0.4015	0.8920	0.1223s	0.3849	0.8910	0.8842
5
0058	0.1431	0.9750	0.3985	0.8860	0.1231s	0.3832	0.8900	0.8833
6
0059	0.1596	0.9917	0.3942	0.8900	0.1216s	0.3800	0.8890	0.8823
7
0060	0.1371	0.9750	0.3909	0.8900	0.1236s	0.3769	0.8870	0.8807
8
0061	0.1728	0.9833	0.3859	0.8920	0.1224s	0.3730	0.8880	0.8822
9
0062	0.1528	0.9750	0.3796	0.8940	0.1046s	0.3680	0.8960	0.8906
10
0063	0.1346	0.9750	0.3747	0.8940	0.1220s	0.3636	0.8990	0.8935
11
0064	0.1557	0.9667	0.3705	0.8980	0.1234s	0.3598	0.9010	0.8954
0
0065	0.1635	0.9750	0.3713	0.8960	0.1222s	0.3607	0.9030	0.8976
0
0066	0.1562	0.9917	0.3748	0.8920	0.1236s	0.3637	0.9010	0.8955
1
0067	0.1795	0.9417	0.3794	0.8900	0.1222s	0.3672	0.9000	0.8944
2
0068	0.1622	0.9833	0.3822	0.8880	0.1261s	0.3679	0.9030	0.8976
3
0069	0.1507	0.9583	0.3875	0.8920	0.1220s	0.3701	0.8970	0.8910
4
0070	0.1584	0.9917	0.3953	0.8920	0.1221s	0.3746	0.8930	0.8864
5
0071	0.1307	0.9917	0.3990	0.8920	0.1219s	0.3763	0.8890	0.8821
6
0072	0.1463	0.9833	0.3924	0.8940	0.1235s	0.3692	0.8890	0.8822
7
0073	0.1502	0.9667	0.3855	0.8960	0.1219s	0.3631	0.8920	0.8858
8
0074	0.1633	0.9667	0.3768	0.9020	0.1257s	0.3578	0.8960	0.8905
9
0075	0.1383	0.9750	0.3723	0.8980	0.1219s	0.3546	0.9020	0.8965
0
0076	0.1580	0.9833	0.3713	0.8980	0.1221s	0.3547	0.9030	0.8976
1
0077	0.1701	0.9667	0.3742	0.8900	0.1225s	0.3592	0.9040	0.8985
2
0078	0.1361	0.9917	0.3796	0.8860	0.1218s	0.3652	0.9000	0.8943
3
0079	0.1495	0.9750	0.3812	0.8860	0.1245s	0.3664	0.8980	0.8920
4
0080	0.1534	0.9917	0.3850	0.8860	0.1220s	0.3692	0.8990	0.8927
5
0081	0.1447	0.9750	0.3862	0.8940	0.1220s	0.3684	0.8980	0.8913
6
0082	0.1302	0.9917	0.3869	0.8940	0.1233s	0.3678	0.8950	0.8883
7
0083	0.1590	0.9583	0.3838	0.8940	0.1224s	0.3653	0.8950	0.8887
8
0084	0.1434	0.9750	0.3793	0.8940	0.1224s	0.3622	0.8960	0.8901
9
0085	0.1353	0.9750	0.3729	0.8980	0.1239s	0.3577	0.8950	0.8891
10
0086	0.1353	0.9500	0.3694	0.8960	0.1222s	0.3568	0.8970	0.8911
11
0087	0.1453	0.9917	0.3691	0.8920	0.1045s	0.3568	0.9000	0.8943
0
0088	0.1414	0.9750	0.3718	0.8960	0.1228s	0.3597	0.9040	0.8985
0
0089	0.1591	0.9667	0.3799	0.8920	0.1057s	0.3679	0.9000	0.8938
1
0090	0.1426	0.9667	0.3848	0.8880	0.1039s	0.3722	0.9000	0.8937
2
0091	0.1342	0.9833	0.3891	0.8880	0.1042s	0.3760	0.8990	0.8924
3
0092	0.1370	0.9833	0.3891	0.8940	0.1045s	0.3755	0.8980	0.8913
4
0093	0.1261	0.9750	0.3887	0.8920	0.1205s	0.3759	0.8940	0.8876
5
0094	0.1268	0.9667	0.3889	0.8920	0.1217s	0.3776	0.8940	0.8879
6
0095	0.1383	0.9750	0.3846	0.8940	0.1217s	0.3738	0.8950	0.8889
7
0096	0.1548	1.0000	0.3753	0.8960	0.1221s	0.3636	0.8990	0.8931
8
0097	0.1424	0.9833	0.3724	0.8960	0.1220s	0.3588	0.8960	0.8901
9
0098	0.1562	0.9750	0.3698	0.9020	0.1235s	0.3535	0.9030	0.8977
10
0099	0.1340	0.9917	0.3702	0.9000	0.1217s	0.3526	0.9060	0.9009
0
0100	0.1408	1.0000	0.3729	0.8980	0.1217s	0.3562	0.9060	0.9007
1
0101	0.1335	0.9667	0.3808	0.9000	0.1221s	0.3647	0.9050	0.8994
2
0102	0.1294	0.9667	0.3844	0.8940	0.1220s	0.3690	0.9040	0.8982
3
0103	0.1476	0.9833	0.3809	0.8980	0.1220s	0.3663	0.9020	0.8961
4
0104	0.1395	0.9750	0.3743	0.9000	0.1224s	0.3582	0.9050	0.8998
5
0105	0.1495	0.9750	0.3686	0.8980	0.1218s	0.3513	0.9050	0.9000
6
0106	0.1340	0.9750	0.3647	0.9000	0.1218s	0.3467	0.9060	0.9010
0
0107	0.1435	0.9917	0.3601	0.9000	0.1222s	0.3426	0.9110	0.9066
0
0108	0.1617	0.9833	0.3573	0.9040	0.1217s	0.3400	0.9110	0.9066
0
0109	0.1562	0.9583	0.3578	0.9000	0.1263s	0.3429	0.9090	0.9043
0
0110	0.1446	0.9833	0.3622	0.9020	0.1221s	0.3501	0.9080	0.9027
1
0111	0.1478	0.9917	0.3672	0.9040	0.1216s	0.3572	0.9070	0.9012
2
0112	0.1606	0.9833	0.3650	0.9060	0.1252s	0.3534	0.9100	0.9045
0
0113	0.1333	0.9833	0.3610	0.9080	0.1252s	0.3483	0.9090	0.9038
0
0114	0.1414	0.9750	0.3584	0.9080	0.1224s	0.3454	0.9100	0.9049
0
0115	0.1428	0.9750	0.3549	0.9100	0.1222s	0.3413	0.9120	0.9076
0
0116	0.1440	0.9750	0.3521	0.9060	0.1239s	0.3382	0.9120	0.9078
0
0117	0.1712	0.9667	0.3511	0.9100	0.1229s	0.3371	0.9120	0.9074
0
0118	0.1572	1.0000	0.3537	0.9140	0.1218s	0.3403	0.9110	0.9060
0
0119	0.1300	0.9833	0.3580	0.9100	0.1221s	0.3454	0.9030	0.8975
0
0120	0.1328	0.9750	0.3628	0.9120	0.1217s	0.3510	0.8990	0.8930
1
0121	0.1375	0.9917	0.3676	0.9060	0.1233s	0.3576	0.9000	0.8940
2
0122	0.1548	0.9667	0.3692	0.9020	0.1220s	0.3605	0.9010	0.8950
3
0123	0.1392	0.9833	0.3619	0.9080	0.1225s	0.3542	0.9080	0.9026
4
0124	0.1331	0.9917	0.3569	0.9140	0.1225s	0.3508	0.9140	0.9092
5
0125	0.1373	0.9833	0.3549	0.9100	0.1220s	0.3492	0.9160	0.9114
0
0126	0.1421	0.9750	0.3574	0.9080	0.1229s	0.3519	0.9110	0.9064
1
0127	0.1766	0.9250	0.3610	0.9080	0.1216s	0.3563	0.9080	0.9029
2
0128	0.1577	0.9667	0.3642	0.9040	0.1217s	0.3601	0.9080	0.9026
3
0129	0.1426	0.9583	0.3666	0.9040	0.1221s	0.3603	0.9120	0.9067
4
0130	0.1445	0.9917	0.3726	0.9000	0.1219s	0.3639	0.9040	0.8984
5
0131	0.1480	0.9833	0.3789	0.8960	0.1221s	0.3682	0.8990	0.8928
6
0132	0.1494	0.9833	0.3784	0.8960	0.1224s	0.3652	0.9010	0.8949
7
0133	0.1567	0.9750	0.3764	0.9040	0.1210s	0.3619	0.9010	0.8948
8
0134	0.1520	0.9667	0.3699	0.9080	0.1219s	0.3570	0.9060	0.9004
9
0135	0.1133	0.9917	0.3677	0.9100	0.1236s	0.3565	0.9130	0.9082
10
0136	0.1366	0.9500	0.3702	0.9020	0.1221s	0.3615	0.9150	0.9100
11
0137	0.1243	0.9667	0.3764	0.8940	0.1209s	0.3708	0.9100	0.9042
12
0138	0.1437	0.9750	0.3849	0.8920	0.1223s	0.3801	0.9100	0.9041
13
0139	0.1324	0.9750	0.3916	0.8900	0.1220s	0.3863	0.9090	0.9033
14
0140	0.1303	0.9750	0.3944	0.8880	0.1218s	0.3868	0.9070	0.9011
15
0141	0.1621	0.9750	0.3951	0.8940	0.1223s	0.3818	0.9030	0.8968
16
0142	0.1643	1.0000	0.3935	0.8960	0.1221s	0.3773	0.9020	0.8957
17
0143	0.1251	1.0000	0.3873	0.9000	0.1217s	0.3703	0.9040	0.8978
18
0144	0.1308	0.9833	0.3808	0.9000	0.1231s	0.3646	0.9080	0.9022
19
0145	0.1416	0.9833	0.3733	0.9040	0.1222s	0.3574	0.9100	0.9048
20
0146	0.1319	0.9750	0.3687	0.9040	0.1222s	0.3545	0.9090	0.9036
21
0147	0.1649	0.9750	0.3647	0.9060	0.1221s	0.3553	0.9110	0.9061
22
0148	0.1475	0.9667	0.3631	0.9040	0.1219s	0.3581	0.9100	0.9047
23
0149	0.1295	0.9917	0.3718	0.8980	0.1221s	0.3700	0.9080	0.9019
24
0150	0.1372	0.9833	0.3880	0.8880	0.1217s	0.3863	0.9050	0.8984
25
0151	0.1272	0.9750	0.4052	0.8840	0.1216s	0.4001	0.8940	0.8854
26
0152	0.1548	0.9583	0.4044	0.8880	0.1219s	0.3958	0.8930	0.8851
27
0153	0.1452	0.9750	0.3892	0.8920	0.1227s	0.3781	0.8980	0.8910
28
0154	0.1475	0.9833	0.3760	0.8940	0.1222s	0.3629	0.9060	0.9000
29
0155	0.1453	0.9750	0.3680	0.8960	0.1220s	0.3532	0.9080	0.9027
30
0156	0.1350	0.9833	0.3642	0.9000	0.1222s	0.3478	0.9090	0.9037
31
0157	0.1275	0.9750	0.3624	0.9000	0.1218s	0.3464	0.9090	0.9037
32
0158	0.1436	0.9833	0.3624	0.8980	0.1225s	0.3490	0.9110	0.9061
33
0159	0.1254	0.9750	0.3670	0.8940	0.1224s	0.3550	0.9080	0.9026
34
0160	0.1408	1.0000	0.3782	0.8920	0.1226s	0.3676	0.9100	0.9047
35
0161	0.1414	0.9833	0.3923	0.8840	0.1221s	0.3810	0.9050	0.8984
36
0162	0.1226	1.0000	0.4045	0.8880	0.1267s	0.3904	0.9020	0.8944
37
0163	0.1391	0.9833	0.4055	0.8920	0.1219s	0.3876	0.9010	0.8937
38
0164	0.1334	0.9917	0.4025	0.8940	0.1223s	0.3797	0.8990	0.8920
39
0165	0.1383	0.9750	0.3994	0.8880	0.1223s	0.3722	0.8990	0.8927
40
0166	0.1258	0.9833	0.3937	0.8940	0.1223s	0.3634	0.8990	0.8928
41
0167	0.1424	0.9750	0.3864	0.9000	0.1229s	0.3546	0.9040	0.8987
42
0168	0.1558	0.9500	0.3769	0.9020	0.1209s	0.3485	0.9060	0.9012
43
0169	0.1291	0.9833	0.3724	0.9080	0.1218s	0.3494	0.9080	0.9028
44
0170	0.1465	0.9667	0.3782	0.8920	0.1220s	0.3605	0.9040	0.8986
45
0171	0.1353	0.9833	0.3933	0.8860	0.1221s	0.3789	0.8980	0.8923
46
0172	0.1473	0.9667	0.4069	0.8780	0.1224s	0.3919	0.8950	0.8885
47
0173	0.1249	0.9750	0.4148	0.8780	0.1223s	0.3966	0.8920	0.8855
48
0174	0.1356	0.9833	0.4192	0.8820	0.1253s	0.3950	0.8950	0.8880
49
0175	0.1318	0.9667	0.4119	0.8840	0.1218s	0.3834	0.8950	0.8877
50
0176	0.1338	0.9833	0.4035	0.8900	0.1223s	0.3706	0.9010	0.8946
51
0177	0.1549	0.9667	0.3947	0.8880	0.1218s	0.3588	0.9030	0.8971
52
0178	0.1608	0.9833	0.3918	0.8920	0.1226s	0.3536	0.8990	0.8933
53
0179	0.1485	0.9667	0.3913	0.8920	0.1217s	0.3531	0.9000	0.8947
54
0180	0.1625	0.9750	0.3902	0.8940	0.1224s	0.3556	0.9010	0.8952
55
0181	0.1243	0.9917	0.3945	0.8920	0.1099s	0.3646	0.9000	0.8943
56
0182	0.1488	0.9667	0.4044	0.8880	0.1220s	0.3793	0.8960	0.8895
57
0183	0.1361	0.9750	0.4093	0.8800	0.1223s	0.3871	0.8950	0.8886
58
0184	0.1330	0.9917	0.4066	0.8800	0.1224s	0.3854	0.8970	0.8911
59
0185	0.1504	0.9833	0.3940	0.8840	0.1219s	0.3708	0.8990	0.8932
60
0186	0.1400	0.9750	0.3882	0.8900	0.1225s	0.3620	0.9020	0.8964
61
0187	0.1338	0.9833	0.3855	0.8940	0.1219s	0.3551	0.9050	0.8997
62
0188	0.1492	0.9750	0.3870	0.8960	0.1210s	0.3516	0.9010	0.8952
63
0189	0.1434	0.9750	0.3888	0.8940	0.1039s	0.3526	0.9020	0.8959
64
0190	0.1414	1.0000	0.3908	0.8920	0.1186s	0.3551	0.9000	0.8937
65
0191	0.1278	0.9833	0.3926	0.8920	0.1222s	0.3590	0.9020	0.8957
66
0192	0.1372	0.9750	0.3965	0.8900	0.1221s	0.3662	0.9020	0.8953
67
0193	0.1576	0.9833	0.3984	0.8880	0.1218s	0.3721	0.8980	0.8912
68
0194	0.1464	0.9917	0.3890	0.8920	0.1224s	0.3682	0.8970	0.8906
69
0195	0.1273	0.9833	0.3823	0.8860	0.1220s	0.3655	0.9010	0.8954
70
0196	0.1448	1.0000	0.3781	0.8900	0.1220s	0.3626	0.9000	0.8946
71
0197	0.1609	0.9750	0.3723	0.8980	0.1221s	0.3540	0.9040	0.8987
72
0198	0.1409	0.9750	0.3666	0.9020	0.1223s	0.3437	0.9070	0.9024
73
0199	0.1265	0.9750	0.3670	0.9120	0.1217s	0.3393	0.9030	0.8981
74
0200	0.1179	0.9833	0.3719	0.9020	0.1224s	0.3416	0.9050	0.8999
75
0201	0.1379	0.9750	0.3793	0.8980	0.1219s	0.3481	0.9040	0.8984
76
0202	0.1495	0.9750	0.3850	0.9000	0.1249s	0.3547	0.9040	0.8981
77
0203	0.1165	1.0000	0.3895	0.8960	0.1226s	0.3611	0.9010	0.8948
78
0204	0.1277	0.9833	0.3870	0.8900	0.1220s	0.3617	0.9030	0.8970
79
0205	0.1433	1.0000	0.3849	0.8880	0.1217s	0.3636	0.9020	0.8965
80
0206	0.1248	1.0000	0.3873	0.8880	0.1224s	0.3689	0.9010	0.8955
81
0207	0.1220	0.9750	0.3905	0.8820	0.1221s	0.3736	0.8950	0.8888
82
0208	0.1315	0.9667	0.3934	0.8780	0.1217s	0.3760	0.8950	0.8887
83
0209	0.1396	0.9750	0.3904	0.8840	0.1217s	0.3701	0.8960	0.8899
84
0210	0.1419	0.9583	0.3909	0.8880	0.1225s	0.3680	0.8970	0.8908
85
0211	0.1493	0.9833	0.3922	0.8960	0.1227s	0.3654	0.8990	0.8932
86
0212	0.1467	0.9833	0.3881	0.9020	0.1222s	0.3593	0.9010	0.8950
87
0213	0.1277	0.9917	0.3886	0.9020	0.1218s	0.3593	0.9010	0.8951
88
0214	0.1116	0.9917	0.3839	0.9020	0.1221s	0.3570	0.9010	0.8951
89
0215	0.1208	0.9917	0.3799	0.8980	0.1223s	0.3575	0.9030	0.8976
90
0216	0.1470	0.9750	0.3797	0.8940	0.1249s	0.3607	0.9070	0.9020
91
0217	0.1267	1.0000	0.3791	0.8960	0.1223s	0.3619	0.9050	0.8999
92
0218	0.1501	0.9750	0.3752	0.8960	0.1215s	0.3567	0.9060	0.9009
93
0219	0.1340	0.9833	0.3742	0.8980	0.1220s	0.3538	0.9070	0.9019
94
0220	0.1332	0.9750	0.3768	0.9000	0.1221s	0.3550	0.8980	0.8919
95
0221	0.1380	1.0000	0.3797	0.9020	0.1221s	0.3566	0.9000	0.8941
96
0222	0.1220	0.9750	0.3839	0.9000	0.1222s	0.3595	0.9010	0.8951
97
0223	0.1527	1.0000	0.3828	0.9020	0.1223s	0.3587	0.9040	0.8981
98
0224	0.1355	0.9750	0.3796	0.9020	0.1221s	0.3573	0.9050	0.8994
99
0225	0.1705	0.9667	0.3765	0.8940	0.1222s	0.3568	0.9040	0.8985
100
0226	0.1245	0.9833	0.3761	0.8920	0.1218s	0.3593	0.9060	0.9008
101
0227	0.1340	0.9833	0.3812	0.8940	0.1217s	0.3665	0.9060	0.9009
102
0228	0.1356	0.9750	0.3868	0.8920	0.1216s	0.3737	0.9020	0.8963
103
0229	0.1245	1.0000	0.3926	0.8880	0.1221s	0.3794	0.9010	0.8950
104
0230	0.1576	0.9583	0.3916	0.8920	0.1222s	0.3768	0.9020	0.8960
105
0231	0.1448	0.9750	0.3846	0.8920	0.1222s	0.3668	0.9040	0.8984
106
0232	0.1496	0.9667	0.3798	0.9040	0.1217s	0.3575	0.9050	0.8995
107
0233	0.1418	0.9833	0.3859	0.9000	0.1221s	0.3588	0.9030	0.8974
108
0234	0.1387	1.0000	0.3925	0.9040	0.1048s	0.3635	0.8990	0.8933
109
0235	0.1276	0.9833	0.3915	0.9040	0.1218s	0.3628	0.8990	0.8933
110
0236	0.1420	0.9667	0.3886	0.9000	0.1219s	0.3625	0.9020	0.8962
111
0237	0.1523	0.9917	0.3942	0.8920	0.1219s	0.3713	0.9000	0.8941
112
0238	0.1297	0.9750	0.4114	0.8900	0.1236s	0.3900	0.8930	0.8864
113
0239	0.1552	0.9750	0.4182	0.8860	0.1088s	0.3988	0.8900	0.8831
114
0240	0.1817	0.9583	0.4112	0.8880	0.1215s	0.3953	0.8940	0.8872
115
0241	0.1458	0.9667	0.3972	0.8920	0.1216s	0.3839	0.8980	0.8917
116
0242	0.1490	0.9667	0.3852	0.8920	0.1221s	0.3719	0.9050	0.8999
117
0243	0.1323	0.9917	0.3788	0.9000	0.1223s	0.3636	0.9100	0.9055
118
0244	0.1235	0.9833	0.3769	0.9000	0.1221s	0.3597	0.9090	0.9044
119
0245	0.1295	0.9750	0.3811	0.8980	0.1291s	0.3620	0.9020	0.8968
120
0246	0.1505	0.9917	0.3903	0.8980	0.1226s	0.3691	0.9010	0.8954
121
0247	0.1332	0.9917	0.3978	0.8980	0.1220s	0.3757	0.8990	0.8932
122
0248	0.1359	0.9750	0.4084	0.8940	0.1225s	0.3845	0.8920	0.8852
123
0249	0.1401	0.9833	0.4127	0.8880	0.1214s	0.3877	0.8940	0.8874
124
0250	0.1433	0.9667	0.4063	0.8860	0.1218s	0.3823	0.9000	0.8943
125
0251	0.1197	0.9750	0.3983	0.8940	0.1223s	0.3749	0.9030	0.8976
126
0252	0.1227	0.9833	0.3920	0.8900	0.1223s	0.3703	0.9010	0.8957
127
0253	0.1350	0.9833	0.3884	0.8920	0.1229s	0.3666	0.9100	0.9054
128
0254	0.1339	0.9917	0.3871	0.8880	0.1224s	0.3657	0.9070	0.9024
129
0255	0.1331	0.9750	0.3857	0.8900	0.1223s	0.3637	0.9040	0.8990
130
0256	0.1513	0.9833	0.3833	0.8960	0.1219s	0.3602	0.9040	0.8991
131
0257	0.1358	0.9833	0.3818	0.9020	0.1217s	0.3570	0.9100	0.9053
132
0258	0.1265	0.9833	0.3860	0.8980	0.1221s	0.3599	0.9040	0.8988
133
0259	0.1222	0.9917	0.3935	0.8980	0.1042s	0.3665	0.9030	0.8975
134
0260	0.1228	1.0000	0.3980	0.9000	0.1187s	0.3704	0.8980	0.8923
135
0261	0.1302	0.9917	0.3997	0.9020	0.1219s	0.3708	0.8950	0.8888
136
0262	0.1479	1.0000	0.3986	0.8980	0.1217s	0.3674	0.8980	0.8921
137
0263	0.1293	0.9583	0.3934	0.8960	0.1223s	0.3600	0.9050	0.8997
138
0264	0.1473	0.9833	0.3895	0.8980	0.1245s	0.3547	0.9060	0.9007
139
0265	0.1260	0.9750	0.3867	0.8980	0.1224s	0.3508	0.9060	0.9007
140
0266	0.1335	0.9833	0.3887	0.8980	0.1227s	0.3525	0.9060	0.9006
141
0267	0.1250	1.0000	0.3910	0.8980	0.1218s	0.3537	0.9040	0.8984
142
0268	0.1336	0.9917	0.3966	0.8940	0.1221s	0.3588	0.9060	0.9004
143
0269	0.1321	0.9833	0.4014	0.8880	0.1050s	0.3630	0.9010	0.8951
144
0270	0.1382	0.9833	0.4083	0.8900	0.1220s	0.3689	0.8970	0.8906
145
0271	0.1376	0.9917	0.4076	0.8900	0.1222s	0.3673	0.8950	0.8886
146
0272	0.1310	0.9917	0.4037	0.8960	0.1218s	0.3621	0.9000	0.8943
147
0273	0.1267	0.9917	0.3951	0.8980	0.1045s	0.3537	0.9050	0.8996
148
0274	0.1036	0.9917	0.3910	0.9040	0.1190s	0.3497	0.9060	0.9002
149
0275	0.1322	0.9917	0.3918	0.9020	0.1220s	0.3504	0.9060	0.9002
150
0276	0.1340	0.9667	0.3954	0.8920	0.1220s	0.3538	0.9040	0.8984
151
0277	0.1384	0.9833	0.3967	0.8980	0.1224s	0.3538	0.9050	0.8990
152
0278	0.1316	0.9583	0.3972	0.8960	0.1225s	0.3533	0.9040	0.8979
153
0279	0.1317	0.9833	0.3992	0.8940	0.1221s	0.3535	0.9010	0.8947
154
0280	0.1320	0.9750	0.4052	0.8880	0.1219s	0.3588	0.8990	0.8926
155
0281	0.1281	0.9917	0.4080	0.8880	0.1130s	0.3613	0.9000	0.8938
156
0282	0.1207	0.9750	0.4056	0.8900	0.1085s	0.3597	0.9010	0.8948
157
0283	0.1308	0.9917	0.4002	0.8960	0.1221s	0.3545	0.9030	0.8970
158
0284	0.1362	0.9833	0.3942	0.9020	0.1221s	0.3491	0.9070	0.9013
159
0285	0.1565	0.9750	0.3926	0.9000	0.1222s	0.3477	0.9100	0.9044
160
0286	0.1382	0.9833	0.3903	0.9000	0.1226s	0.3462	0.9110	0.9056
161
0287	0.1237	0.9750	0.3875	0.9000	0.1237s	0.3456	0.9070	0.9015
162
0288	0.1341	0.9750	0.3908	0.9060	0.1225s	0.3500	0.9060	0.9001
163
0289	0.1445	1.0000	0.4017	0.8920	0.1222s	0.3599	0.9020	0.8960
164
0290	0.1285	0.9750	0.4200	0.8820	0.1220s	0.3760	0.8980	0.8918
165
0291	0.1051	0.9833	0.4301	0.8820	0.1218s	0.3848	0.8910	0.8849
166
0292	0.1321	0.9833	0.4203	0.8880	0.1220s	0.3755	0.8920	0.8857
167
0293	0.1459	0.9750	0.3988	0.9000	0.1218s	0.3557	0.9040	0.8984
168
0294	0.1497	0.9750	0.3803	0.9060	0.1219s	0.3388	0.9080	0.9030
169
0295	0.1340	0.9917	0.3709	0.9080	0.1219s	0.3307	0.9140	0.9095
170
0296	0.1181	0.9667	0.3672	0.9080	0.1225s	0.3281	0.9150	0.9107
171
0297	0.1414	0.9917	0.3679	0.9100	0.1218s	0.3298	0.9120	0.9071
172
0298	0.1404	0.9667	0.3729	0.9080	0.1233s	0.3348	0.9070	0.9018
173
0299	0.1340	0.9833	0.3821	0.9080	0.1216s	0.3429	0.9020	0.8961
174
0300	0.1514	0.9667	0.3904	0.9020	0.1219s	0.3514	0.9010	0.8954
175
0301	0.1302	0.9500	0.3896	0.9000	0.1221s	0.3524	0.9000	0.8945
176
0302	0.1333	0.9917	0.3870	0.8900	0.1220s	0.3525	0.9060	0.9008
177
0303	0.1394	0.9833	0.3816	0.8920	0.1218s	0.3482	0.9070	0.9019
178
0304	0.1318	0.9750	0.3778	0.8940	0.1214s	0.3440	0.9090	0.9040
179
0305	0.1389	0.9917	0.3745	0.8980	0.1217s	0.3384	0.9100	0.9048
180
0306	0.1504	0.9750	0.3726	0.9020	0.1100s	0.3352	0.9070	0.9021
181
0307	0.1477	0.9917	0.3711	0.9040	0.1220s	0.3332	0.9090	0.9041
182
0308	0.1332	0.9583	0.3723	0.9080	0.1223s	0.3344	0.9070	0.9020
183
0309	0.1290	0.9750	0.3722	0.9040	0.1235s	0.3349	0.9070	0.9022
184
0310	0.1389	0.9833	0.3721	0.9020	0.1222s	0.3355	0.9080	0.9033
185
0311	0.1426	0.9667	0.3734	0.9020	0.1219s	0.3374	0.9080	0.9032
186
0312	0.1300	0.9833	0.3762	0.8960	0.1220s	0.3418	0.9060	0.9010
187
0313	0.1165	0.9917	0.3757	0.8960	0.1242s	0.3421	0.9060	0.9008
188
0314	0.1325	0.9500	0.3722	0.8980	0.1218s	0.3385	0.9080	0.9030
189
0315	0.1283	0.9833	0.3682	0.9020	0.1220s	0.3333	0.9090	0.9041
190
0316	0.1352	0.9917	0.3690	0.9040	0.1217s	0.3326	0.9080	0.9031
191
0317	0.1139	0.9667	0.3712	0.9040	0.1214s	0.3326	0.9090	0.9042
192
0318	0.1760	0.9667	0.3792	0.8960	0.1219s	0.3409	0.9050	0.8997
193
0319	0.1373	0.9750	0.3848	0.8940	0.1224s	0.3471	0.9030	0.8978
194
0320	0.1247	0.9917	0.3870	0.8940	0.1230s	0.3497	0.9000	0.8945
195
0321	0.1501	0.9667	0.3774	0.8940	0.1215s	0.3422	0.9040	0.8988
196
0322	0.1480	0.9917	0.3690	0.9040	0.1220s	0.3359	0.9080	0.9028
197
0323	0.1228	0.9917	0.3674	0.9000	0.1214s	0.3355	0.9060	0.9010
198
0324	0.1180	0.9833	0.3677	0.9000	0.1220s	0.3352	0.9080	0.9033
199
Early stop! Min loss:0.35112839937210083,  Max accuracy:0.914
Early stop model validation loss:0.35112839937210083,  accuracy:0.91
Optimization Finished!
Total time elapsed: 40.1389s
test max acc:0.9160
Loading 116th epoch
stru_node_to_hop attention:tensor([[0.2506, 0.2503, 0.2496, 0.2495],
        [0.2497, 0.2502, 0.2501, 0.2501],
        [0.2490, 0.2508, 0.2502, 0.2501],
        [0.2477, 0.2504, 0.2509, 0.2510],
        [0.2497, 0.2504, 0.2500, 0.2499],
        [0.2498, 0.2507, 0.2498, 0.2497],
        [0.2490, 0.2504, 0.2504, 0.2502],
        [0.2495, 0.2506, 0.2501, 0.2499],
        [0.2496, 0.2508, 0.2499, 0.2497],
        [0.2497, 0.2503, 0.2501, 0.2499],
        [0.2494, 0.2503, 0.2501, 0.2501],
        [0.2492, 0.2505, 0.2501, 0.2502],
        [0.2501, 0.2500, 0.2499, 0.2499],
        [0.2520, 0.2500, 0.2492, 0.2489],
        [0.2482, 0.2509, 0.2505, 0.2504],
        [0.2506, 0.2504, 0.2497, 0.2492],
        [0.2491, 0.2506, 0.2502, 0.2501],
        [0.2489, 0.2519, 0.2499, 0.2493],
        [0.2500, 0.2500, 0.2500, 0.2500],
        [0.2501, 0.2501, 0.2499, 0.2498],
        [0.2494, 0.2502, 0.2502, 0.2502],
        [0.2493, 0.2511, 0.2499, 0.2496],
        [0.2499, 0.2501, 0.2500, 0.2500],
        [0.2479, 0.2511, 0.2505, 0.2505],
        [0.2500, 0.2500, 0.2500, 0.2500],
        [0.2479, 0.2513, 0.2505, 0.2503],
        [0.2501, 0.2502, 0.2499, 0.2498],
        [0.2498, 0.2503, 0.2500, 0.2499],
        [0.2498, 0.2501, 0.2501, 0.2501],
        [0.2484, 0.2512, 0.2503, 0.2501],
        [0.2475, 0.2515, 0.2506, 0.2504],
        [0.2486, 0.2509, 0.2504, 0.2501],
        [0.2494, 0.2505, 0.2501, 0.2500],
        [0.2495, 0.2503, 0.2501, 0.2501],
        [0.2497, 0.2503, 0.2501, 0.2499],
        [0.2495, 0.2503, 0.2501, 0.2501],
        [0.2492, 0.2504, 0.2503, 0.2501],
        [0.2490, 0.2503, 0.2503, 0.2504],
        [0.2494, 0.2503, 0.2502, 0.2501],
        [0.2510, 0.2503, 0.2494, 0.2493],
        [0.2496, 0.2502, 0.2501, 0.2501],
        [0.2490, 0.2508, 0.2502, 0.2500],
        [0.2498, 0.2503, 0.2500, 0.2499],
        [0.2502, 0.2499, 0.2499, 0.2500],
        [0.2482, 0.2507, 0.2506, 0.2504],
        [0.1607, 0.1956, 0.2799, 0.3639],
        [0.2494, 0.2504, 0.2503, 0.2499],
        [0.2498, 0.2502, 0.2500, 0.2500],
        [0.2496, 0.2501, 0.2502, 0.2501],
        [0.2500, 0.2501, 0.2500, 0.2499],
        [0.2473, 0.2509, 0.2509, 0.2509],
        [0.2491, 0.2505, 0.2503, 0.2502],
        [0.2500, 0.2500, 0.2500, 0.2500],
        [0.2505, 0.2499, 0.2499, 0.2498],
        [0.2469, 0.2518, 0.2506, 0.2507],
        [0.2487, 0.2506, 0.2503, 0.2504],
        [0.2514, 0.2505, 0.2493, 0.2488],
        [0.2493, 0.2505, 0.2501, 0.2501],
        [0.2497, 0.2507, 0.2499, 0.2497],
        [0.2493, 0.2511, 0.2499, 0.2497],
        [0.2484, 0.2507, 0.2505, 0.2504],
        [0.2484, 0.2510, 0.2503, 0.2502],
        [0.2494, 0.2503, 0.2502, 0.2501],
        [0.2493, 0.2502, 0.2502, 0.2503],
        [0.2501, 0.2500, 0.2499, 0.2499],
        [0.2492, 0.2501, 0.2504, 0.2504],
        [0.2497, 0.2506, 0.2499, 0.2497],
        [0.2486, 0.2501, 0.2506, 0.2507],
        [0.2499, 0.2501, 0.2500, 0.2500],
        [0.2490, 0.2504, 0.2503, 0.2503],
        [0.2490, 0.2518, 0.2497, 0.2495],
        [0.2493, 0.2502, 0.2502, 0.2502],
        [0.2496, 0.2503, 0.2502, 0.2500],
        [0.2496, 0.2508, 0.2499, 0.2496],
        [0.2496, 0.2501, 0.2501, 0.2501],
        [0.2497, 0.2501, 0.2501, 0.2501],
        [0.2510, 0.2503, 0.2495, 0.2493],
        [0.2523, 0.2482, 0.2496, 0.2499],
        [0.2501, 0.2500, 0.2500, 0.2500],
        [0.2492, 0.2503, 0.2503, 0.2503],
        [0.2495, 0.2500, 0.2502, 0.2502],
        [0.2498, 0.2507, 0.2499, 0.2496],
        [0.2513, 0.2496, 0.2497, 0.2495],
        [0.2504, 0.2499, 0.2499, 0.2499],
        [0.2496, 0.2503, 0.2501, 0.2500],
        [0.2503, 0.2499, 0.2499, 0.2499],
        [0.2487, 0.2504, 0.2504, 0.2505],
        [0.2489, 0.2507, 0.2503, 0.2501],
        [0.2496, 0.2511, 0.2499, 0.2494],
        [0.2508, 0.2502, 0.2496, 0.2494],
        [0.2487, 0.2506, 0.2504, 0.2503],
        [0.2499, 0.2500, 0.2500, 0.2500],
        [0.2501, 0.2500, 0.2500, 0.2499],
        [0.2489, 0.2506, 0.2503, 0.2502],
        [0.2499, 0.2501, 0.2500, 0.2500],
        [0.2499, 0.2500, 0.2500, 0.2500],
        [0.2482, 0.2511, 0.2504, 0.2502],
        [0.2506, 0.2495, 0.2500, 0.2499],
        [0.2494, 0.2508, 0.2500, 0.2498],
        [0.2496, 0.2503, 0.2501, 0.2500]], device='cuda:1')
fea_node_to_hop attention:tensor([[0.3330, 0.3340, 0.3330],
        [0.3328, 0.3335, 0.3337],
        [0.3327, 0.3321, 0.3352],
        [0.3327, 0.3334, 0.3339],
        [0.3334, 0.3333, 0.3333],
        [0.3315, 0.3335, 0.3350],
        [0.3285, 0.3335, 0.3379],
        [0.3315, 0.3337, 0.3348],
        [0.3309, 0.3339, 0.3351],
        [0.3292, 0.3352, 0.3356],
        [0.3325, 0.3332, 0.3343],
        [0.3313, 0.3340, 0.3347],
        [0.3329, 0.3330, 0.3341],
        [0.3285, 0.3346, 0.3369],
        [0.3301, 0.3348, 0.3351],
        [0.3319, 0.3333, 0.3348],
        [0.3303, 0.3347, 0.3350],
        [0.3315, 0.3334, 0.3351],
        [0.3333, 0.3334, 0.3333],
        [0.3325, 0.3333, 0.3342],
        [0.3299, 0.3355, 0.3346],
        [0.3309, 0.3342, 0.3349],
        [0.3324, 0.3336, 0.3340],
        [0.3331, 0.3332, 0.3337],
        [0.3334, 0.3334, 0.3332],
        [0.3293, 0.3349, 0.3359],
        [0.3314, 0.3333, 0.3353],
        [0.3312, 0.3340, 0.3349],
        [0.3327, 0.3334, 0.3339],
        [0.3306, 0.3341, 0.3353],
        [0.3294, 0.3345, 0.3360],
        [0.3301, 0.3333, 0.3366],
        [0.3313, 0.3338, 0.3348],
        [0.3319, 0.3343, 0.3338],
        [0.3328, 0.3337, 0.3334],
        [0.3321, 0.3335, 0.3344],
        [0.3321, 0.3339, 0.3340],
        [0.3344, 0.3318, 0.3337],
        [0.3328, 0.3336, 0.3337],
        [0.3294, 0.3355, 0.3351],
        [0.3326, 0.3334, 0.3340],
        [0.3296, 0.3347, 0.3357],
        [0.3339, 0.3320, 0.3342],
        [0.3343, 0.3328, 0.3328],
        [0.3345, 0.3315, 0.3340],
        [0.3259, 0.3479, 0.3261],
        [0.3296, 0.3349, 0.3355],
        [0.3322, 0.3336, 0.3342],
        [0.3321, 0.3337, 0.3342],
        [0.3326, 0.3334, 0.3340],
        [0.3329, 0.3334, 0.3337],
        [0.3315, 0.3342, 0.3343],
        [0.3332, 0.3334, 0.3334],
        [0.3320, 0.3337, 0.3343],
        [0.3337, 0.3323, 0.3340],
        [0.3304, 0.3344, 0.3352],
        [0.3325, 0.3329, 0.3345],
        [0.3301, 0.3339, 0.3361],
        [0.3331, 0.3326, 0.3342],
        [0.3310, 0.3335, 0.3355],
        [0.3308, 0.3343, 0.3349],
        [0.3290, 0.3335, 0.3375],
        [0.3316, 0.3339, 0.3345],
        [0.3326, 0.3337, 0.3337],
        [0.3334, 0.3331, 0.3335],
        [0.3293, 0.3351, 0.3356],
        [0.3316, 0.3342, 0.3342],
        [0.3326, 0.3332, 0.3342],
        [0.3332, 0.3334, 0.3334],
        [0.3293, 0.3351, 0.3357],
        [0.3298, 0.3345, 0.3357],
        [0.3307, 0.3350, 0.3344],
        [0.3284, 0.3357, 0.3359],
        [0.3308, 0.3338, 0.3354],
        [0.3326, 0.3334, 0.3340],
        [0.3327, 0.3328, 0.3345],
        [0.3330, 0.3325, 0.3345],
        [0.3285, 0.3350, 0.3365],
        [0.3339, 0.3329, 0.3332],
        [0.3324, 0.3338, 0.3338],
        [0.3320, 0.3339, 0.3341],
        [0.3285, 0.3357, 0.3358],
        [0.3307, 0.3341, 0.3352],
        [0.3328, 0.3336, 0.3336],
        [0.3313, 0.3340, 0.3347],
        [0.3321, 0.3334, 0.3346],
        [0.3331, 0.3334, 0.3335],
        [0.3307, 0.3346, 0.3347],
        [0.3292, 0.3346, 0.3362],
        [0.3289, 0.3353, 0.3357],
        [0.3272, 0.3365, 0.3363],
        [0.3326, 0.3336, 0.3338],
        [0.3328, 0.3334, 0.3338],
        [0.3314, 0.3342, 0.3343],
        [0.3325, 0.3338, 0.3338],
        [0.3329, 0.3333, 0.3338],
        [0.3281, 0.3359, 0.3360],
        [0.3313, 0.3347, 0.3340],
        [0.3315, 0.3333, 0.3351],
        [0.3313, 0.3343, 0.3344]], device='cuda:1')
perception attention:tensor([0.5000, 0.5000], device='cuda:1')
Test set results: loss= 0.3371 accuracy= 0.9120 F1_score= 0.9074
