# epoch	loss_train	acc_train	loss_val	acc_val	time	acc_test	f1_test
0001	1.7991	0.0917	1.6886	0.4600	0.1215s	1.6781	0.4670	0.3421
0
0002	1.6820	0.4167	1.5272	0.4980	0.1047s	1.5007	0.5120	0.3779
0
0003	1.5168	0.5417	1.3456	0.5700	0.1046s	1.3134	0.5960	0.4946
0
0004	1.3561	0.5500	1.1499	0.7440	0.1216s	1.1225	0.7620	0.7394
0
0005	1.1363	0.6833	0.9759	0.8700	0.1196s	0.9530	0.8600	0.8522
0
0006	0.9540	0.8333	0.8377	0.8480	0.1209s	0.8170	0.8540	0.8478
0
0007	0.8425	0.8417	0.7213	0.8440	0.1223s	0.7040	0.8510	0.8455
0
0008	0.6944	0.8750	0.6179	0.8660	0.1225s	0.5991	0.8740	0.8679
0
0009	0.6057	0.9333	0.5440	0.8940	0.1191s	0.5223	0.8940	0.8879
0
0010	0.4925	0.9250	0.4949	0.8920	0.1215s	0.4686	0.8920	0.8850
0
0011	0.4332	0.9250	0.4562	0.9020	0.1221s	0.4271	0.8990	0.8921
0
0012	0.4223	0.9000	0.4266	0.9040	0.1225s	0.3951	0.8950	0.8889
0
0013	0.3396	0.9500	0.4045	0.8980	0.1224s	0.3715	0.8980	0.8928
0
0014	0.3163	0.9417	0.3916	0.8940	0.1222s	0.3568	0.8970	0.8920
0
0015	0.3076	0.9000	0.3869	0.8920	0.1220s	0.3515	0.9000	0.8951
0
0016	0.2649	0.9667	0.3887	0.8880	0.1193s	0.3514	0.9000	0.8945
0
0017	0.2436	0.9583	0.3910	0.8900	0.1219s	0.3510	0.8970	0.8912
1
0018	0.2510	0.9250	0.3994	0.8900	0.1224s	0.3568	0.8980	0.8914
2
0019	0.2312	0.9750	0.4022	0.8900	0.1046s	0.3580	0.9010	0.8948
3
0020	0.2369	0.9750	0.3960	0.8980	0.1212s	0.3513	0.9020	0.8958
4
0021	0.2154	0.9250	0.3925	0.9000	0.1220s	0.3477	0.9020	0.8958
5
0022	0.2220	0.9333	0.3954	0.8940	0.1219s	0.3525	0.8980	0.8920
6
0023	0.2020	0.9750	0.4021	0.8860	0.1224s	0.3616	0.8970	0.8905
7
0024	0.1773	0.9917	0.4043	0.8860	0.1217s	0.3650	0.8970	0.8900
8
0025	0.1684	0.9667	0.4042	0.8880	0.1047s	0.3655	0.8990	0.8930
9
0026	0.1743	0.9917	0.4058	0.8920	0.1223s	0.3667	0.8980	0.8916
10
0027	0.1734	0.9833	0.4083	0.8920	0.1232s	0.3690	0.8990	0.8924
11
0028	0.1540	0.9667	0.4136	0.8860	0.1220s	0.3746	0.8960	0.8896
12
0029	0.1923	0.9333	0.4198	0.8860	0.1223s	0.3815	0.8920	0.8852
13
0030	0.1687	0.9500	0.4238	0.8860	0.1046s	0.3871	0.8920	0.8847
14
0031	0.1516	0.9833	0.4265	0.8880	0.1219s	0.3915	0.8930	0.8862
15
0032	0.1763	0.9750	0.4198	0.8880	0.1216s	0.3871	0.8940	0.8871
16
0033	0.1662	0.9667	0.4102	0.8900	0.1219s	0.3799	0.8960	0.8899
17
0034	0.1547	0.9667	0.4049	0.8940	0.1222s	0.3756	0.8970	0.8911
18
0035	0.1686	0.9833	0.4015	0.9000	0.1209s	0.3722	0.8970	0.8912
19
0036	0.1645	0.9833	0.4002	0.9020	0.1219s	0.3713	0.8970	0.8911
20
0037	0.1541	0.9667	0.3994	0.8900	0.1222s	0.3709	0.8990	0.8933
21
0038	0.1623	0.9833	0.3996	0.8980	0.1222s	0.3706	0.8990	0.8927
22
0039	0.1575	0.9583	0.4058	0.8880	0.1223s	0.3764	0.8940	0.8872
23
0040	0.1591	0.9667	0.4124	0.8880	0.1221s	0.3822	0.8900	0.8830
24
0041	0.1797	0.9333	0.4058	0.8880	0.1224s	0.3759	0.8940	0.8877
25
0042	0.1576	0.9750	0.3943	0.8960	0.1221s	0.3651	0.9000	0.8939
26
0043	0.1396	0.9667	0.3847	0.9020	0.1220s	0.3566	0.8990	0.8934
27
0044	0.1790	0.9833	0.3814	0.9020	0.1220s	0.3546	0.9020	0.8968
0
0045	0.2032	0.9583	0.3829	0.8980	0.1223s	0.3576	0.9020	0.8967
0
0046	0.1758	0.9500	0.3850	0.9000	0.1224s	0.3603	0.9030	0.8980
1
0047	0.1584	0.9833	0.3894	0.8940	0.1213s	0.3653	0.8960	0.8907
2
0048	0.1577	0.9750	0.3905	0.8960	0.1207s	0.3669	0.8960	0.8903
3
0049	0.1596	0.9833	0.3884	0.8940	0.1219s	0.3660	0.8980	0.8920
4
0050	0.1580	0.9917	0.3882	0.8920	0.1222s	0.3662	0.8970	0.8904
5
0051	0.1386	1.0000	0.3908	0.8880	0.1215s	0.3688	0.8940	0.8873
6
0052	0.1610	0.9583	0.3897	0.8900	0.1219s	0.3674	0.8930	0.8862
7
0053	0.1489	0.9833	0.3864	0.8920	0.1218s	0.3646	0.8950	0.8883
8
0054	0.1374	1.0000	0.3816	0.8960	0.1223s	0.3594	0.9000	0.8937
9
0055	0.1549	0.9667	0.3801	0.8960	0.1224s	0.3570	0.9040	0.8982
10
0056	0.1695	0.9583	0.3807	0.8920	0.1045s	0.3576	0.9040	0.8981
0
0057	0.1718	0.9833	0.3822	0.8940	0.1223s	0.3588	0.9030	0.8978
1
0058	0.1524	0.9750	0.3854	0.8960	0.1219s	0.3618	0.9000	0.8948
2
0059	0.1927	0.9250	0.3835	0.8920	0.1222s	0.3609	0.9010	0.8957
3
0060	0.1366	0.9750	0.3794	0.8940	0.1222s	0.3583	0.9030	0.8971
4
0061	0.1655	0.9750	0.3820	0.8940	0.1051s	0.3623	0.8990	0.8920
0
0062	0.1609	0.9750	0.3856	0.8880	0.1191s	0.3673	0.8940	0.8861
1
0063	0.1887	0.9667	0.3810	0.8940	0.1224s	0.3631	0.8970	0.8909
2
0064	0.1428	0.9833	0.3716	0.8980	0.1222s	0.3533	0.8990	0.8936
3
0065	0.1437	0.9833	0.3652	0.9000	0.1192s	0.3453	0.9030	0.8978
0
0066	0.1489	0.9667	0.3620	0.9060	0.1198s	0.3386	0.9050	0.8997
0
0067	0.1628	0.9833	0.3663	0.9060	0.1222s	0.3412	0.9080	0.9029
0
0068	0.1525	0.9750	0.3777	0.8980	0.1216s	0.3529	0.9040	0.8980
0
0069	0.1663	0.9833	0.3909	0.8940	0.1072s	0.3666	0.9020	0.8960
1
0070	0.1691	0.9750	0.3972	0.8920	0.1220s	0.3744	0.8960	0.8888
2
0071	0.1755	0.9750	0.3898	0.8960	0.1221s	0.3694	0.8970	0.8901
3
0072	0.1475	0.9667	0.3785	0.8960	0.1216s	0.3609	0.8980	0.8922
4
0073	0.1285	0.9833	0.3708	0.9000	0.1216s	0.3541	0.9000	0.8945
5
0074	0.1500	0.9833	0.3673	0.9000	0.1048s	0.3503	0.9010	0.8956
6
0075	0.1464	0.9917	0.3690	0.8980	0.1182s	0.3509	0.9030	0.8975
7
0076	0.1417	0.9833	0.3766	0.9000	0.1220s	0.3574	0.9020	0.8963
8
0077	0.1397	1.0000	0.3863	0.8980	0.1220s	0.3659	0.9010	0.8942
9
0078	0.1638	0.9750	0.3938	0.8920	0.1216s	0.3710	0.9010	0.8940
10
0079	0.1598	0.9667	0.3887	0.8940	0.1214s	0.3643	0.9010	0.8945
11
0080	0.1308	0.9833	0.3787	0.8960	0.1221s	0.3530	0.9040	0.8978
12
0081	0.1361	0.9917	0.3706	0.9040	0.1222s	0.3430	0.9090	0.9039
13
0082	0.1664	0.9500	0.3704	0.9060	0.1214s	0.3422	0.9090	0.9043
14
0083	0.1445	0.9917	0.3756	0.9060	0.1216s	0.3485	0.9040	0.8986
0
0084	0.1386	0.9833	0.3862	0.8980	0.1090s	0.3592	0.9000	0.8943
0
0085	0.1429	0.9833	0.3945	0.8920	0.1219s	0.3665	0.8950	0.8888
1
0086	0.1410	0.9500	0.4025	0.8920	0.1224s	0.3731	0.8880	0.8807
2
0087	0.1448	0.9583	0.4057	0.8920	0.1229s	0.3759	0.8900	0.8827
3
0088	0.1488	0.9833	0.3972	0.8920	0.1222s	0.3673	0.8950	0.8883
4
0089	0.1561	0.9750	0.3912	0.8940	0.1046s	0.3602	0.9000	0.8942
5
0090	0.1480	0.9750	0.3855	0.9020	0.1179s	0.3535	0.9030	0.8973
6
0091	0.1304	0.9667	0.3801	0.9060	0.1222s	0.3491	0.9060	0.9005
7
0092	0.1364	0.9917	0.3756	0.9060	0.1221s	0.3468	0.9030	0.8974
0
0093	0.1307	0.9833	0.3746	0.9080	0.1223s	0.3487	0.9040	0.8985
0
0094	0.1384	0.9833	0.3752	0.9040	0.1207s	0.3520	0.9040	0.8988
0
0095	0.1345	0.9917	0.3772	0.9040	0.1224s	0.3572	0.9000	0.8942
1
0096	0.1526	0.9750	0.3804	0.9000	0.1226s	0.3629	0.9020	0.8962
2
0097	0.1414	0.9750	0.3778	0.9020	0.1080s	0.3606	0.9010	0.8955
3
0098	0.1281	0.9917	0.3758	0.9060	0.1047s	0.3569	0.9050	0.8994
4
0099	0.1388	1.0000	0.3732	0.9060	0.1048s	0.3531	0.9060	0.9003
5
0100	0.1463	0.9833	0.3757	0.9040	0.1227s	0.3532	0.9050	0.8993
6
0101	0.1557	0.9667	0.3745	0.9060	0.1048s	0.3503	0.9050	0.8989
7
0102	0.1512	0.9833	0.3724	0.9040	0.1193s	0.3481	0.9050	0.8991
8
0103	0.1475	1.0000	0.3707	0.9100	0.1223s	0.3500	0.9050	0.8993
9
0104	0.1612	0.9667	0.3701	0.9100	0.1224s	0.3555	0.9040	0.8982
0
0105	0.1434	0.9917	0.3727	0.9100	0.1223s	0.3618	0.9030	0.8971
0
0106	0.1432	0.9833	0.3705	0.9080	0.1048s	0.3598	0.9020	0.8961
0
0107	0.1574	0.9667	0.3664	0.9140	0.1154s	0.3553	0.9060	0.9003
1
0108	0.1549	0.9667	0.3607	0.9200	0.1222s	0.3459	0.9080	0.9029
0
0109	0.1327	0.9667	0.3613	0.9140	0.1222s	0.3419	0.9090	0.9040
0
0110	0.1451	0.9583	0.3685	0.9100	0.1220s	0.3470	0.9070	0.9021
1
0111	0.1596	0.9917	0.3715	0.9100	0.1053s	0.3510	0.9080	0.9031
2
0112	0.1364	0.9750	0.3713	0.9100	0.1226s	0.3519	0.9070	0.9020
3
0113	0.1429	0.9833	0.3661	0.9140	0.1225s	0.3499	0.9100	0.9053
4
0114	0.1312	0.9750	0.3639	0.9120	0.1223s	0.3515	0.9070	0.9023
5
0115	0.1452	0.9833	0.3635	0.9020	0.1217s	0.3538	0.9040	0.8991
6
0116	0.1271	0.9833	0.3650	0.9000	0.1047s	0.3571	0.9040	0.8990
7
0117	0.1590	0.9500	0.3693	0.9020	0.1218s	0.3622	0.9040	0.8989
8
0118	0.1438	0.9583	0.3700	0.9040	0.1219s	0.3615	0.9070	0.9017
9
0119	0.1484	0.9667	0.3687	0.9100	0.1054s	0.3570	0.9090	0.9039
10
0120	0.1428	0.9667	0.3697	0.9100	0.1223s	0.3556	0.9080	0.9024
11
0121	0.1378	0.9917	0.3706	0.9080	0.1223s	0.3555	0.9080	0.9023
12
0122	0.1419	0.9833	0.3692	0.9100	0.1221s	0.3546	0.9060	0.9002
13
0123	0.1403	0.9750	0.3676	0.9120	0.1210s	0.3532	0.9070	0.9014
14
0124	0.1334	0.9833	0.3666	0.9100	0.1221s	0.3523	0.9060	0.9005
15
0125	0.1343	0.9667	0.3679	0.9100	0.1222s	0.3539	0.9070	0.9019
16
0126	0.1367	0.9833	0.3727	0.9080	0.1218s	0.3587	0.9070	0.9018
17
0127	0.1612	0.9833	0.3778	0.9040	0.1220s	0.3642	0.9040	0.8990
18
0128	0.1362	0.9750	0.3837	0.9000	0.1220s	0.3714	0.8990	0.8932
19
0129	0.1458	0.9833	0.3836	0.9000	0.1207s	0.3725	0.9020	0.8965
20
0130	0.1409	0.9917	0.3788	0.8980	0.1218s	0.3674	0.9040	0.8988
21
0131	0.1445	0.9667	0.3773	0.9060	0.1197s	0.3654	0.9040	0.8988
22
0132	0.1153	0.9833	0.3751	0.9080	0.1225s	0.3619	0.9080	0.9025
23
0133	0.1332	1.0000	0.3752	0.9100	0.1225s	0.3604	0.9080	0.9025
24
0134	0.1407	0.9750	0.3783	0.9060	0.1218s	0.3629	0.9100	0.9046
25
0135	0.1400	0.9750	0.3789	0.9060	0.1224s	0.3649	0.9060	0.9003
26
0136	0.1422	0.9917	0.3772	0.9080	0.1192s	0.3654	0.9040	0.8985
27
0137	0.1281	0.9833	0.3742	0.9100	0.1225s	0.3651	0.9040	0.8984
28
0138	0.1410	0.9750	0.3722	0.9040	0.1220s	0.3659	0.9060	0.9005
29
0139	0.1367	0.9833	0.3726	0.9080	0.1061s	0.3675	0.9050	0.8994
30
0140	0.1431	0.9583	0.3782	0.9000	0.1190s	0.3723	0.9040	0.8985
31
0141	0.1279	0.9667	0.3848	0.8940	0.1328s	0.3771	0.9050	0.8999
32
0142	0.1445	0.9750	0.3926	0.8900	0.1390s	0.3824	0.8980	0.8925
33
0143	0.1533	0.9667	0.3922	0.8940	0.1390s	0.3800	0.9010	0.8958
34
0144	0.1425	0.9917	0.3792	0.9080	0.1378s	0.3671	0.9020	0.8970
35
0145	0.1294	1.0000	0.3719	0.9120	0.1376s	0.3599	0.9040	0.8988
36
0146	0.1336	0.9750	0.3644	0.9100	0.1377s	0.3538	0.9100	0.9052
37
0147	0.1157	0.9750	0.3621	0.9080	0.1149s	0.3555	0.9080	0.9030
38
0148	0.1586	0.9833	0.3676	0.9040	0.1222s	0.3657	0.9050	0.8995
39
0149	0.1456	0.9833	0.3803	0.8940	0.1248s	0.3817	0.9040	0.8981
40
0150	0.1278	0.9917	0.3878	0.8960	0.1229s	0.3904	0.9010	0.8947
41
0151	0.1652	0.9833	0.3770	0.8960	0.1225s	0.3783	0.9020	0.8961
42
0152	0.1329	0.9583	0.3655	0.9060	0.1234s	0.3636	0.9060	0.9006
43
0153	0.1338	0.9917	0.3618	0.9100	0.1207s	0.3562	0.9060	0.9011
44
0154	0.1193	0.9833	0.3644	0.9100	0.1222s	0.3553	0.9070	0.9022
45
0155	0.1442	0.9750	0.3696	0.9060	0.1238s	0.3611	0.9020	0.8965
46
0156	0.1184	0.9917	0.3772	0.9060	0.1239s	0.3708	0.8970	0.8911
47
0157	0.1221	1.0000	0.3863	0.8980	0.1223s	0.3825	0.8910	0.8846
48
0158	0.1385	0.9833	0.3936	0.8860	0.1225s	0.3931	0.8910	0.8843
49
0159	0.1431	0.9583	0.3956	0.8900	0.1236s	0.3989	0.8900	0.8830
50
0160	0.1456	0.9667	0.3881	0.8960	0.1219s	0.3939	0.8950	0.8884
51
0161	0.1287	0.9833	0.3789	0.8960	0.1219s	0.3851	0.8970	0.8909
52
0162	0.1378	0.9750	0.3687	0.9100	0.1239s	0.3728	0.9030	0.8974
53
0163	0.1377	0.9750	0.3630	0.9060	0.1220s	0.3645	0.9020	0.8966
54
0164	0.1476	0.9583	0.3630	0.9120	0.1227s	0.3607	0.9080	0.9029
55
0165	0.1308	0.9833	0.3689	0.9100	0.1226s	0.3648	0.9030	0.8974
56
0166	0.1465	0.9667	0.3713	0.9080	0.1227s	0.3672	0.9030	0.8972
57
0167	0.1427	0.9833	0.3771	0.9060	0.1223s	0.3733	0.9040	0.8982
58
0168	0.1288	0.9833	0.3795	0.9040	0.1227s	0.3755	0.9020	0.8959
59
0169	0.1380	0.9833	0.3789	0.9000	0.1222s	0.3755	0.9010	0.8947
60
0170	0.1425	0.9833	0.3795	0.8980	0.1213s	0.3767	0.9000	0.8937
61
0171	0.1467	0.9833	0.3796	0.8960	0.1222s	0.3764	0.9040	0.8980
62
0172	0.1375	0.9750	0.3752	0.9000	0.1235s	0.3717	0.9060	0.9003
63
0173	0.1361	0.9917	0.3728	0.8980	0.1226s	0.3679	0.9050	0.8993
64
0174	0.1571	0.9583	0.3732	0.9020	0.1235s	0.3662	0.9060	0.9003
65
0175	0.1433	0.9667	0.3741	0.9020	0.1220s	0.3644	0.9060	0.9007
66
0176	0.1314	0.9833	0.3795	0.9020	0.1527s	0.3671	0.8980	0.8920
67
0177	0.1307	0.9833	0.3840	0.8960	0.1388s	0.3701	0.8930	0.8870
68
0178	0.1237	1.0000	0.3853	0.8960	0.1408s	0.3708	0.8920	0.8858
69
0179	0.1342	0.9667	0.3877	0.8940	0.1394s	0.3743	0.8930	0.8874
70
0180	0.1194	0.9833	0.3886	0.8900	0.1402s	0.3761	0.8950	0.8895
71
0181	0.1226	0.9917	0.3899	0.8880	0.1210s	0.3779	0.8950	0.8895
72
0182	0.1416	0.9750	0.3846	0.8920	0.1255s	0.3726	0.8980	0.8923
73
0183	0.1394	0.9583	0.3795	0.8980	0.1223s	0.3677	0.8990	0.8932
74
0184	0.1379	0.9833	0.3765	0.9060	0.1227s	0.3631	0.9010	0.8951
75
0185	0.1340	0.9583	0.3750	0.9080	0.1258s	0.3606	0.9030	0.8973
76
0186	0.1403	0.9917	0.3759	0.9080	0.1222s	0.3600	0.9020	0.8961
77
0187	0.1164	0.9750	0.3796	0.9080	0.1225s	0.3626	0.8990	0.8927
78
0188	0.1259	0.9833	0.3795	0.9060	0.1221s	0.3625	0.9010	0.8950
79
0189	0.1242	0.9833	0.3754	0.9040	0.1278s	0.3589	0.9020	0.8962
80
0190	0.1410	0.9750	0.3706	0.9040	0.1239s	0.3552	0.9060	0.9007
81
0191	0.1166	0.9917	0.3693	0.9040	0.1211s	0.3553	0.9070	0.9021
82
0192	0.1160	0.9917	0.3695	0.9060	0.1139s	0.3581	0.9020	0.8971
83
0193	0.1340	0.9667	0.3735	0.9020	0.1077s	0.3658	0.9050	0.8996
84
0194	0.1386	0.9833	0.3785	0.9020	0.1106s	0.3719	0.9040	0.8985
85
0195	0.1448	0.9917	0.3843	0.8940	0.1072s	0.3781	0.8960	0.8903
86
0196	0.1248	0.9750	0.3905	0.8880	0.1182s	0.3826	0.8920	0.8858
87
0197	0.1407	0.9833	0.3951	0.8860	0.1073s	0.3852	0.8910	0.8853
88
0198	0.1486	0.9750	0.3894	0.8880	0.1294s	0.3770	0.8910	0.8848
89
0199	0.1258	0.9750	0.3813	0.8980	0.1223s	0.3678	0.8980	0.8918
90
0200	0.1635	0.9750	0.3703	0.9060	0.1220s	0.3576	0.9050	0.8994
91
0201	0.1311	0.9917	0.3671	0.9020	0.1224s	0.3578	0.9050	0.8996
92
0202	0.1388	0.9833	0.3733	0.8960	0.1226s	0.3675	0.9060	0.9006
93
0203	0.1639	0.9667	0.3816	0.8900	0.1238s	0.3778	0.9070	0.9016
94
0204	0.1383	0.9833	0.3878	0.8880	0.1225s	0.3840	0.9030	0.8970
95
0205	0.1378	0.9750	0.3889	0.8900	0.1223s	0.3828	0.8990	0.8927
96
0206	0.1430	0.9583	0.3911	0.8920	0.1210s	0.3815	0.8940	0.8871
97
0207	0.1272	0.9667	0.3918	0.8940	0.1227s	0.3795	0.8930	0.8856
98
0208	0.1381	0.9917	0.3889	0.8940	0.1073s	0.3746	0.8970	0.8903
99
0209	0.1422	0.9917	0.3807	0.8940	0.1229s	0.3652	0.8950	0.8890
100
0210	0.1330	0.9833	0.3747	0.8960	0.1226s	0.3598	0.8990	0.8932
101
0211	0.1357	0.9667	0.3759	0.9000	0.1264s	0.3643	0.9030	0.8980
102
0212	0.1322	0.9750	0.3834	0.8940	0.1227s	0.3747	0.9040	0.8989
103
0213	0.1473	0.9833	0.3889	0.8920	0.1222s	0.3809	0.9050	0.8995
104
0214	0.1168	1.0000	0.3933	0.8860	0.1230s	0.3845	0.9050	0.8995
105
0215	0.1461	0.9750	0.3943	0.8880	0.1223s	0.3829	0.9020	0.8967
106
0216	0.1366	0.9667	0.3931	0.8920	0.1220s	0.3777	0.9040	0.8985
107
0217	0.1288	0.9833	0.3932	0.8980	0.1234s	0.3729	0.9020	0.8961
108
0218	0.1199	0.9667	0.3941	0.8960	0.1226s	0.3695	0.9000	0.8940
109
0219	0.1634	0.9750	0.3884	0.9020	0.1216s	0.3633	0.9020	0.8966
110
0220	0.1392	0.9833	0.3809	0.9000	0.1236s	0.3588	0.9050	0.9002
111
0221	0.1328	0.9667	0.3799	0.9020	0.1207s	0.3610	0.9030	0.8981
112
0222	0.1255	1.0000	0.3806	0.9040	0.1224s	0.3658	0.9050	0.9005
113
0223	0.1399	0.9667	0.3829	0.8940	0.1234s	0.3714	0.9050	0.9003
114
0224	0.1434	0.9667	0.3864	0.8940	0.1221s	0.3777	0.9080	0.9031
115
0225	0.1251	0.9917	0.3896	0.8920	0.1222s	0.3816	0.9080	0.9033
116
0226	0.1253	0.9917	0.3914	0.8900	0.1092s	0.3811	0.9080	0.9033
117
0227	0.1398	0.9667	0.3966	0.8940	0.1200s	0.3822	0.9000	0.8946
118
0228	0.1131	0.9917	0.3988	0.8920	0.1219s	0.3810	0.9010	0.8951
119
0229	0.1331	0.9917	0.3998	0.8960	0.1230s	0.3790	0.9000	0.8941
120
0230	0.1331	0.9667	0.3953	0.9020	0.1224s	0.3740	0.8980	0.8919
121
0231	0.1349	1.0000	0.3885	0.9020	0.1230s	0.3684	0.8950	0.8894
122
0232	0.1356	0.9917	0.3878	0.8960	0.1235s	0.3705	0.8970	0.8917
123
0233	0.1141	0.9833	0.3849	0.8940	0.1248s	0.3719	0.8980	0.8926
124
0234	0.1426	0.9750	0.3840	0.8940	0.1235s	0.3757	0.9030	0.8978
125
0235	0.1380	0.9833	0.3849	0.8940	0.1233s	0.3805	0.9000	0.8945
126
0236	0.1210	0.9917	0.3876	0.8880	0.1237s	0.3843	0.8990	0.8933
127
0237	0.1144	0.9917	0.3948	0.8880	0.1204s	0.3912	0.9010	0.8954
128
0238	0.1116	0.9833	0.4032	0.8900	0.1211s	0.3985	0.8980	0.8921
129
0239	0.1325	0.9833	0.3995	0.8900	0.1217s	0.3944	0.8960	0.8899
130
0240	0.1425	0.9917	0.3907	0.8920	0.1223s	0.3839	0.8940	0.8879
131
0241	0.1288	0.9750	0.3830	0.8960	0.1222s	0.3742	0.9010	0.8952
132
0242	0.1252	0.9833	0.3767	0.8960	0.1236s	0.3652	0.9020	0.8964
133
0243	0.1524	0.9917	0.3741	0.8980	0.1223s	0.3611	0.9040	0.8984
134
0244	0.1271	0.9750	0.3710	0.9000	0.1047s	0.3573	0.9070	0.9018
135
0245	0.1427	0.9583	0.3690	0.8960	0.1151s	0.3559	0.9070	0.9020
136
0246	0.1478	0.9750	0.3734	0.9000	0.1225s	0.3617	0.9040	0.8985
137
0247	0.1324	0.9667	0.3827	0.8940	0.1242s	0.3715	0.8960	0.8897
138
0248	0.1219	0.9750	0.3970	0.8880	0.1235s	0.3844	0.8880	0.8811
139
0249	0.1255	0.9750	0.3961	0.8880	0.1241s	0.3827	0.8900	0.8833
140
0250	0.1296	0.9917	0.3922	0.8900	0.1233s	0.3793	0.8920	0.8855
141
0251	0.1309	0.9667	0.3851	0.8920	0.1236s	0.3724	0.8950	0.8894
142
0252	0.1378	0.9667	0.3774	0.8900	0.1230s	0.3625	0.9010	0.8954
143
0253	0.1467	0.9667	0.3711	0.9020	0.1235s	0.3522	0.9010	0.8957
144
0254	0.1397	0.9583	0.3683	0.9020	0.1243s	0.3466	0.9050	0.9001
145
0255	0.1378	0.9833	0.3675	0.9000	0.1218s	0.3462	0.9070	0.9019
146
0256	0.1530	0.9667	0.3719	0.8980	0.1219s	0.3536	0.9110	0.9057
147
0257	0.1390	0.9917	0.3844	0.8880	0.1201s	0.3690	0.9040	0.8979
148
0258	0.1385	0.9667	0.3995	0.8880	0.1223s	0.3844	0.9000	0.8938
149
0259	0.1474	0.9917	0.4028	0.8920	0.1223s	0.3878	0.8980	0.8920
150
0260	0.1285	0.9667	0.4045	0.8940	0.1222s	0.3885	0.8980	0.8918
151
0261	0.1224	0.9833	0.3966	0.9000	0.1225s	0.3785	0.8990	0.8926
152
0262	0.1543	0.9750	0.3888	0.8960	0.1046s	0.3687	0.9010	0.8950
153
0263	0.1238	0.9667	0.3807	0.8980	0.1047s	0.3596	0.9050	0.8992
154
0264	0.1274	0.9500	0.3718	0.9060	0.1042s	0.3516	0.9080	0.9028
155
0265	0.1301	0.9667	0.3693	0.9060	0.1222s	0.3511	0.9040	0.8986
156
0266	0.1339	0.9750	0.3694	0.9020	0.1216s	0.3545	0.9060	0.9010
157
0267	0.1288	0.9750	0.3686	0.9020	0.1198s	0.3566	0.9040	0.8988
158
0268	0.1546	0.9750	0.3673	0.9040	0.1224s	0.3567	0.9060	0.9006
159
0269	0.1290	0.9917	0.3708	0.9020	0.1239s	0.3609	0.9050	0.8994
160
0270	0.1368	0.9833	0.3758	0.9020	0.1200s	0.3642	0.9040	0.8985
161
0271	0.1353	0.9750	0.3838	0.8960	0.1047s	0.3710	0.9040	0.8988
162
0272	0.1365	0.9917	0.3831	0.9000	0.1222s	0.3696	0.9030	0.8975
163
0273	0.1316	0.9917	0.3789	0.9060	0.1220s	0.3636	0.9000	0.8939
164
0274	0.1426	0.9833	0.3741	0.9040	0.1187s	0.3576	0.9080	0.9027
165
0275	0.1446	0.9417	0.3678	0.9060	0.1226s	0.3511	0.9080	0.9023
166
0276	0.1337	0.9833	0.3660	0.9000	0.1216s	0.3481	0.9060	0.9011
167
0277	0.1360	0.9833	0.3663	0.9040	0.1218s	0.3488	0.9100	0.9053
168
0278	0.1125	0.9917	0.3670	0.9040	0.1050s	0.3494	0.9110	0.9063
169
0279	0.1387	0.9667	0.3728	0.8980	0.1236s	0.3555	0.9020	0.8967
170
0280	0.1372	0.9833	0.3768	0.8960	0.1217s	0.3587	0.9020	0.8962
171
0281	0.1178	0.9750	0.3793	0.8980	0.1224s	0.3592	0.9010	0.8952
172
0282	0.1301	0.9917	0.3820	0.8960	0.1223s	0.3596	0.9000	0.8944
173
0283	0.1470	0.9667	0.3781	0.9000	0.1226s	0.3539	0.8960	0.8900
174
0284	0.1200	1.0000	0.3750	0.8980	0.1224s	0.3506	0.8970	0.8911
175
0285	0.1419	1.0000	0.3701	0.9000	0.1225s	0.3465	0.8980	0.8922
176
0286	0.1309	0.9917	0.3660	0.9060	0.1201s	0.3449	0.9030	0.8976
177
0287	0.1178	0.9833	0.3655	0.9040	0.1225s	0.3477	0.9070	0.9015
178
0288	0.1536	0.9917	0.3694	0.9020	0.1222s	0.3531	0.9070	0.9018
179
0289	0.1298	1.0000	0.3726	0.9040	0.1175s	0.3567	0.9080	0.9029
180
0290	0.1359	0.9833	0.3768	0.8980	0.1225s	0.3610	0.9050	0.8997
181
0291	0.1696	0.9583	0.3792	0.8980	0.1217s	0.3623	0.9050	0.8998
182
0292	0.1357	0.9917	0.3815	0.8980	0.1220s	0.3624	0.8990	0.8937
183
0293	0.1837	0.9917	0.3806	0.9000	0.1229s	0.3582	0.9000	0.8946
184
0294	0.1413	0.9833	0.3839	0.8980	0.1220s	0.3555	0.8940	0.8875
185
0295	0.1310	0.9833	0.3846	0.8960	0.1217s	0.3530	0.8920	0.8853
186
0296	0.1496	0.9750	0.3769	0.9000	0.1220s	0.3458	0.8940	0.8875
187
0297	0.1325	0.9667	0.3672	0.9040	0.1228s	0.3404	0.9040	0.8986
188
0298	0.1277	0.9750	0.3638	0.9060	0.1241s	0.3398	0.9070	0.9021
189
0299	0.1416	0.9583	0.3632	0.9020	0.1225s	0.3425	0.9030	0.8979
190
0300	0.1204	0.9667	0.3685	0.8960	0.1225s	0.3501	0.9020	0.8967
191
0301	0.1516	0.9833	0.3716	0.8980	0.1225s	0.3532	0.9030	0.8977
192
0302	0.1557	0.9750	0.3703	0.9000	0.1232s	0.3510	0.9040	0.8989
193
0303	0.1364	0.9917	0.3707	0.8960	0.1221s	0.3493	0.9020	0.8970
194
0304	0.1477	0.9833	0.3709	0.8940	0.1222s	0.3475	0.8970	0.8914
195
0305	0.1381	0.9750	0.3707	0.8900	0.1221s	0.3471	0.8940	0.8877
196
0306	0.1340	0.9750	0.3730	0.8920	0.1247s	0.3502	0.8960	0.8899
197
0307	0.1612	0.9833	0.3723	0.8900	0.1224s	0.3515	0.8950	0.8891
198
0308	0.1577	0.9583	0.3672	0.8920	0.1224s	0.3485	0.8990	0.8934
199
Early stop! Min loss:0.36066219210624695,  Max accuracy:0.92
Early stop model validation loss:0.36066219210624695,  accuracy:0.92
Optimization Finished!
Total time elapsed: 37.7659s
test max acc:0.9110
Loading 107th epoch
stru_node_to_hop attention:tensor([[0.2507, 0.2509, 0.2494, 0.2490],
        [0.2505, 0.2498, 0.2499, 0.2499],
        [0.2471, 0.2516, 0.2507, 0.2506],
        [0.2490, 0.2521, 0.2497, 0.2492],
        [0.2496, 0.2502, 0.2501, 0.2500],
        [0.2500, 0.2504, 0.2498, 0.2498],
        [0.2494, 0.2502, 0.2502, 0.2502],
        [0.2499, 0.2501, 0.2501, 0.2500],
        [0.2487, 0.2509, 0.2503, 0.2501],
        [0.2494, 0.2504, 0.2501, 0.2501],
        [0.2499, 0.2502, 0.2500, 0.2500],
        [0.2494, 0.2504, 0.2502, 0.2501],
        [0.2500, 0.2500, 0.2500, 0.2500],
        [0.2482, 0.2509, 0.2505, 0.2504],
        [0.2504, 0.2499, 0.2499, 0.2498],
        [0.2487, 0.2510, 0.2502, 0.2500],
        [0.2486, 0.2510, 0.2503, 0.2501],
        [0.2483, 0.2517, 0.2502, 0.2498],
        [0.2495, 0.2502, 0.2502, 0.2501],
        [0.2500, 0.2503, 0.2499, 0.2498],
        [0.2497, 0.2501, 0.2501, 0.2501],
        [0.2486, 0.2516, 0.2501, 0.2497],
        [0.2500, 0.2500, 0.2500, 0.2500],
        [0.2469, 0.2518, 0.2506, 0.2506],
        [0.2501, 0.2499, 0.2500, 0.2500],
        [0.2491, 0.2507, 0.2502, 0.2500],
        [0.2503, 0.2499, 0.2499, 0.2499],
        [0.2492, 0.2506, 0.2502, 0.2500],
        [0.2495, 0.2500, 0.2502, 0.2503],
        [0.2492, 0.2506, 0.2502, 0.2501],
        [0.2479, 0.2511, 0.2506, 0.2504],
        [0.2491, 0.2502, 0.2504, 0.2502],
        [0.2505, 0.2499, 0.2498, 0.2498],
        [0.2490, 0.2506, 0.2503, 0.2502],
        [0.2483, 0.2509, 0.2505, 0.2502],
        [0.2499, 0.2501, 0.2500, 0.2500],
        [0.2497, 0.2501, 0.2502, 0.2501],
        [0.2483, 0.2505, 0.2506, 0.2506],
        [0.2499, 0.2502, 0.2501, 0.2499],
        [0.2493, 0.2506, 0.2502, 0.2500],
        [0.2500, 0.2500, 0.2500, 0.2500],
        [0.2499, 0.2503, 0.2499, 0.2499],
        [0.2503, 0.2500, 0.2499, 0.2498],
        [0.2499, 0.2501, 0.2500, 0.2500],
        [0.2481, 0.2510, 0.2506, 0.2503],
        [0.2202, 0.2120, 0.2663, 0.3015],
        [0.2492, 0.2504, 0.2502, 0.2502],
        [0.2476, 0.2517, 0.2505, 0.2502],
        [0.2495, 0.2502, 0.2502, 0.2501],
        [0.2499, 0.2500, 0.2500, 0.2500],
        [0.2491, 0.2504, 0.2503, 0.2502],
        [0.2501, 0.2500, 0.2500, 0.2499],
        [0.2499, 0.2501, 0.2500, 0.2500],
        [0.2497, 0.2502, 0.2501, 0.2501],
        [0.2474, 0.2512, 0.2508, 0.2506],
        [0.2495, 0.2502, 0.2501, 0.2502],
        [0.2494, 0.2514, 0.2498, 0.2494],
        [0.2488, 0.2507, 0.2503, 0.2502],
        [0.2483, 0.2512, 0.2504, 0.2501],
        [0.2498, 0.2509, 0.2498, 0.2495],
        [0.2488, 0.2508, 0.2503, 0.2501],
        [0.2491, 0.2506, 0.2502, 0.2501],
        [0.2492, 0.2502, 0.2503, 0.2502],
        [0.2498, 0.2515, 0.2497, 0.2490],
        [0.2500, 0.2500, 0.2500, 0.2500],
        [0.2492, 0.2501, 0.2504, 0.2504],
        [0.2490, 0.2511, 0.2501, 0.2498],
        [0.2480, 0.2506, 0.2507, 0.2507],
        [0.2494, 0.2503, 0.2502, 0.2501],
        [0.2496, 0.2503, 0.2501, 0.2500],
        [0.2487, 0.2511, 0.2502, 0.2500],
        [0.2494, 0.2502, 0.2502, 0.2502],
        [0.2498, 0.2502, 0.2501, 0.2499],
        [0.2495, 0.2509, 0.2500, 0.2497],
        [0.2500, 0.2500, 0.2500, 0.2500],
        [0.2496, 0.2505, 0.2500, 0.2499],
        [0.2497, 0.2499, 0.2502, 0.2502],
        [0.2506, 0.2498, 0.2497, 0.2498],
        [0.2489, 0.2506, 0.2502, 0.2502],
        [0.2499, 0.2500, 0.2500, 0.2501],
        [0.2485, 0.2508, 0.2504, 0.2503],
        [0.2486, 0.2511, 0.2503, 0.2501],
        [0.2503, 0.2500, 0.2499, 0.2498],
        [0.2501, 0.2499, 0.2500, 0.2500],
        [0.2495, 0.2503, 0.2501, 0.2501],
        [0.2494, 0.2502, 0.2502, 0.2502],
        [0.2496, 0.2500, 0.2502, 0.2502],
        [0.2477, 0.2512, 0.2507, 0.2504],
        [0.2489, 0.2512, 0.2500, 0.2498],
        [0.2515, 0.2500, 0.2494, 0.2491],
        [0.2494, 0.2505, 0.2501, 0.2500],
        [0.2501, 0.2500, 0.2500, 0.2500],
        [0.2498, 0.2500, 0.2501, 0.2501],
        [0.2492, 0.2505, 0.2502, 0.2501],
        [0.2500, 0.2500, 0.2500, 0.2500],
        [0.2500, 0.2500, 0.2500, 0.2500],
        [0.2491, 0.2505, 0.2502, 0.2502],
        [0.2493, 0.2502, 0.2503, 0.2502],
        [0.2485, 0.2511, 0.2503, 0.2501],
        [0.2499, 0.2501, 0.2501, 0.2499]], device='cuda:1')
fea_node_to_hop attention:tensor([[0.3299, 0.3349, 0.3351],
        [0.3340, 0.3329, 0.3330],
        [0.3274, 0.3356, 0.3370],
        [0.3298, 0.3344, 0.3359],
        [0.3328, 0.3331, 0.3341],
        [0.3309, 0.3345, 0.3347],
        [0.3299, 0.3339, 0.3362],
        [0.3330, 0.3329, 0.3340],
        [0.3292, 0.3353, 0.3355],
        [0.3313, 0.3339, 0.3348],
        [0.3335, 0.3331, 0.3334],
        [0.3323, 0.3334, 0.3343],
        [0.3331, 0.3333, 0.3336],
        [0.3326, 0.3330, 0.3344],
        [0.3318, 0.3335, 0.3348],
        [0.3317, 0.3340, 0.3343],
        [0.3299, 0.3336, 0.3364],
        [0.3298, 0.3346, 0.3355],
        [0.3321, 0.3340, 0.3339],
        [0.3315, 0.3335, 0.3350],
        [0.3331, 0.3334, 0.3334],
        [0.3327, 0.3328, 0.3345],
        [0.3332, 0.3333, 0.3335],
        [0.3291, 0.3355, 0.3354],
        [0.3344, 0.3329, 0.3327],
        [0.3308, 0.3340, 0.3351],
        [0.3336, 0.3331, 0.3332],
        [0.3317, 0.3335, 0.3348],
        [0.3307, 0.3335, 0.3359],
        [0.3341, 0.3332, 0.3328],
        [0.3296, 0.3347, 0.3357],
        [0.3308, 0.3335, 0.3358],
        [0.3335, 0.3329, 0.3337],
        [0.3309, 0.3338, 0.3353],
        [0.3342, 0.3331, 0.3326],
        [0.3326, 0.3332, 0.3342],
        [0.3324, 0.3334, 0.3342],
        [0.3339, 0.3325, 0.3336],
        [0.3325, 0.3333, 0.3342],
        [0.3284, 0.3362, 0.3354],
        [0.3321, 0.3339, 0.3341],
        [0.3313, 0.3340, 0.3347],
        [0.3322, 0.3337, 0.3341],
        [0.3319, 0.3341, 0.3339],
        [0.3309, 0.3350, 0.3341],
        [0.2998, 0.3800, 0.3202],
        [0.3322, 0.3337, 0.3340],
        [0.3290, 0.3349, 0.3361],
        [0.3329, 0.3332, 0.3339],
        [0.3332, 0.3333, 0.3335],
        [0.3312, 0.3343, 0.3345],
        [0.3333, 0.3332, 0.3335],
        [0.3329, 0.3336, 0.3335],
        [0.3311, 0.3340, 0.3349],
        [0.3333, 0.3334, 0.3333],
        [0.3299, 0.3353, 0.3349],
        [0.3310, 0.3346, 0.3344],
        [0.3258, 0.3360, 0.3382],
        [0.3307, 0.3344, 0.3349],
        [0.3337, 0.3320, 0.3343],
        [0.3314, 0.3334, 0.3352],
        [0.3316, 0.3336, 0.3348],
        [0.3307, 0.3350, 0.3343],
        [0.3317, 0.3340, 0.3342],
        [0.3330, 0.3334, 0.3336],
        [0.3300, 0.3347, 0.3353],
        [0.3321, 0.3341, 0.3338],
        [0.3332, 0.3330, 0.3338],
        [0.3319, 0.3340, 0.3342],
        [0.3311, 0.3340, 0.3349],
        [0.3310, 0.3341, 0.3349],
        [0.3306, 0.3343, 0.3351],
        [0.3324, 0.3333, 0.3343],
        [0.3309, 0.3345, 0.3346],
        [0.3335, 0.3332, 0.3333],
        [0.3307, 0.3344, 0.3350],
        [0.3328, 0.3325, 0.3348],
        [0.3308, 0.3333, 0.3358],
        [0.3315, 0.3335, 0.3350],
        [0.3339, 0.3330, 0.3331],
        [0.3310, 0.3346, 0.3343],
        [0.3311, 0.3342, 0.3347],
        [0.3313, 0.3338, 0.3349],
        [0.3337, 0.3331, 0.3332],
        [0.3319, 0.3336, 0.3344],
        [0.3321, 0.3325, 0.3354],
        [0.3320, 0.3342, 0.3338],
        [0.3296, 0.3346, 0.3358],
        [0.3304, 0.3342, 0.3353],
        [0.3288, 0.3352, 0.3360],
        [0.3315, 0.3338, 0.3347],
        [0.3345, 0.3328, 0.3327],
        [0.3328, 0.3335, 0.3337],
        [0.3311, 0.3346, 0.3344],
        [0.3331, 0.3333, 0.3336],
        [0.3335, 0.3333, 0.3332],
        [0.3327, 0.3335, 0.3338],
        [0.3306, 0.3344, 0.3350],
        [0.3306, 0.3343, 0.3352],
        [0.3341, 0.3331, 0.3328]], device='cuda:1')
perception attention:tensor([0.5000, 0.5000], device='cuda:1')
Test set results: loss= 0.3459 accuracy= 0.9080 F1_score= 0.9029
