# epoch	loss_train	acc_train	loss_val	acc_val	time	acc_test	f1_test
0001	1.7963	0.1750	1.6814	0.3880	0.1050s	1.6664	0.4090	0.2778
0
0002	1.6860	0.4417	1.5252	0.4540	0.1297s	1.4960	0.4730	0.3354
0
0003	1.5315	0.5083	1.3527	0.5200	0.1051s	1.3242	0.5430	0.4488
0
0004	1.3345	0.6417	1.1661	0.6680	0.1193s	1.1460	0.7070	0.6745
0
0005	1.1436	0.7500	1.0003	0.8560	0.1119s	0.9850	0.8430	0.8301
0
0006	0.9840	0.8500	0.8682	0.8520	0.1222s	0.8531	0.8560	0.8503
0
0007	0.8202	0.7833	0.7435	0.8680	0.1264s	0.7279	0.8690	0.8629
0
0008	0.7211	0.8833	0.6405	0.8840	0.1138s	0.6244	0.8820	0.8738
0
0009	0.5777	0.8667	0.5675	0.8880	0.1066s	0.5530	0.8840	0.8743
0
0010	0.4996	0.9167	0.5130	0.8820	0.1066s	0.4988	0.8830	0.8724
0
0011	0.4789	0.9083	0.4698	0.8940	0.1254s	0.4548	0.8980	0.8904
0
0012	0.4535	0.9500	0.4374	0.8960	0.1220s	0.4191	0.9020	0.8958
0
0013	0.3754	0.9167	0.4156	0.8980	0.1232s	0.3958	0.8990	0.8922
0
0014	0.3200	0.9167	0.4055	0.8980	0.1215s	0.3849	0.8950	0.8878
0
0015	0.3046	0.9167	0.4002	0.8940	0.1222s	0.3791	0.8930	0.8855
0
0016	0.2905	0.9333	0.3887	0.8980	0.1223s	0.3676	0.8980	0.8915
0
0017	0.2567	0.9333	0.3839	0.8920	0.1222s	0.3621	0.8980	0.8917
0
0018	0.2334	0.9667	0.3835	0.8940	0.1227s	0.3610	0.8970	0.8909
0
0019	0.2441	0.9417	0.3813	0.8980	0.1225s	0.3580	0.8960	0.8899
0
0020	0.2503	0.9750	0.3787	0.9020	0.1235s	0.3544	0.8950	0.8887
0
0021	0.2003	0.9583	0.3798	0.9000	0.1225s	0.3558	0.8970	0.8908
0
0022	0.1842	0.9750	0.3827	0.8960	0.1261s	0.3590	0.8910	0.8842
1
0023	0.2221	0.9417	0.3876	0.8940	0.1221s	0.3637	0.8930	0.8862
2
0024	0.2098	0.9750	0.3932	0.8920	0.1248s	0.3676	0.8900	0.8823
3
0025	0.1959	0.9667	0.3981	0.8880	0.1111s	0.3720	0.8930	0.8851
4
0026	0.1831	0.9750	0.3973	0.8900	0.1229s	0.3712	0.8940	0.8863
5
0027	0.1839	0.9750	0.3911	0.8900	0.1276s	0.3659	0.8930	0.8860
6
0028	0.1720	0.9917	0.3871	0.8960	0.1249s	0.3624	0.8900	0.8834
7
0029	0.1599	0.9750	0.3884	0.8940	0.1164s	0.3634	0.8910	0.8845
8
0030	0.1556	0.9750	0.3896	0.8940	0.1096s	0.3634	0.8890	0.8824
9
0031	0.1976	0.9750	0.3941	0.8960	0.1075s	0.3683	0.8920	0.8852
10
0032	0.1561	0.9833	0.3963	0.8920	0.1110s	0.3713	0.8930	0.8861
11
0033	0.1501	0.9917	0.3980	0.8920	0.1223s	0.3743	0.8920	0.8847
12
0034	0.1617	0.9750	0.4009	0.8900	0.1234s	0.3782	0.8920	0.8843
13
0035	0.1787	0.9667	0.4042	0.8880	0.1220s	0.3801	0.8890	0.8812
14
0036	0.1500	0.9750	0.4044	0.8880	0.1228s	0.3781	0.8920	0.8844
15
0037	0.1557	0.9833	0.4001	0.8900	0.1249s	0.3717	0.8920	0.8845
16
0038	0.1555	0.9667	0.3976	0.8900	0.1209s	0.3670	0.8970	0.8903
17
0039	0.1736	0.9667	0.3951	0.8940	0.1214s	0.3643	0.8970	0.8903
18
0040	0.1690	0.9833	0.3905	0.8940	0.1222s	0.3612	0.8970	0.8902
19
0041	0.1610	0.9667	0.3907	0.8920	0.1227s	0.3639	0.8950	0.8879
20
0042	0.1448	0.9750	0.3951	0.8920	0.1223s	0.3702	0.8940	0.8871
21
0043	0.1623	0.9750	0.4001	0.8900	0.1223s	0.3771	0.8940	0.8869
22
0044	0.1868	0.9667	0.4030	0.8900	0.1223s	0.3807	0.8940	0.8864
23
0045	0.1408	0.9750	0.4021	0.8900	0.1066s	0.3798	0.8970	0.8897
24
0046	0.1826	0.9917	0.4008	0.8860	0.1227s	0.3762	0.8930	0.8863
25
0047	0.1473	0.9833	0.4010	0.8880	0.1223s	0.3736	0.8890	0.8820
26
0048	0.1593	0.9583	0.4017	0.8940	0.1221s	0.3713	0.8880	0.8813
27
0049	0.1485	0.9750	0.4030	0.8920	0.1226s	0.3717	0.8910	0.8845
28
0050	0.1825	0.9750	0.3997	0.8920	0.1235s	0.3696	0.8890	0.8826
29
0051	0.1697	0.9833	0.3938	0.8920	0.1224s	0.3662	0.8900	0.8836
30
0052	0.1515	0.9833	0.3852	0.8940	0.1224s	0.3609	0.8940	0.8876
31
0053	0.1701	0.9750	0.3819	0.8980	0.1049s	0.3591	0.8970	0.8905
32
0054	0.1646	0.9667	0.3813	0.8980	0.1050s	0.3590	0.9020	0.8960
33
0055	0.1603	0.9750	0.3815	0.8960	0.1196s	0.3587	0.9010	0.8950
34
0056	0.1693	0.9750	0.3806	0.8960	0.1226s	0.3561	0.8980	0.8913
35
0057	0.1598	0.9750	0.3831	0.8940	0.1225s	0.3571	0.9040	0.8977
36
0058	0.1792	0.9667	0.3880	0.8900	0.1224s	0.3618	0.8940	0.8863
37
0059	0.1639	0.9667	0.3895	0.8880	0.1061s	0.3640	0.8960	0.8889
38
0060	0.1519	0.9667	0.3907	0.8940	0.1109s	0.3666	0.8940	0.8871
39
0061	0.1569	0.9833	0.3923	0.8960	0.1221s	0.3701	0.8910	0.8840
40
0062	0.1440	0.9750	0.3859	0.8980	0.1239s	0.3664	0.8930	0.8866
41
0063	0.1612	0.9833	0.3778	0.8960	0.1046s	0.3613	0.8970	0.8910
42
0064	0.1408	0.9833	0.3701	0.9120	0.1236s	0.3566	0.9010	0.8957
0
0065	0.1544	0.9583	0.3676	0.9140	0.1236s	0.3553	0.9030	0.8980
0
0066	0.1358	1.0000	0.3649	0.9140	0.1230s	0.3522	0.9050	0.8999
0
0067	0.1516	0.9917	0.3643	0.9120	0.1227s	0.3519	0.9030	0.8977
0
0068	0.1626	0.9917	0.3688	0.9080	0.1237s	0.3553	0.9040	0.8978
0
0069	0.1321	0.9917	0.3811	0.8940	0.1226s	0.3655	0.8970	0.8903
1
0070	0.1422	0.9833	0.3869	0.8920	0.1224s	0.3687	0.8930	0.8858
2
0071	0.1532	0.9750	0.3854	0.8940	0.1179s	0.3663	0.8950	0.8877
3
0072	0.1494	0.9667	0.3823	0.8880	0.1216s	0.3624	0.8940	0.8869
4
0073	0.1626	1.0000	0.3739	0.8960	0.1228s	0.3543	0.9000	0.8937
5
0074	0.1536	0.9917	0.3638	0.9060	0.1224s	0.3464	0.9020	0.8962
6
0075	0.1192	0.9917	0.3571	0.9140	0.1220s	0.3427	0.9060	0.9007
0
0076	0.1489	0.9833	0.3562	0.9080	0.1242s	0.3447	0.9090	0.9042
0
0077	0.1419	0.9833	0.3601	0.9060	0.1229s	0.3507	0.9020	0.8972
0
0078	0.1504	0.9833	0.3608	0.9040	0.1227s	0.3509	0.9040	0.8987
1
0079	0.1309	0.9917	0.3611	0.9080	0.1220s	0.3498	0.9050	0.8996
2
0080	0.1492	0.9917	0.3634	0.9060	0.1232s	0.3477	0.9020	0.8960
3
0081	0.1466	0.9833	0.3703	0.8940	0.1231s	0.3504	0.8980	0.8916
4
0082	0.1350	1.0000	0.3782	0.8920	0.1222s	0.3552	0.8970	0.8904
5
0083	0.1288	0.9917	0.3800	0.8920	0.1243s	0.3561	0.9000	0.8934
6
0084	0.1401	0.9833	0.3764	0.8920	0.1200s	0.3536	0.8990	0.8923
7
0085	0.1550	0.9750	0.3701	0.9040	0.1222s	0.3508	0.9000	0.8937
8
0086	0.1539	0.9833	0.3673	0.9020	0.1269s	0.3501	0.9050	0.8991
9
0087	0.1298	0.9833	0.3693	0.8940	0.1227s	0.3533	0.9030	0.8975
10
0088	0.1295	1.0000	0.3705	0.8920	0.1224s	0.3551	0.9030	0.8977
11
0089	0.1598	0.9750	0.3710	0.8980	0.1228s	0.3541	0.9030	0.8976
12
0090	0.1464	0.9750	0.3739	0.8960	0.1229s	0.3546	0.8950	0.8889
13
0091	0.1520	0.9917	0.3777	0.8920	0.1221s	0.3556	0.8960	0.8900
14
0092	0.1544	0.9917	0.3784	0.8920	0.1218s	0.3533	0.8980	0.8917
15
0093	0.1481	0.9917	0.3780	0.8920	0.1183s	0.3509	0.9000	0.8934
16
0094	0.1303	0.9917	0.3790	0.8940	0.1216s	0.3505	0.9050	0.8986
17
0095	0.1368	1.0000	0.3788	0.8940	0.1170s	0.3506	0.9070	0.9010
18
0096	0.1438	0.9833	0.3773	0.8960	0.1223s	0.3499	0.9090	0.9034
19
0097	0.1446	0.9667	0.3766	0.8920	0.1224s	0.3499	0.9080	0.9026
20
0098	0.1540	0.9750	0.3703	0.9040	0.1047s	0.3452	0.9090	0.9039
21
0099	0.1537	0.9667	0.3671	0.9100	0.1225s	0.3421	0.9060	0.9007
22
0100	0.1396	0.9750	0.3688	0.9040	0.1177s	0.3433	0.9080	0.9028
23
0101	0.1445	0.9750	0.3717	0.9040	0.1219s	0.3439	0.9040	0.8984
24
0102	0.1383	0.9750	0.3744	0.9000	0.1199s	0.3444	0.9050	0.8997
25
0103	0.1503	0.9583	0.3705	0.9040	0.1224s	0.3405	0.9060	0.9010
26
0104	0.1364	0.9750	0.3675	0.9040	0.1223s	0.3367	0.9080	0.9030
27
0105	0.1461	0.9833	0.3653	0.9120	0.1233s	0.3350	0.9100	0.9053
28
0106	0.1510	0.9833	0.3693	0.9120	0.1225s	0.3397	0.9110	0.9056
29
0107	0.1547	0.9833	0.3765	0.9060	0.1050s	0.3492	0.9090	0.9034
30
0108	0.1367	0.9750	0.3804	0.8960	0.1220s	0.3542	0.9070	0.9017
31
0109	0.1469	0.9750	0.3819	0.8960	0.1225s	0.3569	0.9030	0.8975
32
0110	0.1395	0.9750	0.3774	0.9020	0.1236s	0.3525	0.9050	0.8996
33
0111	0.1374	0.9833	0.3738	0.9100	0.1172s	0.3487	0.9050	0.8996
34
0112	0.1615	0.9583	0.3727	0.9140	0.1221s	0.3473	0.9100	0.9054
35
0113	0.1464	1.0000	0.3749	0.9060	0.1220s	0.3481	0.9060	0.9011
0
0114	0.1277	0.9750	0.3788	0.9080	0.1250s	0.3493	0.9060	0.9011
1
0115	0.1373	0.9750	0.3843	0.9040	0.1056s	0.3519	0.8990	0.8934
2
0116	0.1445	0.9583	0.3874	0.9040	0.1220s	0.3544	0.9050	0.9002
3
0117	0.1272	0.9583	0.3890	0.9000	0.1216s	0.3571	0.9040	0.8990
4
0118	0.1384	0.9833	0.3913	0.8980	0.1223s	0.3609	0.9060	0.9007
5
0119	0.1152	0.9917	0.3940	0.8940	0.1219s	0.3641	0.9020	0.8959
6
0120	0.1357	0.9917	0.3891	0.8920	0.1238s	0.3598	0.9060	0.9002
7
0121	0.1398	0.9750	0.3898	0.8920	0.1222s	0.3598	0.9070	0.9010
8
0122	0.1445	0.9833	0.3882	0.8940	0.1225s	0.3569	0.9090	0.9034
9
0123	0.1381	1.0000	0.3873	0.8980	0.1223s	0.3535	0.9100	0.9049
10
0124	0.1383	0.9667	0.3917	0.9020	0.1102s	0.3565	0.9000	0.8943
11
0125	0.1373	0.9583	0.3939	0.9000	0.1219s	0.3583	0.9000	0.8942
12
0126	0.1410	0.9917	0.3952	0.9000	0.1207s	0.3595	0.8990	0.8934
13
0127	0.1386	0.9917	0.3953	0.8960	0.1220s	0.3594	0.9000	0.8945
14
0128	0.1391	0.9667	0.3913	0.9000	0.1197s	0.3561	0.9050	0.8999
15
0129	0.1352	0.9833	0.3868	0.8980	0.1223s	0.3541	0.9030	0.8977
16
0130	0.1220	0.9833	0.3871	0.8960	0.1222s	0.3564	0.9030	0.8975
17
0131	0.1404	0.9833	0.3917	0.8900	0.1167s	0.3591	0.9060	0.9002
18
0132	0.1571	0.9667	0.3952	0.8900	0.1227s	0.3600	0.9060	0.9000
19
0133	0.1479	0.9917	0.3988	0.8900	0.1225s	0.3607	0.9010	0.8949
20
0134	0.1581	0.9833	0.3975	0.8960	0.1224s	0.3576	0.9000	0.8940
21
0135	0.1497	0.9917	0.3885	0.9000	0.1223s	0.3471	0.9030	0.8975
22
0136	0.1346	0.9833	0.3834	0.9080	0.1179s	0.3399	0.9070	0.9023
23
0137	0.1217	0.9750	0.3794	0.9080	0.1224s	0.3344	0.9100	0.9058
24
0138	0.1441	0.9833	0.3763	0.9100	0.1221s	0.3332	0.9120	0.9080
25
0139	0.1362	0.9750	0.3763	0.9040	0.1223s	0.3365	0.9120	0.9078
26
0140	0.1511	0.9750	0.3821	0.9040	0.1229s	0.3453	0.9060	0.9010
27
0141	0.1362	0.9583	0.3961	0.8920	0.1222s	0.3616	0.9000	0.8942
28
0142	0.1423	1.0000	0.4087	0.8880	0.1221s	0.3729	0.8950	0.8888
29
0143	0.1491	0.9917	0.4094	0.8920	0.1225s	0.3726	0.8960	0.8900
30
0144	0.1617	0.9667	0.3888	0.9020	0.1249s	0.3530	0.9000	0.8943
31
0145	0.1261	0.9917	0.3780	0.9060	0.1224s	0.3397	0.9080	0.9031
32
0146	0.1257	1.0000	0.3720	0.8980	0.1226s	0.3324	0.9080	0.9034
33
0147	0.1313	0.9750	0.3713	0.9060	0.1220s	0.3305	0.9090	0.9047
34
0148	0.1455	0.9667	0.3745	0.8980	0.1257s	0.3334	0.9100	0.9057
35
0149	0.1490	0.9583	0.3795	0.9020	0.1216s	0.3383	0.9080	0.9032
36
0150	0.1202	0.9833	0.3864	0.9020	0.1221s	0.3447	0.9050	0.8999
37
0151	0.1263	0.9750	0.3900	0.9020	0.1221s	0.3483	0.9020	0.8966
38
0152	0.1381	0.9583	0.3889	0.9000	0.1162s	0.3474	0.9010	0.8957
39
0153	0.1263	0.9833	0.3863	0.9000	0.1217s	0.3448	0.9030	0.8980
40
0154	0.1313	0.9917	0.3827	0.9000	0.1226s	0.3386	0.9040	0.8991
41
0155	0.1526	1.0000	0.3806	0.9040	0.1075s	0.3344	0.9060	0.9014
42
0156	0.1384	0.9583	0.3790	0.9040	0.1199s	0.3313	0.9060	0.9013
43
0157	0.1293	0.9750	0.3806	0.9020	0.1250s	0.3339	0.9090	0.9046
44
0158	0.1334	0.9583	0.3883	0.8980	0.1226s	0.3430	0.9080	0.9034
45
0159	0.1527	0.9750	0.3942	0.8960	0.1222s	0.3498	0.9060	0.9010
46
0160	0.1397	0.9667	0.4021	0.8920	0.1223s	0.3571	0.9010	0.8953
47
0161	0.1478	0.9667	0.4007	0.8900	0.1213s	0.3545	0.8990	0.8931
48
0162	0.1357	0.9750	0.3956	0.8900	0.1222s	0.3485	0.9010	0.8955
49
0163	0.1357	0.9750	0.3915	0.8940	0.1226s	0.3439	0.8990	0.8934
50
0164	0.1555	0.9500	0.3868	0.9000	0.1225s	0.3404	0.9020	0.8969
51
0165	0.1639	0.9667	0.3890	0.9000	0.1176s	0.3444	0.9050	0.9002
52
0166	0.1218	0.9583	0.3956	0.8980	0.1047s	0.3518	0.9030	0.8982
53
0167	0.1248	0.9917	0.3987	0.9000	0.1049s	0.3562	0.9060	0.9012
54
0168	0.1439	0.9833	0.3944	0.8980	0.1047s	0.3533	0.9050	0.9003
55
0169	0.1471	0.9750	0.3863	0.9020	0.1046s	0.3477	0.9080	0.9035
56
0170	0.1270	0.9917	0.3814	0.9060	0.1044s	0.3430	0.9090	0.9043
57
0171	0.1304	0.9917	0.3794	0.9060	0.1216s	0.3413	0.9080	0.9034
58
0172	0.1333	0.9833	0.3789	0.9080	0.1049s	0.3416	0.9090	0.9045
59
0173	0.1231	1.0000	0.3815	0.9060	0.1045s	0.3444	0.9070	0.9023
60
0174	0.1347	0.9833	0.3868	0.9020	0.1040s	0.3499	0.9030	0.8979
61
0175	0.1256	0.9917	0.3929	0.8960	0.1046s	0.3556	0.9020	0.8967
62
0176	0.1195	0.9833	0.3942	0.8960	0.1044s	0.3567	0.9010	0.8956
63
0177	0.1428	1.0000	0.3953	0.8920	0.1207s	0.3576	0.9020	0.8967
64
0178	0.1305	0.9667	0.3908	0.8940	0.1150s	0.3525	0.9040	0.8990
65
0179	0.1285	0.9917	0.3875	0.8960	0.1045s	0.3485	0.9040	0.8989
66
0180	0.1730	0.9750	0.3861	0.8980	0.1043s	0.3469	0.9110	0.9064
67
0181	0.1531	0.9667	0.3875	0.9000	0.1214s	0.3494	0.9100	0.9052
68
0182	0.1530	0.9667	0.3891	0.8980	0.1050s	0.3534	0.9070	0.9016
69
0183	0.1280	0.9750	0.3922	0.8920	0.1201s	0.3582	0.9060	0.9006
70
0184	0.1580	0.9750	0.3905	0.8960	0.1052s	0.3576	0.9070	0.9016
71
0185	0.1239	0.9917	0.3905	0.8940	0.1043s	0.3584	0.9090	0.9040
72
0186	0.1333	0.9750	0.3937	0.8900	0.1046s	0.3627	0.9040	0.8986
73
0187	0.1415	0.9667	0.3978	0.8880	0.1045s	0.3664	0.9020	0.8965
74
0188	0.1352	0.9917	0.3956	0.8900	0.1045s	0.3638	0.9020	0.8968
75
0189	0.1282	0.9833	0.3960	0.8920	0.1211s	0.3651	0.9000	0.8947
76
0190	0.1358	0.9750	0.3938	0.8920	0.1235s	0.3640	0.9060	0.9013
77
0191	0.1281	1.0000	0.3882	0.9000	0.1057s	0.3584	0.9070	0.9021
78
0192	0.1288	0.9917	0.3856	0.9020	0.1044s	0.3550	0.9090	0.9041
79
0193	0.1324	0.9750	0.3855	0.9000	0.1147s	0.3553	0.9070	0.9021
80
0194	0.1295	0.9833	0.3895	0.8980	0.1220s	0.3612	0.9060	0.9009
81
0195	0.1306	0.9750	0.3941	0.8960	0.1227s	0.3665	0.9040	0.8989
82
0196	0.1322	0.9833	0.3962	0.8940	0.1184s	0.3693	0.9050	0.8999
83
0197	0.1178	0.9833	0.3949	0.8920	0.1224s	0.3693	0.9010	0.8956
84
0198	0.1269	0.9750	0.3904	0.8940	0.1250s	0.3658	0.9020	0.8964
85
0199	0.1306	1.0000	0.3876	0.8940	0.1234s	0.3630	0.9060	0.9011
86
0200	0.1217	0.9833	0.3851	0.8960	0.1114s	0.3622	0.9030	0.8977
87
0201	0.1324	0.9750	0.3838	0.8980	0.1049s	0.3631	0.9070	0.9021
88
0202	0.1148	0.9917	0.3820	0.8980	0.1220s	0.3637	0.9070	0.9019
89
0203	0.1458	0.9750	0.3809	0.8980	0.1227s	0.3643	0.9050	0.8994
90
0204	0.1315	1.0000	0.3832	0.8940	0.1224s	0.3682	0.9000	0.8939
91
0205	0.1162	0.9750	0.3895	0.8920	0.1224s	0.3752	0.8990	0.8927
92
0206	0.1413	0.9833	0.3888	0.8900	0.1217s	0.3747	0.9000	0.8942
93
0207	0.1366	0.9583	0.3807	0.8960	0.1056s	0.3668	0.9050	0.9001
94
0208	0.1403	0.9417	0.3712	0.9000	0.1220s	0.3556	0.9110	0.9069
95
0209	0.1271	0.9750	0.3663	0.9040	0.1222s	0.3502	0.9120	0.9081
96
0210	0.1402	0.9750	0.3665	0.9020	0.1222s	0.3517	0.9120	0.9082
97
0211	0.1402	0.9750	0.3691	0.8980	0.1218s	0.3554	0.9110	0.9066
98
0212	0.1461	1.0000	0.3754	0.8980	0.1224s	0.3634	0.9090	0.9042
99
0213	0.1351	0.9833	0.3798	0.9000	0.1231s	0.3675	0.9040	0.8983
100
0214	0.1416	0.9917	0.3872	0.8980	0.1177s	0.3747	0.9000	0.8936
101
0215	0.1380	0.9750	0.3926	0.8980	0.1226s	0.3797	0.9000	0.8937
102
0216	0.1295	0.9917	0.3983	0.8920	0.1227s	0.3845	0.9010	0.8951
103
0217	0.1299	0.9833	0.3977	0.8900	0.1224s	0.3823	0.9000	0.8943
104
0218	0.1290	1.0000	0.3994	0.8900	0.1216s	0.3827	0.8950	0.8890
105
0219	0.1467	1.0000	0.3915	0.9000	0.1221s	0.3729	0.8990	0.8931
106
0220	0.1437	0.9917	0.3861	0.9000	0.1223s	0.3644	0.9030	0.8982
107
0221	0.1218	0.9917	0.3813	0.9060	0.1224s	0.3582	0.9050	0.9004
108
0222	0.1268	0.9917	0.3792	0.9060	0.1235s	0.3559	0.9080	0.9035
109
0223	0.1289	0.9917	0.3822	0.9060	0.1219s	0.3595	0.9070	0.9022
110
0224	0.1211	0.9750	0.3877	0.9060	0.1223s	0.3672	0.9070	0.9017
111
0225	0.1293	1.0000	0.3997	0.9020	0.1207s	0.3798	0.9000	0.8940
112
0226	0.1376	0.9750	0.4075	0.8980	0.1222s	0.3876	0.9000	0.8941
113
0227	0.1235	0.9917	0.4105	0.8960	0.1223s	0.3909	0.8970	0.8908
114
0228	0.1361	0.9917	0.4064	0.8940	0.1224s	0.3883	0.8970	0.8907
115
0229	0.1331	1.0000	0.3928	0.9060	0.1227s	0.3766	0.9010	0.8952
116
0230	0.1081	0.9833	0.3795	0.9080	0.1218s	0.3639	0.9010	0.8952
117
0231	0.1481	0.9917	0.3749	0.9040	0.1221s	0.3575	0.9050	0.9001
118
0232	0.1338	0.9917	0.3755	0.9040	0.1220s	0.3583	0.9040	0.8991
119
0233	0.1262	0.9833	0.3791	0.9060	0.1221s	0.3625	0.9040	0.8990
120
0234	0.1549	0.9667	0.3863	0.9100	0.1220s	0.3692	0.8990	0.8931
121
0235	0.1185	0.9917	0.3889	0.9060	0.1222s	0.3714	0.9020	0.8963
122
0236	0.1301	0.9750	0.3925	0.9080	0.1218s	0.3746	0.9010	0.8954
123
0237	0.1221	0.9917	0.3930	0.9080	0.1261s	0.3735	0.8990	0.8931
124
0238	0.1689	0.9833	0.3868	0.9100	0.1221s	0.3668	0.9020	0.8966
125
0239	0.1147	1.0000	0.3840	0.9120	0.1223s	0.3638	0.9020	0.8968
126
0240	0.1264	0.9750	0.3833	0.9120	0.1187s	0.3642	0.9030	0.8982
127
0241	0.1453	0.9750	0.3805	0.9100	0.1390s	0.3610	0.9080	0.9039
128
0242	0.1528	0.9750	0.3772	0.9080	0.1392s	0.3572	0.9080	0.9038
129
0243	0.1389	1.0000	0.3768	0.9100	0.1396s	0.3546	0.9060	0.9015
130
0244	0.1307	0.9917	0.3845	0.9020	0.1390s	0.3619	0.9030	0.8976
131
0245	0.1448	0.9833	0.3999	0.8940	0.1412s	0.3760	0.8960	0.8898
132
0246	0.1344	0.9917	0.4091	0.8920	0.1223s	0.3848	0.8960	0.8900
133
0247	0.1466	0.9667	0.4056	0.8920	0.1222s	0.3829	0.8960	0.8896
134
0248	0.1314	0.9833	0.3981	0.8940	0.1217s	0.3760	0.8990	0.8928
135
0249	0.1642	0.9833	0.3884	0.9020	0.1071s	0.3656	0.9020	0.8965
136
0250	0.1309	0.9917	0.3806	0.8980	0.1215s	0.3573	0.9050	0.8999
137
0251	0.1324	0.9917	0.3728	0.9040	0.1245s	0.3479	0.9080	0.9036
138
0252	0.1508	0.9833	0.3684	0.9060	0.1222s	0.3430	0.9070	0.9023
139
0253	0.1245	0.9833	0.3697	0.9020	0.1224s	0.3446	0.9030	0.8977
140
0254	0.1290	0.9750	0.3762	0.8980	0.1091s	0.3541	0.8970	0.8917
141
0255	0.1380	0.9667	0.3841	0.8960	0.1219s	0.3634	0.8960	0.8910
142
0256	0.1401	0.9917	0.3931	0.8920	0.1222s	0.3724	0.8930	0.8878
143
0257	0.1517	1.0000	0.3923	0.8960	0.1238s	0.3693	0.9020	0.8969
144
0258	0.1254	0.9917	0.3881	0.8940	0.1237s	0.3627	0.9050	0.8994
145
0259	0.1489	0.9750	0.3769	0.9020	0.1223s	0.3489	0.9080	0.9028
146
0260	0.1189	0.9833	0.3717	0.9040	0.1227s	0.3405	0.9080	0.9034
147
0261	0.1219	0.9667	0.3713	0.9020	0.1080s	0.3381	0.9100	0.9059
148
0262	0.1180	0.9917	0.3742	0.9020	0.1217s	0.3423	0.9070	0.9025
149
0263	0.1366	0.9833	0.3758	0.9020	0.1222s	0.3465	0.9050	0.9000
150
0264	0.1450	0.9833	0.3808	0.9020	0.1223s	0.3530	0.9020	0.8966
151
0265	0.1209	0.9583	0.3847	0.9000	0.1267s	0.3573	0.9010	0.8954
152
0266	0.1375	0.9750	0.3847	0.9020	0.1226s	0.3550	0.9030	0.8979
153
0267	0.1204	0.9917	0.3860	0.9020	0.1229s	0.3549	0.9060	0.9007
154
0268	0.1432	0.9667	0.3811	0.9040	0.1224s	0.3502	0.9070	0.9019
155
0269	0.1306	1.0000	0.3732	0.9080	0.1073s	0.3426	0.9100	0.9054
156
0270	0.1368	0.9667	0.3700	0.9060	0.1046s	0.3388	0.9110	0.9065
157
0271	0.1367	0.9917	0.3700	0.9060	0.1206s	0.3381	0.9160	0.9121
158
0272	0.1330	0.9833	0.3747	0.9060	0.1221s	0.3434	0.9110	0.9065
159
0273	0.1230	0.9917	0.3862	0.8980	0.1221s	0.3555	0.9050	0.8999
160
0274	0.1206	0.9917	0.4038	0.9000	0.1221s	0.3715	0.8950	0.8892
161
0275	0.1313	0.9917	0.4078	0.9000	0.1220s	0.3727	0.8940	0.8881
162
0276	0.1327	0.9917	0.4065	0.9000	0.1248s	0.3697	0.8970	0.8911
163
0277	0.1448	0.9667	0.4081	0.9000	0.1219s	0.3694	0.8960	0.8897
164
0278	0.1499	0.9750	0.4006	0.8960	0.1223s	0.3618	0.9020	0.8961
165
0279	0.1584	0.9833	0.3913	0.8980	0.1223s	0.3535	0.9070	0.9011
166
0280	0.1244	0.9917	0.3891	0.9040	0.1052s	0.3533	0.9050	0.8992
167
0281	0.1516	0.9750	0.3919	0.8980	0.1235s	0.3595	0.9040	0.8979
168
0282	0.1111	0.9750	0.3934	0.8960	0.1222s	0.3639	0.9030	0.8970
169
0283	0.1331	0.9833	0.3919	0.8980	0.1223s	0.3644	0.8990	0.8927
170
0284	0.1680	0.9750	0.3853	0.9020	0.1234s	0.3581	0.9020	0.8963
171
0285	0.1485	0.9917	0.3872	0.9040	0.1214s	0.3571	0.9000	0.8948
172
0286	0.1228	0.9833	0.3894	0.9040	0.1225s	0.3563	0.8980	0.8927
173
0287	0.1355	0.9667	0.3896	0.9040	0.1225s	0.3549	0.9020	0.8964
174
0288	0.1240	0.9833	0.3890	0.8980	0.1227s	0.3547	0.9030	0.8977
175
0289	0.1431	0.9833	0.3926	0.9040	0.1237s	0.3604	0.9010	0.8954
176
0290	0.1268	0.9917	0.3949	0.9040	0.1202s	0.3657	0.9010	0.8953
177
0291	0.1194	0.9667	0.3970	0.9000	0.1233s	0.3707	0.8970	0.8904
178
0292	0.1320	0.9583	0.3904	0.8940	0.1229s	0.3673	0.9010	0.8944
179
0293	0.1388	0.9833	0.3798	0.9000	0.1085s	0.3575	0.9010	0.8948
180
0294	0.1431	0.9833	0.3705	0.9000	0.1201s	0.3467	0.9040	0.8985
181
0295	0.1222	0.9833	0.3660	0.9020	0.1226s	0.3407	0.9070	0.9017
182
0296	0.1353	1.0000	0.3677	0.9020	0.1234s	0.3414	0.9060	0.9008
183
0297	0.1311	0.9917	0.3697	0.9040	0.1202s	0.3453	0.9030	0.8974
184
0298	0.1402	0.9833	0.3753	0.9060	0.1200s	0.3525	0.9030	0.8973
185
0299	0.1182	0.9750	0.3810	0.9040	0.1218s	0.3595	0.9030	0.8973
186
0300	0.1125	0.9667	0.3835	0.8980	0.1224s	0.3633	0.9040	0.8983
187
0301	0.1276	0.9917	0.3872	0.8960	0.1203s	0.3678	0.9010	0.8949
188
0302	0.1284	0.9750	0.3865	0.8960	0.1224s	0.3684	0.9000	0.8939
189
0303	0.1608	0.9750	0.3858	0.8980	0.1226s	0.3676	0.8980	0.8915
190
0304	0.1348	0.9750	0.3845	0.8960	0.1233s	0.3654	0.8980	0.8918
191
0305	0.1485	0.9750	0.3850	0.8960	0.1177s	0.3663	0.8960	0.8897
192
0306	0.1229	0.9917	0.3857	0.8960	0.1218s	0.3660	0.8950	0.8887
193
0307	0.1272	0.9917	0.3808	0.9020	0.1221s	0.3597	0.8960	0.8899
194
0308	0.1445	0.9917	0.3827	0.8980	0.1229s	0.3600	0.9000	0.8947
195
0309	0.1188	0.9833	0.3812	0.8960	0.1222s	0.3563	0.9010	0.8955
196
0310	0.1485	0.9833	0.3794	0.9000	0.1219s	0.3520	0.9070	0.9019
197
0311	0.1653	0.9917	0.3815	0.9000	0.1226s	0.3530	0.9070	0.9019
198
0312	0.1182	0.9833	0.3788	0.9020	0.1266s	0.3498	0.9040	0.8986
199
Early stop! Min loss:0.35619252920150757,  Max accuracy:0.914
Early stop model validation loss:0.35619252920150757,  accuracy:0.908
Optimization Finished!
Total time elapsed: 38.0106s
test max acc:0.9160
Loading 75th epoch
stru_node_to_hop attention:tensor([[0.2493, 0.2507, 0.2500, 0.2500],
        [0.2498, 0.2501, 0.2501, 0.2501],
        [0.2486, 0.2508, 0.2503, 0.2503],
        [0.2506, 0.2515, 0.2492, 0.2487],
        [0.2478, 0.2508, 0.2507, 0.2508],
        [0.2507, 0.2502, 0.2497, 0.2494],
        [0.2498, 0.2501, 0.2501, 0.2500],
        [0.2502, 0.2500, 0.2500, 0.2499],
        [0.2491, 0.2509, 0.2501, 0.2499],
        [0.2488, 0.2511, 0.2502, 0.2499],
        [0.2500, 0.2503, 0.2499, 0.2499],
        [0.2496, 0.2504, 0.2501, 0.2500],
        [0.2496, 0.2502, 0.2501, 0.2501],
        [0.2495, 0.2503, 0.2501, 0.2502],
        [0.2497, 0.2500, 0.2501, 0.2502],
        [0.2499, 0.2508, 0.2498, 0.2495],
        [0.2477, 0.2515, 0.2505, 0.2502],
        [0.2485, 0.2514, 0.2502, 0.2499],
        [0.2500, 0.2500, 0.2500, 0.2500],
        [0.2503, 0.2500, 0.2499, 0.2498],
        [0.2498, 0.2501, 0.2501, 0.2501],
        [0.2483, 0.2514, 0.2503, 0.2501],
        [0.2497, 0.2501, 0.2501, 0.2501],
        [0.2491, 0.2505, 0.2502, 0.2502],
        [0.2500, 0.2500, 0.2500, 0.2500],
        [0.2498, 0.2503, 0.2500, 0.2499],
        [0.2504, 0.2500, 0.2499, 0.2498],
        [0.2488, 0.2507, 0.2503, 0.2502],
        [0.2501, 0.2498, 0.2500, 0.2500],
        [0.2496, 0.2504, 0.2501, 0.2500],
        [0.2494, 0.2505, 0.2501, 0.2500],
        [0.2488, 0.2506, 0.2504, 0.2502],
        [0.2493, 0.2504, 0.2502, 0.2501],
        [0.2498, 0.2500, 0.2501, 0.2501],
        [0.2495, 0.2506, 0.2501, 0.2498],
        [0.2493, 0.2504, 0.2502, 0.2502],
        [0.2491, 0.2505, 0.2503, 0.2501],
        [0.2494, 0.2501, 0.2502, 0.2503],
        [0.2503, 0.2499, 0.2499, 0.2499],
        [0.2493, 0.2506, 0.2501, 0.2500],
        [0.2499, 0.2501, 0.2500, 0.2500],
        [0.2497, 0.2505, 0.2500, 0.2498],
        [0.2492, 0.2507, 0.2501, 0.2501],
        [0.2500, 0.2500, 0.2500, 0.2500],
        [0.2474, 0.2511, 0.2508, 0.2506],
        [0.1843, 0.1988, 0.2878, 0.3291],
        [0.2504, 0.2500, 0.2499, 0.2497],
        [0.2491, 0.2509, 0.2501, 0.2499],
        [0.2496, 0.2502, 0.2502, 0.2501],
        [0.2497, 0.2502, 0.2501, 0.2501],
        [0.2488, 0.2507, 0.2503, 0.2502],
        [0.2501, 0.2500, 0.2499, 0.2500],
        [0.2500, 0.2500, 0.2500, 0.2500],
        [0.2500, 0.2500, 0.2500, 0.2500],
        [0.2483, 0.2510, 0.2505, 0.2503],
        [0.2471, 0.2510, 0.2509, 0.2510],
        [0.2503, 0.2511, 0.2495, 0.2491],
        [0.2489, 0.2505, 0.2503, 0.2502],
        [0.2489, 0.2509, 0.2503, 0.2499],
        [0.2483, 0.2513, 0.2503, 0.2501],
        [0.2489, 0.2507, 0.2503, 0.2501],
        [0.2484, 0.2509, 0.2504, 0.2503],
        [0.2503, 0.2505, 0.2497, 0.2495],
        [0.2486, 0.2503, 0.2505, 0.2506],
        [0.2494, 0.2504, 0.2501, 0.2501],
        [0.2492, 0.2502, 0.2503, 0.2503],
        [0.2496, 0.2508, 0.2499, 0.2497],
        [0.2473, 0.2507, 0.2510, 0.2511],
        [0.2496, 0.2502, 0.2501, 0.2501],
        [0.2496, 0.2503, 0.2501, 0.2500],
        [0.2486, 0.2511, 0.2502, 0.2501],
        [0.2497, 0.2501, 0.2501, 0.2501],
        [0.2494, 0.2504, 0.2502, 0.2500],
        [0.2494, 0.2512, 0.2499, 0.2496],
        [0.2496, 0.2503, 0.2501, 0.2500],
        [0.2492, 0.2505, 0.2502, 0.2501],
        [0.2497, 0.2510, 0.2498, 0.2495],
        [0.2512, 0.2497, 0.2495, 0.2496],
        [0.2501, 0.2500, 0.2500, 0.2499],
        [0.2490, 0.2502, 0.2504, 0.2504],
        [0.2505, 0.2502, 0.2498, 0.2495],
        [0.2500, 0.2506, 0.2498, 0.2496],
        [0.2511, 0.2497, 0.2497, 0.2495],
        [0.2496, 0.2502, 0.2501, 0.2501],
        [0.2498, 0.2502, 0.2500, 0.2500],
        [0.2496, 0.2501, 0.2501, 0.2501],
        [0.2491, 0.2504, 0.2503, 0.2503],
        [0.2483, 0.2508, 0.2505, 0.2504],
        [0.2494, 0.2506, 0.2501, 0.2498],
        [0.2520, 0.2493, 0.2494, 0.2492],
        [0.2489, 0.2505, 0.2503, 0.2502],
        [0.2501, 0.2499, 0.2500, 0.2500],
        [0.2499, 0.2500, 0.2500, 0.2500],
        [0.2484, 0.2509, 0.2504, 0.2503],
        [0.2497, 0.2502, 0.2501, 0.2500],
        [0.2499, 0.2500, 0.2500, 0.2500],
        [0.2492, 0.2505, 0.2502, 0.2501],
        [0.2508, 0.2496, 0.2498, 0.2498],
        [0.2495, 0.2505, 0.2501, 0.2499],
        [0.2501, 0.2500, 0.2500, 0.2499]], device='cuda:1')
fea_node_to_hop attention:tensor([[0.3312, 0.3342, 0.3346],
        [0.3331, 0.3334, 0.3335],
        [0.3317, 0.3333, 0.3350],
        [0.3315, 0.3337, 0.3348],
        [0.3323, 0.3337, 0.3340],
        [0.3314, 0.3346, 0.3340],
        [0.3284, 0.3351, 0.3365],
        [0.3327, 0.3335, 0.3337],
        [0.3287, 0.3355, 0.3357],
        [0.3287, 0.3345, 0.3368],
        [0.3298, 0.3347, 0.3355],
        [0.3316, 0.3341, 0.3343],
        [0.3328, 0.3335, 0.3337],
        [0.3333, 0.3329, 0.3338],
        [0.3347, 0.3320, 0.3333],
        [0.3314, 0.3338, 0.3348],
        [0.3267, 0.3353, 0.3381],
        [0.3325, 0.3331, 0.3344],
        [0.3332, 0.3334, 0.3334],
        [0.3326, 0.3335, 0.3339],
        [0.3337, 0.3330, 0.3334],
        [0.3323, 0.3333, 0.3344],
        [0.3323, 0.3335, 0.3342],
        [0.3325, 0.3337, 0.3338],
        [0.3327, 0.3335, 0.3338],
        [0.3309, 0.3342, 0.3350],
        [0.3324, 0.3333, 0.3343],
        [0.3309, 0.3345, 0.3346],
        [0.3313, 0.3336, 0.3351],
        [0.3326, 0.3334, 0.3339],
        [0.3316, 0.3340, 0.3344],
        [0.3283, 0.3351, 0.3365],
        [0.3323, 0.3338, 0.3339],
        [0.3323, 0.3335, 0.3341],
        [0.3335, 0.3339, 0.3327],
        [0.3312, 0.3343, 0.3345],
        [0.3319, 0.3336, 0.3345],
        [0.3333, 0.3326, 0.3341],
        [0.3328, 0.3330, 0.3341],
        [0.3299, 0.3348, 0.3352],
        [0.3328, 0.3332, 0.3341],
        [0.3291, 0.3354, 0.3355],
        [0.3302, 0.3348, 0.3350],
        [0.3333, 0.3333, 0.3334],
        [0.3313, 0.3355, 0.3332],
        [0.2748, 0.3727, 0.3525],
        [0.3322, 0.3335, 0.3343],
        [0.3308, 0.3338, 0.3354],
        [0.3305, 0.3346, 0.3349],
        [0.3327, 0.3336, 0.3338],
        [0.3331, 0.3332, 0.3337],
        [0.3338, 0.3329, 0.3333],
        [0.3333, 0.3333, 0.3335],
        [0.3316, 0.3340, 0.3345],
        [0.3333, 0.3325, 0.3342],
        [0.3324, 0.3335, 0.3341],
        [0.3312, 0.3343, 0.3345],
        [0.3295, 0.3352, 0.3353],
        [0.3336, 0.3322, 0.3342],
        [0.3330, 0.3322, 0.3348],
        [0.3314, 0.3340, 0.3346],
        [0.3305, 0.3335, 0.3360],
        [0.3317, 0.3338, 0.3345],
        [0.3326, 0.3337, 0.3337],
        [0.3322, 0.3336, 0.3342],
        [0.3319, 0.3339, 0.3341],
        [0.3313, 0.3345, 0.3341],
        [0.3308, 0.3344, 0.3347],
        [0.3325, 0.3334, 0.3341],
        [0.3311, 0.3342, 0.3347],
        [0.3303, 0.3346, 0.3351],
        [0.3325, 0.3335, 0.3340],
        [0.3321, 0.3335, 0.3345],
        [0.3284, 0.3350, 0.3365],
        [0.3318, 0.3336, 0.3346],
        [0.3302, 0.3342, 0.3356],
        [0.3314, 0.3334, 0.3352],
        [0.3326, 0.3324, 0.3350],
        [0.3336, 0.3330, 0.3334],
        [0.3304, 0.3347, 0.3349],
        [0.3323, 0.3342, 0.3335],
        [0.3304, 0.3340, 0.3356],
        [0.3303, 0.3347, 0.3349],
        [0.3312, 0.3342, 0.3346],
        [0.3320, 0.3340, 0.3339],
        [0.3311, 0.3342, 0.3347],
        [0.3318, 0.3346, 0.3336],
        [0.3316, 0.3340, 0.3344],
        [0.3303, 0.3349, 0.3348],
        [0.3309, 0.3341, 0.3350],
        [0.3276, 0.3360, 0.3364],
        [0.3338, 0.3332, 0.3330],
        [0.3330, 0.3334, 0.3336],
        [0.3302, 0.3351, 0.3347],
        [0.3322, 0.3337, 0.3341],
        [0.3333, 0.3333, 0.3334],
        [0.3319, 0.3338, 0.3343],
        [0.3316, 0.3343, 0.3340],
        [0.3314, 0.3335, 0.3351],
        [0.3324, 0.3338, 0.3338]], device='cuda:1')
perception attention:tensor([0.5000, 0.5000], device='cuda:1')
Test set results: loss= 0.3447 accuracy= 0.9090 F1_score= 0.9042
