# epoch	loss_train	acc_train	loss_val	acc_val	time	acc_test	f1_test
0001	1.7970	0.1500	1.6903	0.3680	0.1220s	1.6782	0.3680	0.2417
0
0002	1.6858	0.3750	1.5451	0.4040	0.1226s	1.5169	0.3960	0.2695
0
0003	1.5464	0.4167	1.3795	0.5180	0.1217s	1.3492	0.5330	0.4440
0
0004	1.3490	0.5750	1.1886	0.7340	0.1220s	1.1632	0.7550	0.7328
0
0005	1.1363	0.7917	1.0150	0.8380	0.1218s	0.9946	0.8240	0.8120
0
0006	0.9542	0.8083	0.8748	0.8420	0.1226s	0.8580	0.8400	0.8331
0
0007	0.8197	0.7917	0.7514	0.8500	0.1226s	0.7376	0.8480	0.8409
0
0008	0.7103	0.8417	0.6475	0.8560	0.1225s	0.6341	0.8530	0.8432
0
0009	0.6024	0.8500	0.5732	0.8740	0.1216s	0.5581	0.8620	0.8508
0
0010	0.4971	0.9250	0.5169	0.8780	0.1218s	0.4997	0.8810	0.8713
0
0011	0.4145	0.9333	0.4666	0.8860	0.1219s	0.4454	0.8930	0.8857
0
0012	0.3791	0.9000	0.4339	0.8920	0.1224s	0.4080	0.8960	0.8898
0
0013	0.3519	0.9250	0.4198	0.8940	0.1115s	0.3908	0.8940	0.8878
0
0014	0.3186	0.9083	0.4175	0.8860	0.1224s	0.3869	0.8850	0.8781
0
0015	0.3351	0.9417	0.4186	0.8780	0.1046s	0.3885	0.8760	0.8684
0
0016	0.2628	0.9500	0.4109	0.8760	0.1205s	0.3817	0.8770	0.8694
1
0017	0.2660	0.9250	0.3916	0.8820	0.1223s	0.3624	0.8870	0.8804
0
0018	0.2226	0.9583	0.3829	0.8900	0.1228s	0.3517	0.8930	0.8865
0
0019	0.2206	0.9417	0.3831	0.8920	0.1222s	0.3493	0.8970	0.8913
0
0020	0.2188	0.9500	0.3890	0.8840	0.1222s	0.3544	0.8960	0.8902
1
0021	0.2081	0.9667	0.3990	0.8820	0.1218s	0.3634	0.8920	0.8858
2
0022	0.2231	0.9750	0.4061	0.8800	0.1220s	0.3694	0.8920	0.8854
3
0023	0.1737	0.9917	0.4118	0.8860	0.1230s	0.3758	0.8870	0.8793
4
0024	0.2165	0.9667	0.4256	0.8840	0.1219s	0.3883	0.8800	0.8714
5
0025	0.1889	0.9750	0.4241	0.8820	0.1225s	0.3864	0.8860	0.8775
6
0026	0.1951	0.9583	0.4169	0.8900	0.1220s	0.3778	0.8860	0.8782
7
0027	0.1985	0.9750	0.4098	0.8940	0.1222s	0.3678	0.8930	0.8864
8
0028	0.1739	0.9750	0.4068	0.8940	0.1220s	0.3635	0.8930	0.8868
0
0029	0.1704	0.9750	0.4063	0.8920	0.1223s	0.3635	0.8990	0.8937
0
0030	0.1523	0.9667	0.4031	0.8880	0.1221s	0.3642	0.8970	0.8917
1
0031	0.1819	0.9583	0.4032	0.8840	0.1211s	0.3674	0.8920	0.8855
2
0032	0.1468	1.0000	0.4074	0.8860	0.1208s	0.3757	0.8930	0.8862
3
0033	0.1665	0.9750	0.4167	0.8820	0.1218s	0.3883	0.8900	0.8822
4
0034	0.1774	0.9667	0.4265	0.8820	0.1215s	0.4005	0.8870	0.8783
5
0035	0.1520	0.9583	0.4362	0.8740	0.1224s	0.4119	0.8860	0.8770
6
0036	0.1708	0.9917	0.4375	0.8740	0.1226s	0.4115	0.8850	0.8765
7
0037	0.1666	0.9500	0.4298	0.8780	0.1222s	0.4018	0.8800	0.8708
8
0038	0.1614	0.9917	0.4127	0.8880	0.1219s	0.3839	0.8820	0.8738
9
0039	0.1724	0.9667	0.4005	0.8920	0.1046s	0.3700	0.8920	0.8856
10
0040	0.1352	0.9917	0.3955	0.8920	0.1198s	0.3641	0.8940	0.8882
11
0041	0.1727	0.9833	0.3911	0.8900	0.1221s	0.3618	0.8900	0.8840
12
0042	0.1718	0.9750	0.3889	0.8940	0.1234s	0.3630	0.8900	0.8838
13
0043	0.1604	0.9583	0.3914	0.8820	0.1220s	0.3697	0.8890	0.8821
0
0044	0.1767	0.9917	0.4078	0.8820	0.1219s	0.3868	0.8870	0.8795
1
0045	0.1442	0.9833	0.4258	0.8680	0.1224s	0.4037	0.8780	0.8689
2
0046	0.1648	0.9833	0.4394	0.8680	0.1221s	0.4164	0.8750	0.8655
3
0047	0.1507	0.9750	0.4372	0.8680	0.1221s	0.4136	0.8760	0.8662
4
0048	0.1629	0.9833	0.4209	0.8760	0.1224s	0.3967	0.8840	0.8752
5
0049	0.1671	0.9500	0.3990	0.8860	0.1220s	0.3744	0.8880	0.8795
6
0050	0.1715	0.9750	0.3816	0.8880	0.1224s	0.3550	0.8930	0.8862
7
0051	0.1455	0.9583	0.3765	0.9020	0.1219s	0.3483	0.8960	0.8903
0
0052	0.1508	0.9750	0.3761	0.9040	0.1226s	0.3465	0.8960	0.8907
0
0053	0.1600	0.9750	0.3765	0.9000	0.1223s	0.3471	0.8970	0.8917
0
0054	0.1806	0.9750	0.3818	0.8940	0.1222s	0.3535	0.8940	0.8879
1
0055	0.1365	0.9917	0.3948	0.8840	0.1223s	0.3671	0.8860	0.8786
2
0056	0.1644	0.9917	0.4081	0.8820	0.1215s	0.3805	0.8800	0.8717
3
0057	0.1666	0.9500	0.4135	0.8700	0.1223s	0.3868	0.8770	0.8679
4
0058	0.1571	0.9750	0.4074	0.8760	0.1218s	0.3830	0.8810	0.8725
5
0059	0.1441	0.9750	0.3989	0.8840	0.1220s	0.3771	0.8870	0.8792
6
0060	0.1366	0.9917	0.3878	0.8880	0.1223s	0.3678	0.8920	0.8846
7
0061	0.1448	1.0000	0.3785	0.8940	0.1048s	0.3596	0.8970	0.8905
8
0062	0.1331	0.9833	0.3742	0.8980	0.1222s	0.3552	0.8950	0.8891
9
0063	0.1415	0.9833	0.3719	0.9020	0.1223s	0.3525	0.8940	0.8882
0
0064	0.1548	0.9500	0.3786	0.9020	0.1217s	0.3557	0.8940	0.8877
0
0065	0.1629	0.9750	0.3997	0.8840	0.1223s	0.3702	0.8890	0.8821
1
0066	0.1658	0.9583	0.4200	0.8820	0.1221s	0.3846	0.8830	0.8753
2
0067	0.1617	0.9917	0.4262	0.8820	0.1050s	0.3898	0.8780	0.8701
3
0068	0.1555	0.9750	0.4164	0.8820	0.1222s	0.3833	0.8830	0.8756
4
0069	0.1502	0.9917	0.3979	0.8860	0.1220s	0.3690	0.8870	0.8799
5
0070	0.1486	0.9833	0.3803	0.8940	0.1222s	0.3563	0.8950	0.8884
6
0071	0.1516	0.9750	0.3753	0.8960	0.1223s	0.3538	0.8980	0.8925
7
0072	0.1571	0.9833	0.3787	0.8940	0.1219s	0.3582	0.8950	0.8901
8
0073	0.1364	0.9667	0.3822	0.8900	0.1220s	0.3615	0.8950	0.8900
9
0074	0.1433	0.9833	0.3872	0.8840	0.1220s	0.3653	0.8950	0.8886
10
0075	0.1445	0.9667	0.3965	0.8920	0.1221s	0.3723	0.8940	0.8867
11
0076	0.1619	0.9750	0.4077	0.8880	0.1220s	0.3808	0.8920	0.8846
12
0077	0.1445	1.0000	0.4156	0.8820	0.1226s	0.3859	0.8880	0.8803
13
0078	0.1673	0.9750	0.4086	0.8820	0.1218s	0.3790	0.8880	0.8802
14
0079	0.1530	0.9667	0.3935	0.8820	0.1225s	0.3664	0.8950	0.8884
15
0080	0.1460	0.9917	0.3821	0.8920	0.1056s	0.3573	0.8990	0.8931
16
0081	0.1501	0.9833	0.3784	0.8960	0.1217s	0.3541	0.9000	0.8946
17
0082	0.1528	0.9917	0.3815	0.8920	0.1217s	0.3565	0.9000	0.8944
18
0083	0.1681	0.9750	0.3897	0.8920	0.1219s	0.3625	0.8960	0.8898
19
0084	0.1415	0.9833	0.4039	0.8920	0.1223s	0.3734	0.8910	0.8835
20
0085	0.1229	0.9833	0.4146	0.8920	0.1223s	0.3810	0.8940	0.8864
21
0086	0.1466	1.0000	0.4228	0.8800	0.1223s	0.3859	0.8940	0.8870
22
0087	0.1457	0.9833	0.4175	0.8900	0.1221s	0.3792	0.8930	0.8862
23
0088	0.1574	0.9583	0.4040	0.8900	0.1050s	0.3672	0.8970	0.8905
24
0089	0.1380	0.9833	0.3874	0.8920	0.1221s	0.3540	0.8960	0.8899
25
0090	0.1552	0.9750	0.3781	0.8940	0.1222s	0.3472	0.8990	0.8931
26
0091	0.1595	1.0000	0.3750	0.8960	0.1214s	0.3473	0.9000	0.8944
27
0092	0.1422	0.9750	0.3761	0.8880	0.1218s	0.3497	0.8950	0.8889
28
0093	0.1403	1.0000	0.3829	0.8800	0.1221s	0.3561	0.8940	0.8874
29
0094	0.1540	0.9750	0.3870	0.8820	0.1221s	0.3590	0.8900	0.8834
30
0095	0.1390	1.0000	0.3883	0.8900	0.1223s	0.3582	0.8910	0.8843
31
0096	0.1678	0.9500	0.3848	0.8900	0.1223s	0.3536	0.8950	0.8882
32
0097	0.1521	0.9500	0.3840	0.8920	0.1221s	0.3512	0.8970	0.8905
33
0098	0.1272	0.9833	0.3856	0.8900	0.1222s	0.3505	0.8970	0.8904
34
0099	0.1471	0.9833	0.3866	0.8880	0.1233s	0.3496	0.8990	0.8929
35
0100	0.1271	0.9833	0.3835	0.8880	0.1223s	0.3459	0.8990	0.8932
36
0101	0.1327	1.0000	0.3802	0.8900	0.1221s	0.3432	0.9000	0.8942
37
0102	0.1630	0.9667	0.3780	0.8880	0.1219s	0.3423	0.9010	0.8950
38
0103	0.1441	1.0000	0.3766	0.8920	0.1219s	0.3425	0.9010	0.8948
39
0104	0.1440	1.0000	0.3767	0.8920	0.1225s	0.3455	0.9050	0.8989
40
0105	0.1407	0.9500	0.3760	0.8960	0.1177s	0.3481	0.9050	0.8987
41
0106	0.1408	0.9833	0.3753	0.8940	0.1219s	0.3490	0.9020	0.8958
42
0107	0.1617	0.9667	0.3753	0.8960	0.1222s	0.3498	0.8990	0.8925
43
0108	0.1484	0.9833	0.3734	0.8980	0.1050s	0.3486	0.9010	0.8951
44
0109	0.1411	0.9417	0.3729	0.9000	0.1209s	0.3492	0.9010	0.8950
45
0110	0.1448	0.9833	0.3734	0.9000	0.1222s	0.3496	0.8980	0.8915
46
0111	0.1353	1.0000	0.3714	0.9020	0.1049s	0.3467	0.9020	0.8961
47
0112	0.1419	0.9583	0.3695	0.9040	0.1202s	0.3452	0.9030	0.8973
0
0113	0.1243	0.9750	0.3652	0.9060	0.1220s	0.3420	0.9030	0.8972
0
0114	0.1327	0.9833	0.3638	0.9060	0.1224s	0.3418	0.9040	0.8988
0
0115	0.1577	0.9750	0.3645	0.9000	0.1226s	0.3440	0.9070	0.9017
0
0116	0.1209	0.9667	0.3652	0.9000	0.1220s	0.3459	0.9080	0.9030
1
0117	0.1480	0.9583	0.3660	0.8960	0.1222s	0.3485	0.9060	0.9004
2
0118	0.1341	0.9750	0.3651	0.8960	0.1215s	0.3492	0.9060	0.9001
3
0119	0.1450	0.9917	0.3611	0.8980	0.1217s	0.3456	0.9050	0.8993
4
0120	0.1297	0.9750	0.3610	0.9000	0.1221s	0.3464	0.9040	0.8987
0
0121	0.1631	1.0000	0.3663	0.9040	0.1217s	0.3520	0.9000	0.8947
0
0122	0.1298	0.9750	0.3721	0.9020	0.1225s	0.3570	0.8970	0.8912
1
0123	0.1484	0.9750	0.3721	0.9020	0.1226s	0.3568	0.8970	0.8909
2
0124	0.1455	0.9417	0.3676	0.9080	0.1219s	0.3520	0.8990	0.8928
3
0125	0.1400	0.9917	0.3612	0.9100	0.1223s	0.3465	0.9050	0.8995
0
0126	0.1520	0.9750	0.3575	0.9080	0.1221s	0.3437	0.9060	0.9007
0
0127	0.1602	0.9750	0.3572	0.9060	0.1218s	0.3470	0.9050	0.8998
0
0128	0.1566	0.9667	0.3606	0.9040	0.1255s	0.3534	0.9060	0.9006
0
0129	0.1499	0.9917	0.3609	0.9020	0.1217s	0.3554	0.9030	0.8972
1
0130	0.1431	0.9833	0.3609	0.9020	0.1222s	0.3554	0.9030	0.8969
2
0131	0.1292	0.9750	0.3611	0.9060	0.1225s	0.3551	0.9000	0.8939
3
0132	0.1424	0.9917	0.3615	0.9080	0.1222s	0.3568	0.8990	0.8932
4
0133	0.1240	0.9833	0.3633	0.9080	0.1197s	0.3601	0.8980	0.8921
5
0134	0.1567	0.9667	0.3676	0.9060	0.1219s	0.3661	0.8960	0.8896
6
0135	0.1418	0.9833	0.3660	0.9100	0.0985s	0.3648	0.8970	0.8906
7
0136	0.1392	0.9917	0.3644	0.9040	0.1091s	0.3631	0.8990	0.8925
0
0137	0.1413	0.9333	0.3647	0.9080	0.1213s	0.3635	0.9000	0.8935
1
0138	0.1186	1.0000	0.3641	0.9020	0.1216s	0.3633	0.9020	0.8955
2
0139	0.1443	0.9833	0.3646	0.9020	0.1224s	0.3650	0.9010	0.8944
3
0140	0.1571	0.9917	0.3699	0.9040	0.1220s	0.3728	0.9010	0.8945
4
0141	0.1366	0.9833	0.3763	0.8980	0.1225s	0.3811	0.8960	0.8890
5
0142	0.1424	0.9917	0.3771	0.8960	0.1221s	0.3846	0.8960	0.8892
6
0143	0.1236	0.9667	0.3723	0.8980	0.1223s	0.3818	0.8960	0.8893
7
0144	0.1502	0.9833	0.3659	0.8980	0.1224s	0.3768	0.8960	0.8896
8
0145	0.1230	0.9583	0.3591	0.9020	0.1222s	0.3697	0.8950	0.8885
9
0146	0.1450	0.9917	0.3542	0.9080	0.1222s	0.3634	0.8990	0.8932
10
0147	0.1472	0.9750	0.3536	0.9080	0.1192s	0.3619	0.8990	0.8933
0
0148	0.1161	0.9833	0.3569	0.9100	0.1218s	0.3650	0.8990	0.8934
0
0149	0.1283	0.9583	0.3674	0.9020	0.1220s	0.3767	0.8900	0.8834
0
0150	0.1292	0.9833	0.3738	0.8980	0.1222s	0.3819	0.8950	0.8885
1
0151	0.1540	0.9750	0.3746	0.8960	0.1217s	0.3814	0.8930	0.8864
2
0152	0.1474	0.9833	0.3700	0.9020	0.1220s	0.3762	0.8970	0.8913
3
0153	0.1316	0.9833	0.3643	0.9040	0.1223s	0.3704	0.9010	0.8965
4
0154	0.1364	0.9667	0.3584	0.9020	0.1196s	0.3632	0.8990	0.8943
5
0155	0.1314	0.9750	0.3540	0.9140	0.1221s	0.3575	0.8980	0.8928
6
0156	0.1438	0.9750	0.3543	0.9120	0.1222s	0.3578	0.8990	0.8937
0
0157	0.1519	0.9667	0.3571	0.9080	0.1208s	0.3622	0.8970	0.8909
1
0158	0.1320	0.9833	0.3622	0.9040	0.1136s	0.3681	0.8990	0.8930
2
0159	0.1479	0.9833	0.3723	0.9020	0.1222s	0.3788	0.8930	0.8860
3
0160	0.1575	0.9917	0.3781	0.9040	0.1223s	0.3841	0.8910	0.8838
4
0161	0.1325	0.9750	0.3797	0.9040	0.1219s	0.3841	0.8930	0.8858
5
0162	0.1355	1.0000	0.3745	0.9000	0.1141s	0.3781	0.8950	0.8883
6
0163	0.1612	0.9833	0.3648	0.9040	0.1219s	0.3643	0.9020	0.8962
7
0164	0.1280	0.9667	0.3624	0.9080	0.1215s	0.3582	0.9040	0.8990
8
0165	0.1372	0.9750	0.3618	0.9080	0.1224s	0.3556	0.9050	0.9001
9
0166	0.1548	0.9583	0.3632	0.9100	0.1222s	0.3546	0.9060	0.9013
10
0167	0.1633	0.9833	0.3634	0.9100	0.1220s	0.3535	0.9070	0.9023
11
0168	0.1354	0.9667	0.3634	0.9100	0.1046s	0.3542	0.9020	0.8966
12
0169	0.1297	0.9833	0.3644	0.9060	0.1215s	0.3574	0.9020	0.8961
13
0170	0.1359	0.9833	0.3710	0.9000	0.1235s	0.3664	0.9000	0.8935
14
0171	0.1265	1.0000	0.3831	0.8960	0.1199s	0.3791	0.8970	0.8901
15
0172	0.1452	0.9750	0.3867	0.8960	0.1218s	0.3817	0.8950	0.8879
16
0173	0.1412	0.9833	0.3804	0.9000	0.1228s	0.3742	0.8960	0.8891
17
0174	0.1215	0.9917	0.3721	0.9040	0.1230s	0.3628	0.8980	0.8913
18
0175	0.1285	0.9833	0.3677	0.9060	0.1230s	0.3556	0.9040	0.8983
19
0176	0.1253	1.0000	0.3672	0.9040	0.1213s	0.3548	0.9040	0.8985
20
0177	0.1581	0.9917	0.3671	0.9020	0.1040s	0.3557	0.9010	0.8951
21
0178	0.1309	1.0000	0.3688	0.9020	0.1221s	0.3594	0.9030	0.8972
22
0179	0.1505	0.9917	0.3731	0.9080	0.1232s	0.3622	0.8990	0.8924
23
0180	0.1347	0.9917	0.3772	0.9060	0.1059s	0.3650	0.8980	0.8915
24
0181	0.1452	0.9750	0.3861	0.9020	0.1220s	0.3701	0.8950	0.8882
25
0182	0.1277	0.9833	0.3878	0.9000	0.1206s	0.3681	0.8920	0.8849
26
0183	0.1260	0.9583	0.3845	0.9020	0.1058s	0.3619	0.8940	0.8876
27
0184	0.1478	0.9750	0.3807	0.8980	0.1220s	0.3560	0.8970	0.8909
28
0185	0.1326	0.9750	0.3783	0.9040	0.1221s	0.3530	0.8990	0.8935
29
0186	0.1159	0.9917	0.3780	0.9040	0.1045s	0.3518	0.8990	0.8933
30
0187	0.1335	0.9667	0.3770	0.9020	0.1217s	0.3516	0.9010	0.8945
31
0188	0.1115	0.9917	0.3763	0.9080	0.1218s	0.3524	0.9010	0.8944
32
0189	0.1718	0.9750	0.3762	0.9060	0.1218s	0.3547	0.9000	0.8935
33
0190	0.1428	0.9750	0.3805	0.8980	0.1219s	0.3605	0.8960	0.8892
34
0191	0.1357	0.9917	0.3849	0.8980	0.1220s	0.3635	0.8940	0.8871
35
0192	0.1416	0.9833	0.3874	0.8940	0.1221s	0.3650	0.8970	0.8904
36
0193	0.1406	0.9667	0.3854	0.8980	0.1221s	0.3615	0.8980	0.8916
37
0194	0.1262	0.9583	0.3816	0.9020	0.1217s	0.3567	0.9010	0.8951
38
0195	0.1600	0.9833	0.3734	0.8980	0.1220s	0.3474	0.9020	0.8962
39
0196	0.1494	0.9750	0.3663	0.8980	0.1223s	0.3403	0.9030	0.8971
40
0197	0.1561	1.0000	0.3614	0.9060	0.1148s	0.3373	0.9030	0.8970
41
0198	0.1211	0.9917	0.3604	0.9020	0.1045s	0.3386	0.9060	0.9001
42
0199	0.1514	0.9750	0.3655	0.9020	0.1192s	0.3431	0.9050	0.8990
43
0200	0.1491	0.9500	0.3641	0.9020	0.1221s	0.3417	0.9060	0.9002
44
0201	0.1427	0.9667	0.3596	0.9040	0.1218s	0.3367	0.9060	0.9002
45
0202	0.1278	0.9833	0.3566	0.9080	0.1220s	0.3323	0.9070	0.9018
46
0203	0.1391	0.9750	0.3620	0.9080	0.1222s	0.3348	0.9070	0.9018
47
0204	0.1254	0.9833	0.3708	0.9020	0.1218s	0.3429	0.9040	0.8989
48
0205	0.1307	0.9833	0.3756	0.9020	0.1218s	0.3493	0.9050	0.8998
49
0206	0.1491	0.9750	0.3795	0.9020	0.1222s	0.3580	0.9010	0.8957
50
0207	0.1470	0.9833	0.3844	0.9000	0.1220s	0.3692	0.8980	0.8917
51
0208	0.1252	0.9750	0.3914	0.8920	0.1221s	0.3811	0.8970	0.8902
52
0209	0.1612	0.9833	0.3909	0.8840	0.1217s	0.3843	0.8970	0.8902
53
0210	0.1190	0.9833	0.3828	0.8840	0.1221s	0.3771	0.9040	0.8981
54
0211	0.1571	0.9667	0.3671	0.8900	0.1223s	0.3604	0.9060	0.9006
55
0212	0.1652	0.9667	0.3570	0.9060	0.1218s	0.3473	0.9060	0.9011
56
0213	0.1428	0.9917	0.3529	0.9040	0.1222s	0.3415	0.9040	0.8990
57
0214	0.1425	0.9667	0.3555	0.9100	0.1223s	0.3443	0.9030	0.8976
0
0215	0.1336	0.9667	0.3656	0.9060	0.1224s	0.3544	0.9040	0.8981
1
0216	0.1468	0.9833	0.3813	0.8960	0.1245s	0.3702	0.8950	0.8883
2
0217	0.1278	0.9833	0.3923	0.8860	0.1210s	0.3829	0.8920	0.8854
3
0218	0.1248	0.9750	0.3982	0.8840	0.1217s	0.3913	0.8950	0.8890
4
0219	0.1518	0.9833	0.3902	0.8940	0.1069s	0.3867	0.8990	0.8927
5
0220	0.1198	1.0000	0.3804	0.8880	0.1254s	0.3788	0.9050	0.8991
6
0221	0.1202	0.9833	0.3728	0.9000	0.1205s	0.3701	0.9070	0.9016
7
0222	0.1179	0.9750	0.3645	0.9060	0.1076s	0.3593	0.9060	0.9007
8
0223	0.1314	0.9833	0.3618	0.9040	0.1047s	0.3539	0.9080	0.9028
9
0224	0.1282	0.9917	0.3697	0.9040	0.1226s	0.3581	0.9000	0.8941
10
0225	0.1429	0.9833	0.3906	0.8980	0.1218s	0.3737	0.8990	0.8931
11
0226	0.1460	0.9667	0.4069	0.8920	0.1220s	0.3865	0.8960	0.8896
12
0227	0.1331	0.9750	0.4092	0.8900	0.1219s	0.3879	0.8940	0.8876
13
0228	0.1387	0.9583	0.4016	0.8900	0.1236s	0.3819	0.8930	0.8863
14
0229	0.1442	0.9750	0.3902	0.8900	0.1242s	0.3723	0.8950	0.8886
15
0230	0.1485	1.0000	0.3823	0.8960	0.1207s	0.3667	0.9020	0.8960
16
0231	0.1291	0.9917	0.3799	0.9000	0.1216s	0.3667	0.9040	0.8985
17
0232	0.1330	0.9917	0.3804	0.9000	0.1227s	0.3694	0.9070	0.9024
18
0233	0.1477	0.9667	0.3793	0.9000	0.1238s	0.3677	0.9080	0.9032
19
0234	0.1527	0.9500	0.3756	0.9040	0.1205s	0.3608	0.9050	0.8999
20
0235	0.1249	0.9917	0.3793	0.9000	0.1223s	0.3616	0.8990	0.8932
21
0236	0.1510	0.9583	0.3907	0.8980	0.1041s	0.3702	0.8990	0.8933
22
0237	0.1267	0.9667	0.4021	0.9000	0.1192s	0.3788	0.9010	0.8952
23
0238	0.1083	1.0000	0.4090	0.8960	0.1223s	0.3856	0.8980	0.8918
24
0239	0.1219	0.9750	0.4039	0.8980	0.1225s	0.3828	0.8980	0.8921
25
0240	0.1305	0.9833	0.3949	0.8960	0.1223s	0.3774	0.9030	0.8975
26
0241	0.1189	0.9833	0.3816	0.9020	0.1216s	0.3686	0.9050	0.8993
27
0242	0.1499	0.9750	0.3747	0.9000	0.1046s	0.3643	0.9030	0.8976
28
0243	0.1402	0.9667	0.3727	0.8980	0.1045s	0.3637	0.9070	0.9018
29
0244	0.1183	0.9833	0.3675	0.9040	0.1217s	0.3574	0.9060	0.9009
30
0245	0.1356	0.9833	0.3638	0.9040	0.1221s	0.3528	0.9070	0.9021
31
0246	0.1305	0.9583	0.3637	0.9020	0.1221s	0.3518	0.9060	0.9008
32
0247	0.1488	0.9917	0.3747	0.9000	0.1222s	0.3604	0.9050	0.9000
33
0248	0.1399	0.9667	0.3915	0.8960	0.1217s	0.3768	0.8980	0.8924
34
0249	0.1363	0.9833	0.3940	0.8940	0.1220s	0.3808	0.8970	0.8912
35
0250	0.1399	1.0000	0.3871	0.8940	0.1224s	0.3766	0.9030	0.8975
36
0251	0.1295	0.9833	0.3750	0.8980	0.1241s	0.3668	0.9090	0.9041
37
0252	0.1490	0.9917	0.3631	0.9080	0.1219s	0.3574	0.9080	0.9027
38
0253	0.1354	0.9583	0.3593	0.9160	0.1222s	0.3551	0.9110	0.9067
39
0254	0.1299	0.9917	0.3603	0.9120	0.1217s	0.3566	0.9120	0.9082
0
0255	0.1357	0.9750	0.3647	0.9120	0.1219s	0.3605	0.9120	0.9081
1
0256	0.1354	0.9667	0.3692	0.9140	0.1223s	0.3626	0.9060	0.9015
2
0257	0.1169	0.9833	0.3762	0.9000	0.1221s	0.3667	0.9080	0.9038
3
0258	0.1377	0.9833	0.3841	0.9000	0.1217s	0.3715	0.9030	0.8975
4
0259	0.1330	0.9750	0.3882	0.8980	0.1217s	0.3728	0.8980	0.8921
5
0260	0.1531	0.9833	0.3888	0.8960	0.1047s	0.3714	0.8990	0.8932
6
0261	0.1478	0.9917	0.3746	0.8980	0.1206s	0.3576	0.9090	0.9043
7
0262	0.1545	0.9750	0.3623	0.9080	0.1226s	0.3459	0.9110	0.9066
8
0263	0.1423	0.9833	0.3575	0.9120	0.1221s	0.3424	0.9110	0.9067
9
0264	0.1111	0.9917	0.3575	0.9140	0.1041s	0.3431	0.9140	0.9095
10
0265	0.1238	0.9917	0.3602	0.9120	0.1190s	0.3460	0.9130	0.9086
11
0266	0.1260	0.9917	0.3677	0.9100	0.1216s	0.3533	0.9070	0.9021
12
0267	0.1270	0.9500	0.3796	0.8960	0.1221s	0.3647	0.9030	0.8976
13
0268	0.1214	0.9833	0.3905	0.8920	0.1220s	0.3765	0.9020	0.8963
14
0269	0.1273	0.9833	0.3910	0.8960	0.1209s	0.3776	0.9010	0.8951
15
0270	0.1214	1.0000	0.3867	0.8960	0.1216s	0.3740	0.9020	0.8964
16
0271	0.1354	0.9833	0.3816	0.9000	0.1221s	0.3691	0.9020	0.8967
17
0272	0.1351	0.9917	0.3717	0.9000	0.1220s	0.3590	0.9070	0.9021
18
0273	0.1295	0.9750	0.3690	0.9020	0.1224s	0.3553	0.9090	0.9039
19
0274	0.1228	0.9917	0.3678	0.9020	0.1213s	0.3544	0.9090	0.9041
20
0275	0.1170	1.0000	0.3687	0.9020	0.1047s	0.3563	0.9070	0.9020
21
0276	0.1199	1.0000	0.3722	0.9040	0.1219s	0.3620	0.9060	0.9011
22
0277	0.1282	0.9917	0.3795	0.9000	0.1218s	0.3703	0.9060	0.9011
23
0278	0.1149	0.9917	0.3853	0.9000	0.1045s	0.3770	0.9050	0.8998
24
0279	0.1420	0.9667	0.3839	0.8980	0.1044s	0.3758	0.9040	0.8986
25
0280	0.1355	0.9833	0.3781	0.9000	0.1044s	0.3704	0.9070	0.9019
26
0281	0.1359	0.9833	0.3765	0.9020	0.1047s	0.3670	0.9070	0.9020
27
0282	0.1257	0.9833	0.3750	0.9040	0.1046s	0.3641	0.9040	0.8989
28
0283	0.1417	0.9583	0.3763	0.9020	0.1198s	0.3634	0.9050	0.8999
29
0284	0.1501	0.9750	0.3745	0.9040	0.1215s	0.3609	0.9040	0.8988
30
0285	0.1260	0.9750	0.3761	0.9060	0.1223s	0.3620	0.9030	0.8977
31
0286	0.1294	0.9667	0.3796	0.9040	0.1223s	0.3658	0.9030	0.8977
32
0287	0.1443	0.9917	0.3765	0.8980	0.1226s	0.3638	0.9060	0.9005
33
0288	0.1327	0.9917	0.3741	0.9000	0.1221s	0.3609	0.9070	0.9015
34
0289	0.1578	0.9917	0.3751	0.8980	0.1222s	0.3594	0.9060	0.9008
35
0290	0.1431	0.9750	0.3777	0.9000	0.1225s	0.3591	0.9040	0.8986
36
0291	0.1244	0.9750	0.3850	0.8980	0.1222s	0.3639	0.8980	0.8920
37
0292	0.1298	0.9667	0.3933	0.9020	0.1225s	0.3694	0.8970	0.8912
38
0293	0.1331	0.9750	0.3920	0.8980	0.1220s	0.3667	0.8940	0.8882
39
0294	0.1195	0.9833	0.3857	0.8980	0.1220s	0.3607	0.8960	0.8905
40
0295	0.1321	0.9833	0.3793	0.8960	0.1225s	0.3547	0.8990	0.8938
41
0296	0.1318	0.9667	0.3708	0.8980	0.1210s	0.3492	0.9050	0.8998
42
0297	0.1161	0.9917	0.3673	0.9060	0.1224s	0.3488	0.9060	0.9011
43
0298	0.1307	0.9833	0.3742	0.8980	0.1225s	0.3580	0.9040	0.8983
44
0299	0.1377	0.9667	0.3853	0.8980	0.1224s	0.3705	0.9040	0.8983
45
0300	0.1444	0.9667	0.3907	0.8920	0.1220s	0.3746	0.9020	0.8961
46
0301	0.1582	0.9833	0.3937	0.8880	0.1217s	0.3741	0.9020	0.8960
47
0302	0.1270	0.9917	0.3945	0.8960	0.1217s	0.3721	0.9030	0.8977
48
0303	0.1126	0.9750	0.3926	0.8980	0.1217s	0.3683	0.8980	0.8920
49
0304	0.1262	0.9833	0.3905	0.8940	0.1221s	0.3648	0.8990	0.8934
50
0305	0.1414	0.9750	0.3803	0.8980	0.1219s	0.3558	0.9020	0.8968
51
0306	0.1111	0.9917	0.3746	0.8960	0.1225s	0.3522	0.9050	0.9002
52
0307	0.1455	0.9750	0.3729	0.9000	0.1210s	0.3507	0.9050	0.9001
53
0308	0.1284	0.9667	0.3714	0.9020	0.1206s	0.3500	0.9070	0.9020
54
0309	0.1223	1.0000	0.3704	0.9020	0.1236s	0.3505	0.9040	0.8993
55
0310	0.1352	0.9750	0.3699	0.9000	0.1204s	0.3519	0.9020	0.8969
56
0311	0.1447	0.9917	0.3726	0.8980	0.1202s	0.3572	0.9030	0.8978
57
0312	0.1356	1.0000	0.3807	0.8940	0.1207s	0.3654	0.9010	0.8956
58
0313	0.1346	0.9667	0.3906	0.8920	0.1210s	0.3728	0.8970	0.8906
59
0314	0.1359	0.9583	0.4001	0.8900	0.1211s	0.3792	0.8950	0.8889
60
0315	0.1298	0.9833	0.3978	0.8940	0.1204s	0.3746	0.8970	0.8911
61
0316	0.1287	1.0000	0.3873	0.8960	0.1218s	0.3636	0.9010	0.8953
62
0317	0.1437	0.9917	0.3785	0.8980	0.1225s	0.3566	0.9040	0.8990
63
0318	0.1346	0.9917	0.3702	0.9040	0.1220s	0.3514	0.9080	0.9035
64
0319	0.1309	0.9833	0.3666	0.9020	0.1223s	0.3526	0.9060	0.9016
65
0320	0.1283	0.9833	0.3678	0.9020	0.1218s	0.3583	0.9070	0.9023
66
0321	0.1257	0.9917	0.3771	0.8920	0.1220s	0.3712	0.9040	0.8987
67
0322	0.1444	0.9667	0.3888	0.8940	0.1217s	0.3821	0.9020	0.8962
68
0323	0.1437	0.9667	0.3994	0.8940	0.1222s	0.3880	0.8970	0.8906
69
0324	0.1286	0.9667	0.4034	0.8900	0.1218s	0.3877	0.8990	0.8927
70
0325	0.1234	1.0000	0.4064	0.8920	0.1208s	0.3859	0.8980	0.8923
71
0326	0.1543	0.9833	0.4014	0.8880	0.1219s	0.3780	0.9020	0.8962
72
0327	0.1458	0.9667	0.3942	0.8900	0.1218s	0.3690	0.9040	0.8989
73
0328	0.1561	0.9750	0.3827	0.8920	0.1224s	0.3611	0.9080	0.9032
74
0329	0.1456	0.9917	0.3779	0.8980	0.1221s	0.3618	0.9060	0.9014
75
0330	0.1255	0.9917	0.3819	0.8920	0.1224s	0.3714	0.9080	0.9037
76
0331	0.1421	0.9833	0.3894	0.8860	0.1216s	0.3792	0.9040	0.8991
77
0332	0.1383	0.9833	0.3935	0.8920	0.1226s	0.3816	0.8980	0.8926
78
0333	0.1226	0.9750	0.3986	0.8920	0.1204s	0.3830	0.8950	0.8892
79
0334	0.1374	0.9917	0.4053	0.8900	0.1217s	0.3858	0.8950	0.8890
80
0335	0.1328	0.9833	0.4080	0.8920	0.1043s	0.3848	0.8970	0.8910
81
0336	0.1450	0.9917	0.3999	0.8920	0.1220s	0.3743	0.9000	0.8943
82
0337	0.1297	0.9917	0.3974	0.8900	0.1217s	0.3692	0.9000	0.8943
83
0338	0.1245	0.9667	0.3922	0.8920	0.1046s	0.3644	0.9070	0.9024
84
0339	0.1399	0.9833	0.3864	0.9000	0.1204s	0.3610	0.9080	0.9035
85
0340	0.1365	0.9667	0.3848	0.8960	0.1221s	0.3623	0.9110	0.9063
86
0341	0.1163	0.9833	0.3869	0.8960	0.1217s	0.3676	0.9090	0.9040
87
0342	0.1629	0.9500	0.3911	0.8980	0.1219s	0.3726	0.9030	0.8973
88
0343	0.1218	0.9917	0.3883	0.8960	0.1231s	0.3716	0.9030	0.8973
89
0344	0.1329	0.9667	0.3853	0.9000	0.1220s	0.3684	0.9030	0.8973
90
0345	0.1258	1.0000	0.3803	0.9000	0.1219s	0.3634	0.9040	0.8984
91
0346	0.1251	0.9833	0.3774	0.9020	0.1217s	0.3594	0.9060	0.9011
92
0347	0.1429	0.9750	0.3736	0.9040	0.1221s	0.3543	0.9080	0.9034
93
0348	0.1123	0.9917	0.3744	0.9020	0.1216s	0.3538	0.9080	0.9035
94
0349	0.1348	0.9583	0.3768	0.9020	0.1220s	0.3568	0.9110	0.9064
95
0350	0.1465	0.9750	0.3823	0.8980	0.1219s	0.3640	0.9020	0.8966
96
0351	0.1231	0.9833	0.3911	0.8980	0.1218s	0.3725	0.8990	0.8936
97
0352	0.1230	0.9917	0.4029	0.8920	0.1218s	0.3841	0.8940	0.8882
98
0353	0.1327	0.9833	0.4015	0.8920	0.1222s	0.3837	0.8940	0.8882
99
0354	0.1202	0.9917	0.3946	0.8940	0.1220s	0.3780	0.8970	0.8912
100
0355	0.1330	0.9917	0.3817	0.9000	0.1219s	0.3651	0.9030	0.8976
101
0356	0.1306	0.9667	0.3723	0.9060	0.1212s	0.3541	0.9090	0.9042
102
0357	0.1516	0.9833	0.3681	0.9000	0.1217s	0.3482	0.9090	0.9043
103
0358	0.1280	0.9750	0.3696	0.9020	0.1224s	0.3486	0.9090	0.9041
104
0359	0.1373	0.9667	0.3732	0.9020	0.1214s	0.3512	0.9070	0.9017
105
0360	0.1182	0.9750	0.3776	0.8960	0.1212s	0.3548	0.9080	0.9031
106
0361	0.1408	0.9500	0.3818	0.8960	0.1217s	0.3592	0.9080	0.9028
107
0362	0.1319	0.9750	0.3797	0.8960	0.1045s	0.3592	0.9070	0.9019
108
0363	0.1281	0.9833	0.3780	0.8960	0.1045s	0.3588	0.9050	0.8996
109
0364	0.1084	1.0000	0.3791	0.9020	0.1217s	0.3609	0.9030	0.8973
110
0365	0.1263	0.9667	0.3761	0.8980	0.1218s	0.3604	0.9070	0.9016
111
0366	0.1345	0.9833	0.3741	0.8960	0.1223s	0.3607	0.9040	0.8985
112
0367	0.1299	0.9917	0.3730	0.8980	0.1223s	0.3597	0.9040	0.8985
113
0368	0.1313	0.9750	0.3685	0.9020	0.1221s	0.3539	0.9070	0.9022
114
0369	0.1448	0.9833	0.3659	0.9040	0.1221s	0.3486	0.9070	0.9020
115
0370	0.1368	0.9917	0.3666	0.9040	0.1222s	0.3441	0.9100	0.9052
116
0371	0.1605	0.9667	0.3706	0.8980	0.1215s	0.3444	0.9090	0.9043
117
0372	0.1431	0.9833	0.3741	0.8980	0.1221s	0.3459	0.9050	0.8999
118
0373	0.1229	0.9917	0.3766	0.9000	0.1221s	0.3484	0.9080	0.9030
119
0374	0.1500	0.9833	0.3843	0.8960	0.1225s	0.3556	0.9030	0.8980
120
0375	0.1131	0.9833	0.4021	0.8980	0.1223s	0.3717	0.8990	0.8937
121
0376	0.1305	0.9833	0.4132	0.8900	0.1221s	0.3831	0.8910	0.8857
122
0377	0.1354	0.9833	0.4137	0.8900	0.1218s	0.3881	0.8900	0.8842
123
0378	0.1341	0.9833	0.4062	0.8860	0.1228s	0.3841	0.8900	0.8834
124
0379	0.1143	1.0000	0.3950	0.8840	0.1219s	0.3756	0.8970	0.8905
125
0380	0.1374	0.9667	0.3873	0.8940	0.1220s	0.3682	0.9000	0.8940
126
0381	0.1342	0.9667	0.3864	0.8980	0.1218s	0.3643	0.9010	0.8948
127
0382	0.1489	0.9417	0.3860	0.8940	0.1220s	0.3598	0.9070	0.9017
128
0383	0.1320	0.9750	0.3889	0.8940	0.1046s	0.3599	0.9050	0.8999
129
0384	0.1317	0.9833	0.3906	0.8940	0.1196s	0.3611	0.9060	0.9009
130
0385	0.1346	0.9750	0.3972	0.8900	0.1048s	0.3682	0.9040	0.8985
131
0386	0.1439	0.9833	0.4010	0.8920	0.1204s	0.3737	0.9030	0.8970
132
0387	0.1430	0.9750	0.4123	0.8900	0.1224s	0.3844	0.8950	0.8890
133
0388	0.1055	0.9917	0.4203	0.8880	0.1223s	0.3920	0.8930	0.8865
134
0389	0.1447	0.9583	0.4136	0.8860	0.1222s	0.3875	0.8960	0.8900
135
0390	0.1284	0.9750	0.4015	0.8920	0.1222s	0.3790	0.8950	0.8888
136
0391	0.1487	1.0000	0.3885	0.8920	0.1226s	0.3696	0.8970	0.8914
137
0392	0.1297	0.9750	0.3848	0.8920	0.1219s	0.3678	0.8960	0.8903
138
0393	0.1245	0.9833	0.3849	0.8960	0.1223s	0.3674	0.8940	0.8884
139
0394	0.1571	0.9500	0.3874	0.8940	0.1219s	0.3681	0.8980	0.8926
140
0395	0.1262	0.9833	0.3911	0.8920	0.1221s	0.3701	0.9040	0.8984
141
0396	0.1327	0.9750	0.3998	0.8920	0.1226s	0.3769	0.9020	0.8960
142
0397	0.1361	0.9917	0.4077	0.8860	0.1221s	0.3829	0.9000	0.8939
143
0398	0.1324	0.9833	0.4139	0.8860	0.1226s	0.3889	0.8980	0.8916
144
0399	0.1213	0.9750	0.4145	0.8860	0.1222s	0.3901	0.8930	0.8873
145
0400	0.1236	0.9917	0.4061	0.8860	0.1220s	0.3840	0.8940	0.8886
146
0401	0.1227	0.9917	0.3919	0.8940	0.1052s	0.3722	0.8960	0.8907
147
0402	0.1341	1.0000	0.3814	0.8960	0.1044s	0.3621	0.9010	0.8958
148
0403	0.1200	0.9917	0.3765	0.9020	0.1044s	0.3582	0.9020	0.8969
149
0404	0.1180	0.9917	0.3772	0.9020	0.1211s	0.3597	0.9020	0.8970
150
0405	0.1171	0.9667	0.3807	0.8980	0.1222s	0.3638	0.8960	0.8901
151
0406	0.1188	0.9750	0.3851	0.8960	0.1227s	0.3685	0.8980	0.8920
152
0407	0.1269	0.9833	0.3933	0.8920	0.1221s	0.3748	0.9000	0.8937
153
0408	0.1436	0.9833	0.4018	0.8900	0.1224s	0.3807	0.8990	0.8925
154
0409	0.1336	0.9833	0.4140	0.8880	0.1222s	0.3889	0.8940	0.8872
155
0410	0.1222	0.9583	0.4148	0.8880	0.1224s	0.3882	0.8940	0.8872
156
0411	0.1444	0.9833	0.3975	0.8900	0.1220s	0.3720	0.8980	0.8921
157
0412	0.1634	0.9917	0.3810	0.9020	0.1216s	0.3566	0.9010	0.8959
158
0413	0.1454	0.9667	0.3704	0.9060	0.1227s	0.3462	0.9050	0.9004
159
0414	0.1301	0.9667	0.3663	0.9040	0.1220s	0.3436	0.9020	0.8972
160
0415	0.1377	0.9667	0.3652	0.9020	0.1220s	0.3442	0.9030	0.8985
161
0416	0.1378	0.9833	0.3672	0.9000	0.1221s	0.3492	0.9010	0.8964
162
0417	0.1250	0.9667	0.3749	0.8980	0.1221s	0.3591	0.8950	0.8895
163
0418	0.1188	0.9833	0.3842	0.8920	0.1222s	0.3672	0.8930	0.8872
164
0419	0.1351	0.9750	0.3894	0.8980	0.1216s	0.3691	0.8920	0.8854
165
0420	0.1418	0.9833	0.3916	0.9060	0.1222s	0.3675	0.8970	0.8909
166
0421	0.1447	0.9750	0.3853	0.9020	0.1221s	0.3587	0.9000	0.8943
167
0422	0.1332	0.9917	0.3798	0.9080	0.1226s	0.3516	0.9010	0.8955
168
0423	0.1336	0.9750	0.3771	0.9060	0.1223s	0.3478	0.9050	0.9005
169
0424	0.1158	0.9917	0.3731	0.9060	0.1227s	0.3450	0.9070	0.9027
170
0425	0.1682	0.9667	0.3694	0.9040	0.1216s	0.3458	0.9020	0.8972
171
0426	0.1479	0.9833	0.3727	0.9020	0.1223s	0.3551	0.9020	0.8969
172
0427	0.1235	0.9667	0.3826	0.8960	0.1220s	0.3679	0.8950	0.8891
173
0428	0.1498	0.9833	0.3909	0.8960	0.1222s	0.3788	0.8900	0.8833
174
0429	0.1459	0.9833	0.3853	0.8960	0.1217s	0.3747	0.8890	0.8825
175
0430	0.1443	0.9750	0.3790	0.8960	0.1227s	0.3695	0.8910	0.8848
176
0431	0.1294	0.9917	0.3763	0.8960	0.1220s	0.3682	0.8960	0.8901
177
0432	0.1329	0.9917	0.3752	0.9000	0.1215s	0.3674	0.8970	0.8912
178
0433	0.1225	1.0000	0.3742	0.9020	0.1230s	0.3657	0.8990	0.8934
179
0434	0.1331	0.9833	0.3743	0.9060	0.1269s	0.3658	0.9010	0.8953
180
0435	0.1120	1.0000	0.3751	0.9020	0.1221s	0.3655	0.9000	0.8941
181
0436	0.1520	0.9583	0.3747	0.9020	0.1222s	0.3653	0.8990	0.8931
182
0437	0.1564	0.9750	0.3724	0.9080	0.1221s	0.3657	0.9010	0.8953
183
0438	0.1403	0.9833	0.3709	0.9120	0.1217s	0.3661	0.9020	0.8966
184
0439	0.1124	0.9750	0.3673	0.9120	0.1227s	0.3646	0.9040	0.8987
185
0440	0.1242	0.9917	0.3662	0.9080	0.1222s	0.3645	0.9050	0.8999
186
0441	0.1395	0.9667	0.3668	0.9100	0.1220s	0.3655	0.9050	0.8998
187
0442	0.1361	0.9750	0.3685	0.9120	0.1218s	0.3667	0.9040	0.8988
188
0443	0.1464	0.9667	0.3788	0.9060	0.1220s	0.3749	0.9010	0.8958
189
0444	0.1200	0.9833	0.3917	0.8980	0.1221s	0.3844	0.8990	0.8936
190
0445	0.1331	0.9833	0.4014	0.8880	0.1219s	0.3923	0.8940	0.8877
191
0446	0.1379	0.9750	0.4026	0.8900	0.1223s	0.3930	0.8890	0.8825
192
0447	0.1154	0.9833	0.3987	0.8900	0.1222s	0.3887	0.8950	0.8885
193
0448	0.1464	0.9667	0.3836	0.8980	0.1222s	0.3720	0.9020	0.8965
194
0449	0.1498	1.0000	0.3733	0.9020	0.1222s	0.3596	0.9070	0.9025
195
0450	0.1329	0.9917	0.3733	0.9020	0.1223s	0.3583	0.9080	0.9039
196
0451	0.1505	0.9833	0.3715	0.9040	0.1221s	0.3573	0.9090	0.9049
197
0452	0.1478	0.9667	0.3711	0.9020	0.1218s	0.3571	0.9060	0.9017
198
0453	0.1393	0.9750	0.3808	0.9060	0.1221s	0.3662	0.9000	0.8949
199
Early stop! Min loss:0.35290560126304626,  Max accuracy:0.916
Early stop model validation loss:0.35290560126304626,  accuracy:0.904
Optimization Finished!
Total time elapsed: 55.2279s
test max acc:0.9140
Loading 212th epoch
stru_node_to_hop attention:tensor([[0.2505, 0.2511, 0.2493, 0.2490],
        [0.2496, 0.2502, 0.2501, 0.2501],
        [0.2485, 0.2509, 0.2504, 0.2502],
        [0.2472, 0.2506, 0.2511, 0.2512],
        [0.2497, 0.2502, 0.2501, 0.2500],
        [0.2493, 0.2504, 0.2502, 0.2502],
        [0.2498, 0.2504, 0.2499, 0.2499],
        [0.2512, 0.2496, 0.2497, 0.2495],
        [0.2506, 0.2500, 0.2498, 0.2496],
        [0.2487, 0.2510, 0.2503, 0.2500],
        [0.2495, 0.2503, 0.2501, 0.2501],
        [0.2504, 0.2499, 0.2498, 0.2499],
        [0.2497, 0.2502, 0.2501, 0.2500],
        [0.2502, 0.2507, 0.2497, 0.2494],
        [0.2517, 0.2501, 0.2493, 0.2490],
        [0.2504, 0.2511, 0.2496, 0.2489],
        [0.2489, 0.2508, 0.2503, 0.2500],
        [0.2499, 0.2506, 0.2499, 0.2495],
        [0.2502, 0.2499, 0.2499, 0.2499],
        [0.2502, 0.2505, 0.2498, 0.2494],
        [0.2501, 0.2499, 0.2500, 0.2500],
        [0.2476, 0.2517, 0.2505, 0.2503],
        [0.2496, 0.2503, 0.2501, 0.2500],
        [0.2491, 0.2505, 0.2502, 0.2502],
        [0.2499, 0.2501, 0.2500, 0.2500],
        [0.2476, 0.2515, 0.2505, 0.2504],
        [0.2502, 0.2500, 0.2499, 0.2499],
        [0.2488, 0.2509, 0.2503, 0.2501],
        [0.2505, 0.2498, 0.2499, 0.2498],
        [0.2496, 0.2508, 0.2500, 0.2497],
        [0.2484, 0.2510, 0.2504, 0.2502],
        [0.2491, 0.2505, 0.2503, 0.2501],
        [0.2493, 0.2507, 0.2501, 0.2499],
        [0.2497, 0.2502, 0.2501, 0.2500],
        [0.2494, 0.2502, 0.2502, 0.2502],
        [0.2497, 0.2502, 0.2501, 0.2501],
        [0.2509, 0.2497, 0.2498, 0.2495],
        [0.2469, 0.2510, 0.2511, 0.2511],
        [0.2493, 0.2505, 0.2502, 0.2500],
        [0.2499, 0.2507, 0.2497, 0.2497],
        [0.2502, 0.2499, 0.2500, 0.2500],
        [0.2493, 0.2509, 0.2500, 0.2498],
        [0.2493, 0.2503, 0.2502, 0.2502],
        [0.2499, 0.2500, 0.2500, 0.2500],
        [0.2477, 0.2511, 0.2507, 0.2505],
        [0.1586, 0.1899, 0.2796, 0.3719],
        [0.2498, 0.2502, 0.2501, 0.2499],
        [0.2482, 0.2514, 0.2504, 0.2501],
        [0.2495, 0.2505, 0.2501, 0.2499],
        [0.2499, 0.2501, 0.2500, 0.2500],
        [0.2499, 0.2502, 0.2500, 0.2499],
        [0.2499, 0.2501, 0.2500, 0.2499],
        [0.2500, 0.2500, 0.2500, 0.2500],
        [0.2502, 0.2501, 0.2499, 0.2498],
        [0.2469, 0.2517, 0.2507, 0.2507],
        [0.2488, 0.2504, 0.2503, 0.2504],
        [0.2499, 0.2509, 0.2498, 0.2495],
        [0.2500, 0.2500, 0.2500, 0.2499],
        [0.2486, 0.2512, 0.2502, 0.2499],
        [0.2496, 0.2506, 0.2501, 0.2498],
        [0.2483, 0.2512, 0.2504, 0.2501],
        [0.2492, 0.2505, 0.2502, 0.2501],
        [0.2500, 0.2508, 0.2497, 0.2495],
        [0.2485, 0.2497, 0.2506, 0.2512],
        [0.2495, 0.2502, 0.2501, 0.2501],
        [0.2483, 0.2504, 0.2506, 0.2507],
        [0.2486, 0.2512, 0.2502, 0.2500],
        [0.2494, 0.2500, 0.2503, 0.2503],
        [0.2497, 0.2502, 0.2501, 0.2500],
        [0.2494, 0.2502, 0.2503, 0.2502],
        [0.2487, 0.2518, 0.2499, 0.2496],
        [0.2484, 0.2506, 0.2505, 0.2505],
        [0.2497, 0.2504, 0.2500, 0.2499],
        [0.2479, 0.2515, 0.2504, 0.2502],
        [0.2501, 0.2500, 0.2500, 0.2500],
        [0.2486, 0.2513, 0.2502, 0.2500],
        [0.2507, 0.2499, 0.2497, 0.2496],
        [0.2500, 0.2498, 0.2501, 0.2502],
        [0.2499, 0.2501, 0.2500, 0.2499],
        [0.2469, 0.2510, 0.2510, 0.2511],
        [0.2513, 0.2500, 0.2497, 0.2491],
        [0.2505, 0.2501, 0.2498, 0.2496],
        [0.2501, 0.2504, 0.2498, 0.2496],
        [0.2501, 0.2500, 0.2499, 0.2500],
        [0.2498, 0.2501, 0.2501, 0.2500],
        [0.2501, 0.2501, 0.2499, 0.2499],
        [0.2483, 0.2505, 0.2506, 0.2506],
        [0.2495, 0.2503, 0.2501, 0.2501],
        [0.2498, 0.2510, 0.2498, 0.2493],
        [0.2496, 0.2503, 0.2501, 0.2500],
        [0.2502, 0.2498, 0.2500, 0.2500],
        [0.2499, 0.2501, 0.2500, 0.2500],
        [0.2507, 0.2497, 0.2498, 0.2498],
        [0.2474, 0.2513, 0.2507, 0.2505],
        [0.2496, 0.2501, 0.2502, 0.2501],
        [0.2500, 0.2500, 0.2500, 0.2500],
        [0.2501, 0.2501, 0.2499, 0.2499],
        [0.2507, 0.2501, 0.2497, 0.2496],
        [0.2481, 0.2512, 0.2505, 0.2503],
        [0.2512, 0.2499, 0.2496, 0.2494]], device='cuda:1')
fea_node_to_hop attention:tensor([[0.3281, 0.3360, 0.3360],
        [0.3321, 0.3337, 0.3342],
        [0.3316, 0.3340, 0.3344],
        [0.3330, 0.3331, 0.3340],
        [0.3310, 0.3346, 0.3344],
        [0.3344, 0.3328, 0.3328],
        [0.3271, 0.3337, 0.3392],
        [0.3323, 0.3330, 0.3347],
        [0.3323, 0.3336, 0.3341],
        [0.3284, 0.3355, 0.3361],
        [0.3317, 0.3340, 0.3342],
        [0.3318, 0.3334, 0.3347],
        [0.3310, 0.3341, 0.3349],
        [0.3292, 0.3347, 0.3361],
        [0.3284, 0.3352, 0.3364],
        [0.3297, 0.3346, 0.3357],
        [0.3272, 0.3355, 0.3373],
        [0.3302, 0.3349, 0.3349],
        [0.3367, 0.3317, 0.3315],
        [0.3302, 0.3335, 0.3363],
        [0.3337, 0.3332, 0.3331],
        [0.3303, 0.3342, 0.3355],
        [0.3325, 0.3330, 0.3345],
        [0.3330, 0.3336, 0.3335],
        [0.3331, 0.3332, 0.3337],
        [0.3275, 0.3350, 0.3375],
        [0.3328, 0.3332, 0.3340],
        [0.3302, 0.3346, 0.3352],
        [0.3313, 0.3336, 0.3351],
        [0.3294, 0.3353, 0.3353],
        [0.3327, 0.3335, 0.3339],
        [0.3269, 0.3349, 0.3381],
        [0.3288, 0.3357, 0.3355],
        [0.3317, 0.3335, 0.3348],
        [0.3349, 0.3324, 0.3327],
        [0.3296, 0.3350, 0.3353],
        [0.3319, 0.3332, 0.3350],
        [0.3306, 0.3348, 0.3345],
        [0.3302, 0.3342, 0.3356],
        [0.3307, 0.3345, 0.3349],
        [0.3333, 0.3332, 0.3335],
        [0.3305, 0.3344, 0.3351],
        [0.3326, 0.3331, 0.3343],
        [0.3336, 0.3332, 0.3332],
        [0.3307, 0.3348, 0.3345],
        [0.2848, 0.3484, 0.3668],
        [0.3321, 0.3336, 0.3343],
        [0.3296, 0.3340, 0.3364],
        [0.3291, 0.3350, 0.3360],
        [0.3323, 0.3337, 0.3340],
        [0.3319, 0.3337, 0.3344],
        [0.3331, 0.3328, 0.3341],
        [0.3336, 0.3332, 0.3333],
        [0.3298, 0.3346, 0.3356],
        [0.3349, 0.3311, 0.3340],
        [0.3296, 0.3350, 0.3354],
        [0.3316, 0.3341, 0.3342],
        [0.3308, 0.3338, 0.3354],
        [0.3327, 0.3332, 0.3341],
        [0.3344, 0.3320, 0.3336],
        [0.3304, 0.3348, 0.3349],
        [0.3300, 0.3342, 0.3358],
        [0.3327, 0.3335, 0.3338],
        [0.3302, 0.3353, 0.3346],
        [0.3315, 0.3342, 0.3343],
        [0.3303, 0.3346, 0.3351],
        [0.3309, 0.3337, 0.3354],
        [0.3325, 0.3339, 0.3337],
        [0.3312, 0.3339, 0.3348],
        [0.3301, 0.3348, 0.3352],
        [0.3294, 0.3351, 0.3355],
        [0.3297, 0.3349, 0.3354],
        [0.3318, 0.3338, 0.3344],
        [0.3335, 0.3329, 0.3335],
        [0.3336, 0.3333, 0.3331],
        [0.3286, 0.3346, 0.3368],
        [0.3314, 0.3336, 0.3350],
        [0.3329, 0.3335, 0.3336],
        [0.3325, 0.3335, 0.3339],
        [0.3295, 0.3344, 0.3362],
        [0.3302, 0.3346, 0.3353],
        [0.3293, 0.3353, 0.3354],
        [0.3295, 0.3343, 0.3362],
        [0.3343, 0.3332, 0.3324],
        [0.3336, 0.3324, 0.3339],
        [0.3324, 0.3345, 0.3331],
        [0.3340, 0.3330, 0.3330],
        [0.3339, 0.3326, 0.3335],
        [0.3288, 0.3354, 0.3358],
        [0.3297, 0.3344, 0.3359],
        [0.3331, 0.3336, 0.3332],
        [0.3332, 0.3334, 0.3334],
        [0.3348, 0.3324, 0.3328],
        [0.3288, 0.3363, 0.3349],
        [0.3323, 0.3339, 0.3338],
        [0.3332, 0.3333, 0.3334],
        [0.3315, 0.3346, 0.3339],
        [0.3313, 0.3335, 0.3352],
        [0.3286, 0.3352, 0.3362],
        [0.3322, 0.3341, 0.3337]], device='cuda:1')
perception attention:tensor([0.5000, 0.5000], device='cuda:1')
Test set results: loss= 0.3415 accuracy= 0.9040 F1_score= 0.8990
