# epoch	loss_train	acc_train	loss_val	acc_val	time	acc_test	f1_test
0001	1.7963	0.1250	1.6877	0.2520	0.1217s	1.6704	0.2630	0.1738
0
0002	1.6822	0.3750	1.5461	0.3760	0.1223s	1.5102	0.3980	0.3054
0
0003	1.5372	0.4583	1.3732	0.5680	0.1222s	1.3366	0.6140	0.5232
0
0004	1.3361	0.5500	1.1727	0.7740	0.1222s	1.1415	0.7980	0.7793
0
0005	1.1113	0.7667	0.9975	0.8640	0.1223s	0.9703	0.8570	0.8478
0
0006	0.9535	0.8500	0.8586	0.8680	0.1219s	0.8352	0.8600	0.8532
0
0007	0.8295	0.8083	0.7325	0.8700	0.1227s	0.7128	0.8610	0.8541
0
0008	0.6795	0.8833	0.6273	0.8960	0.1224s	0.6071	0.8830	0.8758
0
0009	0.6168	0.9000	0.5566	0.8880	0.1223s	0.5329	0.8980	0.8902
0
0010	0.4970	0.9000	0.5057	0.8940	0.1219s	0.4766	0.8920	0.8842
0
0011	0.4382	0.9000	0.4729	0.8940	0.1220s	0.4402	0.8880	0.8816
0
0012	0.3890	0.9167	0.4387	0.8980	0.1223s	0.4067	0.8940	0.8879
0
0013	0.3557	0.9250	0.4095	0.9000	0.1218s	0.3804	0.9010	0.8955
0
0014	0.3117	0.9333	0.3979	0.8900	0.1219s	0.3701	0.8880	0.8835
0
0015	0.3048	0.9417	0.3911	0.8940	0.1223s	0.3631	0.8860	0.8814
0
0016	0.2700	0.9250	0.3914	0.8860	0.1222s	0.3632	0.8990	0.8926
0
0017	0.2533	0.9500	0.3913	0.8900	0.1220s	0.3622	0.8970	0.8899
1
0018	0.2263	0.9500	0.3916	0.8900	0.1221s	0.3619	0.8950	0.8880
2
0019	0.2635	0.9833	0.3929	0.8920	0.1219s	0.3617	0.8990	0.8928
3
0020	0.2239	0.9250	0.3922	0.9000	0.1215s	0.3600	0.9000	0.8940
4
0021	0.2078	0.9500	0.3877	0.9020	0.1224s	0.3542	0.8970	0.8906
0
0022	0.1825	0.9833	0.3852	0.9000	0.1223s	0.3509	0.8970	0.8902
0
0023	0.2213	0.9833	0.3844	0.8960	0.1221s	0.3502	0.8950	0.8885
0
0024	0.2032	0.9833	0.3851	0.8980	0.1224s	0.3521	0.9000	0.8942
0
0025	0.2189	0.9750	0.3886	0.8940	0.1218s	0.3575	0.9020	0.8963
1
0026	0.1789	0.9917	0.3953	0.8960	0.1051s	0.3647	0.9020	0.8960
2
0027	0.1605	0.9917	0.4056	0.8920	0.1221s	0.3743	0.8980	0.8913
3
0028	0.1817	0.9583	0.4169	0.8880	0.1227s	0.3843	0.8980	0.8909
4
0029	0.1783	0.9750	0.4192	0.8880	0.1045s	0.3865	0.8970	0.8897
5
0030	0.1612	0.9750	0.4173	0.8860	0.1218s	0.3842	0.8920	0.8847
6
0031	0.1829	0.9667	0.4086	0.8920	0.1222s	0.3768	0.8970	0.8904
7
0032	0.1511	0.9750	0.3966	0.8980	0.1223s	0.3653	0.8980	0.8920
8
0033	0.1684	0.9417	0.3919	0.9020	0.1217s	0.3606	0.8960	0.8901
9
0034	0.1868	0.9833	0.3914	0.9020	0.1203s	0.3610	0.8960	0.8901
0
0035	0.1591	0.9750	0.3945	0.9000	0.1150s	0.3644	0.8960	0.8900
0
0036	0.1730	0.9667	0.4005	0.9000	0.1218s	0.3707	0.8960	0.8899
1
0037	0.1569	0.9750	0.4092	0.8900	0.1224s	0.3803	0.8920	0.8857
2
0038	0.1649	0.9833	0.4148	0.8880	0.1221s	0.3859	0.8940	0.8878
3
0039	0.1576	0.9583	0.4183	0.8840	0.1228s	0.3893	0.8930	0.8860
4
0040	0.1452	1.0000	0.4170	0.8820	0.1217s	0.3892	0.8940	0.8873
5
0041	0.1633	0.9833	0.4107	0.8820	0.1223s	0.3851	0.9000	0.8936
6
0042	0.1719	0.9917	0.4033	0.8820	0.1193s	0.3788	0.9000	0.8937
7
0043	0.1556	0.9833	0.3983	0.8900	0.1224s	0.3739	0.9020	0.8958
8
0044	0.1561	0.9833	0.3947	0.8900	0.1224s	0.3700	0.9020	0.8957
9
0045	0.1504	0.9667	0.3970	0.8880	0.1221s	0.3724	0.9010	0.8945
10
0046	0.1664	0.9917	0.4021	0.8820	0.1221s	0.3766	0.8980	0.8913
11
0047	0.1578	0.9583	0.4051	0.8840	0.1225s	0.3795	0.8930	0.8859
12
0048	0.1552	1.0000	0.4034	0.8880	0.1218s	0.3773	0.8940	0.8877
13
0049	0.1812	0.9750	0.3977	0.8920	0.1221s	0.3689	0.8970	0.8910
14
0050	0.1622	0.9917	0.3945	0.9000	0.1226s	0.3631	0.8970	0.8913
15
0051	0.1415	0.9917	0.3945	0.8900	0.1225s	0.3605	0.8940	0.8877
16
0052	0.1544	0.9833	0.3952	0.8940	0.1203s	0.3609	0.8950	0.8893
17
0053	0.1789	0.9583	0.3940	0.8960	0.1198s	0.3627	0.8950	0.8897
18
0054	0.1591	0.9417	0.3938	0.8960	0.1218s	0.3657	0.8990	0.8935
19
0055	0.1642	0.9750	0.3929	0.8900	0.1228s	0.3668	0.8990	0.8927
20
0056	0.1363	0.9667	0.3956	0.8840	0.1226s	0.3711	0.8980	0.8911
21
0057	0.1599	0.9833	0.3971	0.8780	0.1093s	0.3730	0.8890	0.8815
22
0058	0.1392	0.9833	0.3941	0.8880	0.1223s	0.3682	0.8890	0.8821
23
0059	0.1616	0.9833	0.3903	0.8920	0.1222s	0.3620	0.8950	0.8893
24
0060	0.1656	0.9750	0.3852	0.8940	0.1146s	0.3545	0.8990	0.8934
25
0061	0.1612	1.0000	0.3798	0.9000	0.1220s	0.3470	0.9020	0.8965
26
0062	0.1268	0.9833	0.3803	0.9020	0.1171s	0.3458	0.8980	0.8920
0
0063	0.1419	0.9833	0.3835	0.8960	0.1200s	0.3499	0.8970	0.8913
0
0064	0.1472	0.9667	0.3880	0.8900	0.1196s	0.3563	0.8980	0.8926
1
0065	0.1565	0.9667	0.3904	0.8940	0.1223s	0.3613	0.8950	0.8897
2
0066	0.1534	0.9833	0.3911	0.8920	0.1226s	0.3645	0.8920	0.8866
3
0067	0.1710	0.9417	0.3898	0.8940	0.1218s	0.3657	0.8950	0.8896
4
0068	0.1617	0.9667	0.3873	0.8940	0.1046s	0.3640	0.8960	0.8905
5
0069	0.1545	0.9750	0.3815	0.8960	0.1218s	0.3583	0.9010	0.8955
6
0070	0.1309	0.9917	0.3789	0.9000	0.1224s	0.3554	0.9000	0.8943
7
0071	0.1490	0.9750	0.3744	0.9000	0.1177s	0.3504	0.9010	0.8955
0
0072	0.1412	0.9833	0.3740	0.9000	0.1198s	0.3495	0.9020	0.8966
0
0073	0.1521	0.9833	0.3754	0.9000	0.1219s	0.3492	0.9020	0.8969
0
0074	0.1635	0.9917	0.3765	0.8980	0.1221s	0.3489	0.8990	0.8937
1
0075	0.1380	0.9833	0.3771	0.8980	0.1229s	0.3494	0.9010	0.8958
2
0076	0.1655	0.9500	0.3754	0.9040	0.1170s	0.3486	0.9030	0.8978
3
0077	0.1595	0.9667	0.3745	0.9060	0.1110s	0.3495	0.9030	0.8980
0
0078	0.1592	0.9833	0.3756	0.9060	0.1150s	0.3522	0.8990	0.8934
0
0079	0.1423	0.9417	0.3748	0.9040	0.1090s	0.3535	0.9020	0.8967
0
0080	0.1693	0.9667	0.3747	0.9060	0.1226s	0.3552	0.9020	0.8967
1
0081	0.1570	0.9750	0.3712	0.9020	0.1200s	0.3525	0.9040	0.8989
0
0082	0.1388	0.9833	0.3668	0.9060	0.1215s	0.3460	0.9030	0.8976
0
0083	0.1580	0.9667	0.3638	0.9060	0.1198s	0.3391	0.9000	0.8944
0
0084	0.1461	1.0000	0.3645	0.9040	0.1225s	0.3375	0.9030	0.8977
0
0085	0.1525	0.9583	0.3616	0.9040	0.1224s	0.3319	0.9040	0.8988
1
0086	0.1446	0.9667	0.3599	0.9160	0.1221s	0.3298	0.9050	0.9000
0
0087	0.1449	0.9667	0.3615	0.9120	0.1178s	0.3332	0.9060	0.9011
0
0088	0.1437	0.9917	0.3680	0.9080	0.1221s	0.3438	0.9010	0.8956
1
0089	0.1408	0.9667	0.3747	0.9080	0.1221s	0.3524	0.9020	0.8967
2
0090	0.1487	0.9667	0.3771	0.9060	0.1220s	0.3559	0.9000	0.8947
3
0091	0.1396	0.9917	0.3741	0.9080	0.1179s	0.3537	0.9040	0.8989
4
0092	0.1413	0.9750	0.3699	0.9040	0.1224s	0.3491	0.9010	0.8958
5
0093	0.1428	0.9833	0.3630	0.9080	0.1222s	0.3412	0.9070	0.9019
6
0094	0.1293	0.9667	0.3603	0.9080	0.1220s	0.3375	0.9090	0.9040
7
0095	0.1371	0.9833	0.3595	0.9080	0.1226s	0.3356	0.9110	0.9061
8
0096	0.1471	0.9583	0.3584	0.9100	0.1222s	0.3335	0.9120	0.9077
0
0097	0.1463	0.9833	0.3587	0.9100	0.1220s	0.3336	0.9120	0.9077
0
0098	0.1362	0.9583	0.3627	0.9080	0.1228s	0.3375	0.9080	0.9040
1
0099	0.1314	1.0000	0.3733	0.9100	0.1224s	0.3478	0.9070	0.9028
2
0100	0.1572	0.9750	0.3885	0.8940	0.1203s	0.3598	0.8980	0.8926
3
0101	0.1419	0.9917	0.4003	0.8880	0.1200s	0.3687	0.8980	0.8921
4
0102	0.1204	0.9833	0.3993	0.8880	0.1237s	0.3676	0.8980	0.8923
5
0103	0.1391	0.9750	0.3856	0.8980	0.1227s	0.3556	0.9020	0.8963
6
0104	0.1422	0.9917	0.3762	0.9020	0.1221s	0.3475	0.9080	0.9028
7
0105	0.1398	0.9833	0.3719	0.8980	0.1226s	0.3433	0.9060	0.9007
8
0106	0.1280	0.9917	0.3690	0.9000	0.1219s	0.3397	0.9100	0.9054
9
0107	0.1565	0.9583	0.3681	0.9040	0.1221s	0.3385	0.9080	0.9035
10
0108	0.1395	0.9833	0.3660	0.9040	0.1220s	0.3348	0.9090	0.9045
11
0109	0.1427	0.9750	0.3669	0.9040	0.1224s	0.3354	0.9100	0.9054
12
0110	0.1334	0.9750	0.3748	0.9040	0.1226s	0.3439	0.9050	0.9000
13
0111	0.1215	0.9917	0.3863	0.8980	0.1227s	0.3539	0.9020	0.8967
14
0112	0.1404	0.9833	0.4006	0.8880	0.1221s	0.3672	0.8980	0.8923
15
0113	0.1596	0.9917	0.4012	0.8880	0.1220s	0.3670	0.8970	0.8907
16
0114	0.1773	0.9750	0.3873	0.8960	0.1222s	0.3526	0.9000	0.8943
17
0115	0.1615	0.9750	0.3753	0.9020	0.1176s	0.3376	0.9060	0.9006
18
0116	0.1308	0.9833	0.3686	0.9040	0.1221s	0.3283	0.9070	0.9020
19
0117	0.1281	0.9750	0.3679	0.9080	0.1061s	0.3246	0.9080	0.9034
20
0118	0.1252	0.9917	0.3668	0.9100	0.1195s	0.3250	0.9090	0.9044
21
0119	0.1585	0.9917	0.3685	0.9020	0.1221s	0.3297	0.9090	0.9042
22
0120	0.1297	0.9750	0.3765	0.9000	0.1222s	0.3416	0.9080	0.9030
23
0121	0.1482	0.9750	0.3880	0.8940	0.1193s	0.3544	0.9040	0.8985
24
0122	0.1487	0.9833	0.3910	0.8940	0.1223s	0.3596	0.9030	0.8972
25
0123	0.1512	0.9667	0.3840	0.8940	0.1221s	0.3535	0.9070	0.9016
26
0124	0.1233	0.9917	0.3736	0.8980	0.1184s	0.3440	0.9080	0.9026
27
0125	0.1316	0.9833	0.3652	0.9020	0.1222s	0.3328	0.9090	0.9039
28
0126	0.1490	0.9833	0.3635	0.9100	0.1225s	0.3291	0.9110	0.9063
29
0127	0.1322	0.9917	0.3643	0.9100	0.1217s	0.3303	0.9100	0.9054
30
0128	0.1260	0.9750	0.3681	0.9080	0.1183s	0.3367	0.9090	0.9043
31
0129	0.1451	0.9750	0.3776	0.9020	0.1202s	0.3489	0.9010	0.8957
32
0130	0.1545	0.9667	0.3864	0.9000	0.1216s	0.3590	0.9020	0.8964
33
0131	0.1381	0.9750	0.3987	0.8860	0.1214s	0.3710	0.8960	0.8895
34
0132	0.1248	0.9833	0.4021	0.8840	0.1218s	0.3751	0.8990	0.8928
35
0133	0.1562	0.9750	0.3949	0.8880	0.1055s	0.3692	0.9030	0.8973
36
0134	0.1448	1.0000	0.3804	0.8920	0.1053s	0.3569	0.9060	0.9006
37
0135	0.1387	0.9750	0.3672	0.8940	0.1221s	0.3453	0.9060	0.9007
38
0136	0.1332	0.9917	0.3613	0.9020	0.1217s	0.3392	0.9080	0.9030
39
0137	0.1305	0.9750	0.3602	0.9080	0.1213s	0.3368	0.9090	0.9043
40
0138	0.1509	0.9750	0.3640	0.9040	0.1222s	0.3395	0.9050	0.9002
41
0139	0.1307	0.9917	0.3720	0.8980	0.1223s	0.3484	0.9040	0.8990
42
0140	0.1577	0.9667	0.3807	0.8940	0.1223s	0.3595	0.9010	0.8958
43
0141	0.1687	0.9833	0.3840	0.8940	0.1220s	0.3643	0.8980	0.8921
44
0142	0.1361	0.9917	0.3875	0.8940	0.1223s	0.3692	0.9010	0.8947
45
0143	0.1262	0.9833	0.3907	0.8920	0.1220s	0.3732	0.9000	0.8938
46
0144	0.1434	0.9667	0.3893	0.8940	0.1176s	0.3719	0.9020	0.8961
47
0145	0.1417	0.9833	0.3832	0.9020	0.1197s	0.3635	0.9050	0.8996
48
0146	0.1336	0.9667	0.3780	0.9080	0.1197s	0.3551	0.9080	0.9031
49
0147	0.1318	0.9917	0.3780	0.9060	0.1226s	0.3525	0.9080	0.9031
50
0148	0.1216	1.0000	0.3833	0.9060	0.1225s	0.3572	0.9040	0.8987
51
0149	0.1323	0.9917	0.3941	0.9000	0.1222s	0.3675	0.9010	0.8954
52
0150	0.1380	0.9917	0.3987	0.8960	0.1153s	0.3732	0.8960	0.8898
53
0151	0.1445	0.9750	0.3967	0.8960	0.1225s	0.3735	0.8970	0.8907
54
0152	0.1425	0.9750	0.3918	0.8980	0.1226s	0.3701	0.9020	0.8962
55
0153	0.1294	0.9750	0.3941	0.8960	0.1178s	0.3742	0.9040	0.8984
56
0154	0.1463	0.9833	0.3929	0.8980	0.1222s	0.3735	0.9030	0.8975
57
0155	0.1758	0.9833	0.3910	0.9040	0.1219s	0.3704	0.9020	0.8966
58
0156	0.1596	0.9750	0.3894	0.9040	0.1174s	0.3654	0.9070	0.9015
59
0157	0.1383	0.9667	0.3937	0.8980	0.1201s	0.3680	0.9050	0.8995
60
0158	0.1332	0.9833	0.4054	0.8900	0.1195s	0.3792	0.8970	0.8914
61
0159	0.1449	0.9667	0.4115	0.8840	0.1227s	0.3851	0.8930	0.8870
62
0160	0.1176	1.0000	0.4121	0.8860	0.1219s	0.3856	0.8950	0.8891
63
0161	0.1399	0.9667	0.4079	0.8880	0.1226s	0.3822	0.8960	0.8899
64
0162	0.1363	0.9750	0.3987	0.8940	0.1223s	0.3725	0.9010	0.8951
65
0163	0.1402	0.9750	0.3894	0.8980	0.1235s	0.3616	0.9070	0.9017
66
0164	0.1212	0.9833	0.3846	0.9020	0.1217s	0.3548	0.9110	0.9060
67
0165	0.1507	0.9750	0.3830	0.9000	0.1214s	0.3524	0.9110	0.9061
68
0166	0.1209	0.9750	0.3847	0.8980	0.1222s	0.3557	0.9090	0.9043
69
0167	0.1525	0.9833	0.3885	0.8960	0.1182s	0.3623	0.9110	0.9058
70
0168	0.1335	0.9417	0.4011	0.8900	0.1222s	0.3771	0.9020	0.8959
71
0169	0.1301	0.9917	0.4147	0.8840	0.1067s	0.3901	0.8930	0.8862
72
0170	0.1422	0.9500	0.4106	0.8900	0.1198s	0.3854	0.8930	0.8864
73
0171	0.1457	0.9917	0.3999	0.8920	0.1224s	0.3738	0.8960	0.8895
74
0172	0.1379	0.9833	0.3872	0.9020	0.1222s	0.3596	0.9030	0.8975
75
0173	0.1411	0.9917	0.3787	0.9040	0.1224s	0.3509	0.9080	0.9029
76
0174	0.1494	0.9750	0.3760	0.9060	0.1221s	0.3485	0.9110	0.9068
77
0175	0.1400	0.9750	0.3763	0.9020	0.1203s	0.3525	0.9110	0.9064
78
0176	0.1378	0.9750	0.3778	0.8980	0.1221s	0.3558	0.9110	0.9060
79
0177	0.1579	0.9667	0.3827	0.8940	0.1219s	0.3613	0.9050	0.8991
80
0178	0.1443	0.9667	0.3865	0.8980	0.1224s	0.3646	0.9030	0.8970
81
0179	0.1351	1.0000	0.3873	0.8980	0.1219s	0.3649	0.9010	0.8950
82
0180	0.1451	0.9750	0.3843	0.8980	0.1224s	0.3602	0.9010	0.8950
83
0181	0.1524	0.9667	0.3762	0.9040	0.1220s	0.3542	0.9020	0.8967
84
0182	0.1581	0.9833	0.3716	0.9060	0.1217s	0.3499	0.9060	0.9009
85
0183	0.1217	0.9917	0.3710	0.9060	0.1225s	0.3509	0.9050	0.8997
86
0184	0.1431	0.9667	0.3722	0.9040	0.1220s	0.3548	0.9060	0.9008
87
0185	0.1295	0.9917	0.3760	0.9020	0.1221s	0.3599	0.9030	0.8978
88
0186	0.1385	0.9750	0.3743	0.9000	0.1224s	0.3560	0.9060	0.9009
89
0187	0.1361	0.9917	0.3763	0.9000	0.1223s	0.3555	0.9040	0.8982
90
0188	0.1277	0.9833	0.3772	0.9060	0.1218s	0.3526	0.9000	0.8938
91
0189	0.1307	0.9917	0.3820	0.9040	0.1220s	0.3540	0.9010	0.8951
92
0190	0.1203	0.9750	0.3818	0.9040	0.1222s	0.3521	0.9010	0.8953
93
0191	0.1274	1.0000	0.3845	0.9020	0.1179s	0.3549	0.8990	0.8931
94
0192	0.1418	0.9917	0.3811	0.9060	0.1222s	0.3530	0.9030	0.8972
95
0193	0.1310	0.9833	0.3753	0.9020	0.1223s	0.3465	0.9090	0.9038
96
0194	0.1410	0.9917	0.3707	0.9000	0.1211s	0.3405	0.9080	0.9033
97
0195	0.1074	0.9833	0.3725	0.9000	0.1225s	0.3422	0.9070	0.9023
98
0196	0.1345	0.9750	0.3766	0.9020	0.1206s	0.3454	0.9070	0.9023
99
0197	0.1491	0.9750	0.3837	0.8960	0.1221s	0.3506	0.9050	0.8997
100
0198	0.1351	0.9750	0.3908	0.8980	0.1193s	0.3560	0.9050	0.9000
101
0199	0.1255	0.9750	0.3917	0.9020	0.1185s	0.3562	0.9050	0.8999
102
0200	0.1314	0.9917	0.3881	0.9020	0.1216s	0.3533	0.9060	0.9009
103
0201	0.1231	0.9750	0.3870	0.9020	0.1218s	0.3538	0.9080	0.9027
104
0202	0.1251	0.9750	0.3851	0.8980	0.1217s	0.3554	0.9070	0.9012
105
0203	0.1348	0.9833	0.3835	0.8980	0.1222s	0.3557	0.9070	0.9015
106
0204	0.1199	0.9417	0.3822	0.8980	0.1224s	0.3564	0.9070	0.9016
107
0205	0.1192	0.9833	0.3810	0.8980	0.1221s	0.3572	0.9090	0.9035
108
0206	0.1294	0.9833	0.3791	0.9000	0.1219s	0.3549	0.9070	0.9015
109
0207	0.1288	0.9917	0.3767	0.9000	0.1217s	0.3499	0.9100	0.9049
110
0208	0.1287	0.9750	0.3774	0.8980	0.1219s	0.3472	0.9100	0.9052
111
0209	0.1354	0.9917	0.3817	0.9000	0.1220s	0.3545	0.9070	0.9022
112
0210	0.1251	0.9833	0.3905	0.8980	0.1220s	0.3670	0.9040	0.8986
113
0211	0.1371	0.9833	0.3970	0.8920	0.1222s	0.3771	0.9030	0.8972
114
0212	0.1463	1.0000	0.4004	0.9000	0.1215s	0.3835	0.9030	0.8972
115
0213	0.1355	0.9917	0.3968	0.8980	0.1215s	0.3819	0.9050	0.8990
116
0214	0.1255	0.9917	0.3896	0.8980	0.1218s	0.3742	0.9070	0.9013
117
0215	0.1381	0.9667	0.3844	0.8920	0.1218s	0.3643	0.9080	0.9022
118
0216	0.1223	0.9750	0.3863	0.8940	0.1220s	0.3622	0.9050	0.8995
119
0217	0.1258	0.9917	0.3859	0.8980	0.1222s	0.3617	0.9010	0.8955
120
0218	0.1321	0.9750	0.3857	0.8960	0.1219s	0.3638	0.9010	0.8954
121
0219	0.1377	0.9917	0.3864	0.8960	0.1224s	0.3668	0.9030	0.8977
122
0220	0.1289	0.9667	0.3928	0.8900	0.1221s	0.3760	0.9030	0.8975
123
0221	0.1236	0.9833	0.4025	0.8920	0.1222s	0.3875	0.8970	0.8909
124
0222	0.1407	0.9833	0.4008	0.8900	0.1219s	0.3865	0.8990	0.8935
125
0223	0.1275	1.0000	0.3951	0.8920	0.1221s	0.3815	0.9020	0.8969
126
0224	0.1332	0.9833	0.3851	0.8920	0.1234s	0.3718	0.9050	0.9002
127
0225	0.1425	0.9833	0.3764	0.8880	0.1218s	0.3618	0.9060	0.9011
128
0226	0.1361	0.9750	0.3751	0.8900	0.1221s	0.3576	0.9070	0.9023
129
0227	0.1504	0.9667	0.3794	0.8900	0.1220s	0.3590	0.9050	0.9001
130
0228	0.1258	1.0000	0.3827	0.8920	0.1219s	0.3613	0.9030	0.8978
131
0229	0.1406	0.9917	0.3801	0.8940	0.1204s	0.3606	0.9020	0.8966
132
0230	0.1247	0.9917	0.3766	0.8920	0.1213s	0.3606	0.9010	0.8954
133
0231	0.1362	0.9750	0.3778	0.8900	0.1222s	0.3650	0.9020	0.8965
134
0232	0.1249	0.9917	0.3727	0.8920	0.1219s	0.3644	0.9030	0.8978
135
0233	0.1253	0.9750	0.3700	0.8960	0.1221s	0.3670	0.9040	0.8989
136
0234	0.1374	0.9917	0.3625	0.8940	0.1214s	0.3619	0.9040	0.8988
137
0235	0.1355	0.9833	0.3594	0.8940	0.1216s	0.3576	0.9030	0.8981
138
0236	0.1222	0.9833	0.3594	0.8920	0.1216s	0.3564	0.9020	0.8975
139
0237	0.1283	1.0000	0.3656	0.8960	0.1218s	0.3615	0.9020	0.8974
140
0238	0.1325	0.9583	0.3694	0.8940	0.1220s	0.3642	0.9030	0.8982
141
0239	0.1344	0.9750	0.3671	0.8960	0.1217s	0.3627	0.9030	0.8981
142
0240	0.1446	0.9833	0.3643	0.8980	0.1215s	0.3608	0.9030	0.8978
143
0241	0.1558	0.9667	0.3612	0.9000	0.1220s	0.3591	0.9050	0.8998
144
0242	0.1184	0.9750	0.3613	0.9000	0.1218s	0.3614	0.9040	0.8987
145
0243	0.1326	0.9833	0.3667	0.8980	0.1224s	0.3692	0.9030	0.8975
146
0244	0.1466	0.9750	0.3793	0.8980	0.1134s	0.3813	0.9000	0.8939
147
0245	0.1584	0.9750	0.3844	0.8940	0.1221s	0.3833	0.9010	0.8949
148
0246	0.1321	0.9917	0.3848	0.8960	0.1220s	0.3802	0.8960	0.8902
149
0247	0.1325	0.9667	0.3851	0.8940	0.1221s	0.3780	0.8920	0.8861
150
0248	0.1466	0.9667	0.3806	0.8960	0.1219s	0.3714	0.8990	0.8934
151
0249	0.1232	0.9833	0.3752	0.8980	0.1223s	0.3667	0.9020	0.8968
152
0250	0.1649	0.9667	0.3784	0.8980	0.1221s	0.3686	0.9040	0.8989
153
0251	0.1130	1.0000	0.3855	0.9020	0.1226s	0.3757	0.8990	0.8932
154
0252	0.1288	1.0000	0.3904	0.9040	0.1222s	0.3836	0.9000	0.8943
155
0253	0.1222	0.9667	0.3959	0.9040	0.1215s	0.3912	0.8990	0.8932
156
0254	0.1166	0.9917	0.3978	0.8980	0.1259s	0.3958	0.8990	0.8931
157
0255	0.1307	1.0000	0.3966	0.8900	0.1223s	0.3956	0.8990	0.8930
158
0256	0.1351	0.9667	0.3945	0.8900	0.1219s	0.3933	0.9000	0.8939
159
0257	0.1411	0.9750	0.3935	0.8920	0.1218s	0.3905	0.8990	0.8926
160
0258	0.1143	1.0000	0.3890	0.8980	0.1219s	0.3834	0.9010	0.8948
161
0259	0.1280	0.9667	0.3859	0.8980	0.1222s	0.3772	0.9000	0.8937
162
0260	0.1475	0.9917	0.3794	0.9020	0.1221s	0.3689	0.8990	0.8930
163
0261	0.1287	0.9833	0.3776	0.9000	0.1219s	0.3657	0.9040	0.8987
164
0262	0.1728	0.9833	0.3783	0.9020	0.1223s	0.3637	0.9010	0.8954
165
0263	0.1411	0.9833	0.3838	0.9020	0.1219s	0.3682	0.8960	0.8899
166
0264	0.1481	0.9833	0.3895	0.8980	0.1219s	0.3761	0.8970	0.8911
167
0265	0.1480	0.9750	0.3929	0.8940	0.1219s	0.3826	0.8990	0.8933
168
0266	0.1374	0.9667	0.3905	0.8980	0.1217s	0.3813	0.8970	0.8908
169
0267	0.1512	0.9583	0.3816	0.9000	0.1218s	0.3704	0.8970	0.8909
170
0268	0.1386	1.0000	0.3757	0.8960	0.1222s	0.3604	0.9050	0.8991
171
0269	0.1249	0.9917	0.3760	0.8980	0.1220s	0.3576	0.9070	0.9015
172
0270	0.1331	0.9833	0.3775	0.9000	0.1219s	0.3564	0.9090	0.9041
173
0271	0.1404	0.9750	0.3786	0.9000	0.1218s	0.3593	0.9090	0.9041
174
0272	0.1305	0.9833	0.3816	0.8960	0.1046s	0.3644	0.9040	0.8985
175
0273	0.1404	0.9750	0.3894	0.8940	0.1189s	0.3762	0.9030	0.8971
176
0274	0.1254	0.9750	0.3952	0.8940	0.1223s	0.3841	0.8980	0.8918
177
0275	0.1413	0.9833	0.3997	0.8880	0.1225s	0.3875	0.8970	0.8906
178
0276	0.1394	0.9667	0.3970	0.8920	0.1050s	0.3818	0.8930	0.8863
179
0277	0.1223	1.0000	0.3937	0.8920	0.1221s	0.3737	0.8980	0.8922
180
0278	0.1230	0.9833	0.3872	0.9000	0.1222s	0.3629	0.9000	0.8944
181
0279	0.1491	0.9833	0.3815	0.9040	0.1222s	0.3550	0.9040	0.8991
182
0280	0.1521	0.9750	0.3801	0.8980	0.1208s	0.3533	0.9060	0.9017
183
0281	0.1123	0.9667	0.3824	0.9000	0.1221s	0.3563	0.9060	0.9016
184
0282	0.1292	0.9917	0.3862	0.8920	0.1213s	0.3622	0.9030	0.8983
185
0283	0.1297	0.9833	0.3903	0.8960	0.1219s	0.3678	0.9010	0.8962
186
0284	0.1228	0.9667	0.3949	0.8960	0.1222s	0.3746	0.9030	0.8973
187
0285	0.1330	0.9917	0.4000	0.8900	0.1229s	0.3815	0.9010	0.8950
188
0286	0.1371	0.9750	0.3990	0.8880	0.1221s	0.3793	0.9000	0.8939
189
0287	0.1351	0.9750	0.3945	0.8900	0.1223s	0.3720	0.9010	0.8949
190
0288	0.1385	0.9833	0.3912	0.8960	0.1220s	0.3644	0.9050	0.8997
191
0289	0.1342	0.9667	0.3880	0.8960	0.1222s	0.3573	0.9060	0.9010
192
0290	0.1610	0.9667	0.3840	0.8960	0.1221s	0.3524	0.9080	0.9032
193
0291	0.1225	0.9750	0.3846	0.8960	0.1217s	0.3529	0.9090	0.9044
194
0292	0.1450	0.9917	0.3875	0.8920	0.1220s	0.3582	0.9040	0.8987
195
0293	0.1334	0.9833	0.3939	0.8900	0.1218s	0.3667	0.9060	0.9010
196
0294	0.1250	0.9917	0.3987	0.8880	0.1223s	0.3723	0.9040	0.8985
197
0295	0.1357	0.9833	0.3999	0.8860	0.1052s	0.3738	0.9050	0.8997
198
0296	0.1256	0.9917	0.3969	0.8880	0.1194s	0.3712	0.9040	0.8987
199
Early stop! Min loss:0.3583565652370453,  Max accuracy:0.916
Early stop model validation loss:0.3583565652370453,  accuracy:0.91
Optimization Finished!
Total time elapsed: 36.2931s
test max acc:0.9120
Loading 95th epoch
stru_node_to_hop attention:tensor([[0.2504, 0.2504, 0.2497, 0.2495],
        [0.2501, 0.2499, 0.2500, 0.2500],
        [0.2489, 0.2505, 0.2503, 0.2503],
        [0.2492, 0.2509, 0.2500, 0.2499],
        [0.2486, 0.2509, 0.2503, 0.2502],
        [0.2501, 0.2504, 0.2498, 0.2497],
        [0.2498, 0.2500, 0.2501, 0.2500],
        [0.2500, 0.2501, 0.2500, 0.2499],
        [0.2506, 0.2500, 0.2498, 0.2496],
        [0.2495, 0.2504, 0.2501, 0.2500],
        [0.2504, 0.2498, 0.2499, 0.2499],
        [0.2499, 0.2500, 0.2500, 0.2500],
        [0.2496, 0.2504, 0.2501, 0.2500],
        [0.2507, 0.2500, 0.2497, 0.2496],
        [0.2498, 0.2504, 0.2499, 0.2499],
        [0.2499, 0.2505, 0.2499, 0.2496],
        [0.2481, 0.2512, 0.2505, 0.2502],
        [0.2485, 0.2511, 0.2503, 0.2500],
        [0.2500, 0.2500, 0.2500, 0.2500],
        [0.2502, 0.2503, 0.2499, 0.2497],
        [0.2497, 0.2501, 0.2501, 0.2501],
        [0.2479, 0.2517, 0.2503, 0.2501],
        [0.2497, 0.2501, 0.2501, 0.2501],
        [0.2475, 0.2512, 0.2507, 0.2506],
        [0.2500, 0.2500, 0.2500, 0.2500],
        [0.2490, 0.2508, 0.2502, 0.2500],
        [0.2501, 0.2502, 0.2499, 0.2498],
        [0.2499, 0.2501, 0.2500, 0.2500],
        [0.2502, 0.2499, 0.2499, 0.2499],
        [0.2493, 0.2508, 0.2501, 0.2498],
        [0.2491, 0.2506, 0.2502, 0.2500],
        [0.2488, 0.2507, 0.2503, 0.2501],
        [0.2496, 0.2504, 0.2500, 0.2499],
        [0.2496, 0.2502, 0.2501, 0.2501],
        [0.2483, 0.2508, 0.2505, 0.2504],
        [0.2502, 0.2500, 0.2499, 0.2499],
        [0.2497, 0.2503, 0.2502, 0.2499],
        [0.2488, 0.2505, 0.2503, 0.2504],
        [0.2500, 0.2500, 0.2500, 0.2500],
        [0.2503, 0.2501, 0.2499, 0.2497],
        [0.2496, 0.2501, 0.2502, 0.2502],
        [0.2491, 0.2505, 0.2503, 0.2501],
        [0.2499, 0.2501, 0.2500, 0.2500],
        [0.2500, 0.2500, 0.2500, 0.2500],
        [0.2474, 0.2513, 0.2508, 0.2505],
        [0.1770, 0.2051, 0.2817, 0.3362],
        [0.2505, 0.2499, 0.2499, 0.2497],
        [0.2484, 0.2511, 0.2504, 0.2502],
        [0.2500, 0.2501, 0.2499, 0.2499],
        [0.2504, 0.2499, 0.2499, 0.2498],
        [0.2484, 0.2509, 0.2504, 0.2503],
        [0.2493, 0.2505, 0.2501, 0.2501],
        [0.2499, 0.2501, 0.2500, 0.2500],
        [0.2501, 0.2502, 0.2499, 0.2498],
        [0.2469, 0.2519, 0.2507, 0.2505],
        [0.2484, 0.2505, 0.2505, 0.2507],
        [0.2495, 0.2510, 0.2499, 0.2496],
        [0.2497, 0.2502, 0.2501, 0.2500],
        [0.2473, 0.2516, 0.2507, 0.2504],
        [0.2490, 0.2510, 0.2501, 0.2499],
        [0.2483, 0.2508, 0.2505, 0.2503],
        [0.2492, 0.2506, 0.2502, 0.2501],
        [0.2502, 0.2503, 0.2498, 0.2497],
        [0.2491, 0.2506, 0.2503, 0.2501],
        [0.2498, 0.2502, 0.2500, 0.2500],
        [0.2494, 0.2500, 0.2503, 0.2503],
        [0.2493, 0.2498, 0.2504, 0.2505],
        [0.2474, 0.2506, 0.2509, 0.2511],
        [0.2497, 0.2501, 0.2501, 0.2501],
        [0.2492, 0.2504, 0.2502, 0.2501],
        [0.2489, 0.2510, 0.2501, 0.2500],
        [0.2497, 0.2500, 0.2501, 0.2502],
        [0.2494, 0.2504, 0.2502, 0.2500],
        [0.2499, 0.2508, 0.2498, 0.2495],
        [0.2500, 0.2500, 0.2500, 0.2500],
        [0.2493, 0.2505, 0.2502, 0.2500],
        [0.2502, 0.2502, 0.2499, 0.2497],
        [0.2511, 0.2496, 0.2497, 0.2497],
        [0.2495, 0.2502, 0.2502, 0.2501],
        [0.2496, 0.2500, 0.2502, 0.2502],
        [0.2511, 0.2499, 0.2497, 0.2493],
        [0.2482, 0.2510, 0.2505, 0.2503],
        [0.2511, 0.2495, 0.2498, 0.2497],
        [0.2494, 0.2502, 0.2502, 0.2502],
        [0.2496, 0.2503, 0.2501, 0.2500],
        [0.2486, 0.2508, 0.2503, 0.2503],
        [0.2491, 0.2503, 0.2503, 0.2503],
        [0.2496, 0.2503, 0.2501, 0.2500],
        [0.2492, 0.2511, 0.2501, 0.2496],
        [0.2500, 0.2502, 0.2499, 0.2498],
        [0.2496, 0.2503, 0.2501, 0.2500],
        [0.2499, 0.2501, 0.2500, 0.2500],
        [0.2501, 0.2500, 0.2500, 0.2500],
        [0.2497, 0.2502, 0.2501, 0.2500],
        [0.2489, 0.2505, 0.2503, 0.2502],
        [0.2500, 0.2500, 0.2500, 0.2500],
        [0.2506, 0.2499, 0.2498, 0.2498],
        [0.2508, 0.2498, 0.2498, 0.2497],
        [0.2488, 0.2508, 0.2503, 0.2501],
        [0.2504, 0.2499, 0.2500, 0.2497]], device='cuda:1')
fea_node_to_hop attention:tensor([[0.3330, 0.3331, 0.3339],
        [0.3341, 0.3330, 0.3329],
        [0.3323, 0.3323, 0.3354],
        [0.3321, 0.3336, 0.3343],
        [0.3327, 0.3331, 0.3342],
        [0.3312, 0.3348, 0.3340],
        [0.3318, 0.3336, 0.3346],
        [0.3327, 0.3332, 0.3340],
        [0.3315, 0.3340, 0.3345],
        [0.3328, 0.3328, 0.3344],
        [0.3341, 0.3328, 0.3331],
        [0.3336, 0.3332, 0.3332],
        [0.3319, 0.3334, 0.3346],
        [0.3325, 0.3332, 0.3343],
        [0.3305, 0.3344, 0.3351],
        [0.3310, 0.3341, 0.3349],
        [0.3282, 0.3347, 0.3371],
        [0.3313, 0.3340, 0.3347],
        [0.3328, 0.3335, 0.3337],
        [0.3296, 0.3349, 0.3355],
        [0.3323, 0.3340, 0.3337],
        [0.3311, 0.3339, 0.3350],
        [0.3321, 0.3338, 0.3341],
        [0.3320, 0.3341, 0.3339],
        [0.3332, 0.3333, 0.3335],
        [0.3312, 0.3338, 0.3350],
        [0.3326, 0.3331, 0.3343],
        [0.3316, 0.3337, 0.3347],
        [0.3307, 0.3340, 0.3354],
        [0.3292, 0.3357, 0.3351],
        [0.3307, 0.3338, 0.3355],
        [0.3301, 0.3343, 0.3355],
        [0.3290, 0.3354, 0.3356],
        [0.3313, 0.3345, 0.3342],
        [0.3320, 0.3341, 0.3339],
        [0.3316, 0.3340, 0.3344],
        [0.3308, 0.3339, 0.3353],
        [0.3339, 0.3328, 0.3333],
        [0.3321, 0.3335, 0.3344],
        [0.3313, 0.3337, 0.3350],
        [0.3324, 0.3334, 0.3342],
        [0.3302, 0.3351, 0.3347],
        [0.3333, 0.3333, 0.3334],
        [0.3331, 0.3334, 0.3335],
        [0.3305, 0.3349, 0.3346],
        [0.2972, 0.3725, 0.3303],
        [0.3320, 0.3335, 0.3345],
        [0.3302, 0.3344, 0.3353],
        [0.3320, 0.3338, 0.3342],
        [0.3333, 0.3329, 0.3338],
        [0.3343, 0.3318, 0.3340],
        [0.3321, 0.3337, 0.3342],
        [0.3329, 0.3336, 0.3334],
        [0.3292, 0.3350, 0.3358],
        [0.3322, 0.3337, 0.3341],
        [0.3321, 0.3330, 0.3349],
        [0.3319, 0.3340, 0.3341],
        [0.3286, 0.3352, 0.3361],
        [0.3322, 0.3327, 0.3350],
        [0.3329, 0.3323, 0.3348],
        [0.3288, 0.3355, 0.3357],
        [0.3290, 0.3351, 0.3359],
        [0.3318, 0.3337, 0.3345],
        [0.3309, 0.3347, 0.3344],
        [0.3322, 0.3339, 0.3339],
        [0.3294, 0.3356, 0.3350],
        [0.3311, 0.3348, 0.3341],
        [0.3309, 0.3344, 0.3347],
        [0.3331, 0.3333, 0.3335],
        [0.3293, 0.3353, 0.3355],
        [0.3312, 0.3339, 0.3349],
        [0.3313, 0.3341, 0.3346],
        [0.3306, 0.3341, 0.3353],
        [0.3316, 0.3336, 0.3348],
        [0.3334, 0.3333, 0.3333],
        [0.3318, 0.3330, 0.3352],
        [0.3309, 0.3346, 0.3345],
        [0.3317, 0.3337, 0.3346],
        [0.3317, 0.3339, 0.3344],
        [0.3321, 0.3338, 0.3341],
        [0.3323, 0.3337, 0.3339],
        [0.3306, 0.3347, 0.3347],
        [0.3315, 0.3334, 0.3351],
        [0.3313, 0.3342, 0.3345],
        [0.3317, 0.3339, 0.3344],
        [0.3286, 0.3353, 0.3361],
        [0.3317, 0.3342, 0.3341],
        [0.3327, 0.3331, 0.3343],
        [0.3294, 0.3345, 0.3361],
        [0.3313, 0.3339, 0.3349],
        [0.3316, 0.3339, 0.3345],
        [0.3331, 0.3334, 0.3336],
        [0.3329, 0.3336, 0.3335],
        [0.3311, 0.3345, 0.3344],
        [0.3304, 0.3346, 0.3349],
        [0.3333, 0.3334, 0.3333],
        [0.3344, 0.3327, 0.3330],
        [0.3317, 0.3337, 0.3346],
        [0.3300, 0.3344, 0.3355],
        [0.3307, 0.3350, 0.3343]], device='cuda:1')
perception attention:tensor([0.5000, 0.5000], device='cuda:1')
Test set results: loss= 0.3335 accuracy= 0.9120 F1_score= 0.9077
