# epoch	loss_train	acc_train	loss_val	acc_val	time	acc_test	f1_test
0001	1.7977	0.1750	1.7063	0.4880	0.1220s	1.6960	0.5240	0.3693
0
0002	1.6923	0.4667	1.5659	0.5000	0.1222s	1.5419	0.5340	0.3824
0
0003	1.5557	0.5417	1.3983	0.5800	0.1226s	1.3701	0.6020	0.5022
0
0004	1.3739	0.5833	1.2056	0.7300	0.1229s	1.1819	0.7540	0.7315
0
0005	1.1781	0.7750	1.0231	0.8320	0.1227s	1.0047	0.8490	0.8403
0
0006	0.9638	0.8333	0.8717	0.8560	0.1222s	0.8580	0.8670	0.8599
0
0007	0.8316	0.8250	0.7462	0.8580	0.1054s	0.7344	0.8570	0.8528
0
0008	0.7471	0.8667	0.6447	0.8620	0.1195s	0.6290	0.8650	0.8591
0
0009	0.6389	0.8667	0.5699	0.8760	0.1227s	0.5498	0.8830	0.8746
0
0010	0.5144	0.9250	0.5136	0.8880	0.1199s	0.4901	0.8920	0.8847
0
0011	0.4665	0.8917	0.4696	0.8920	0.1224s	0.4441	0.8950	0.8893
0
0012	0.4369	0.8917	0.4394	0.8900	0.1234s	0.4122	0.8960	0.8906
0
0013	0.4105	0.9417	0.4168	0.8860	0.1223s	0.3884	0.8940	0.8882
0
0014	0.3101	0.9000	0.4058	0.8900	0.1227s	0.3762	0.8910	0.8838
0
0015	0.3223	0.9583	0.4035	0.8900	0.1223s	0.3717	0.8860	0.8778
0
0016	0.2818	0.9167	0.4010	0.8940	0.1047s	0.3677	0.8840	0.8763
0
0017	0.2597	0.9667	0.3950	0.8940	0.1157s	0.3612	0.8900	0.8831
0
0018	0.2781	0.9417	0.3914	0.8900	0.1230s	0.3579	0.8920	0.8852
0
0019	0.2110	0.9583	0.3904	0.8820	0.1226s	0.3574	0.8960	0.8895
0
0020	0.2339	0.9583	0.3899	0.8840	0.1225s	0.3567	0.8930	0.8859
0
0021	0.2174	0.9417	0.3865	0.8940	0.1228s	0.3525	0.8980	0.8920
0
0022	0.2258	0.9583	0.3856	0.8940	0.1200s	0.3509	0.9010	0.8954
0
0023	0.1928	0.9750	0.3868	0.8920	0.1237s	0.3508	0.8950	0.8884
0
0024	0.2300	0.9750	0.4002	0.8880	0.1218s	0.3623	0.8920	0.8851
1
0025	0.1814	0.9750	0.4179	0.8880	0.1200s	0.3785	0.8880	0.8802
2
0026	0.1676	0.9833	0.4337	0.8840	0.1192s	0.3932	0.8820	0.8729
3
0027	0.1649	0.9833	0.4388	0.8800	0.1220s	0.3983	0.8800	0.8706
4
0028	0.1592	0.9917	0.4333	0.8820	0.1222s	0.3940	0.8790	0.8699
5
0029	0.1857	0.9750	0.4159	0.8880	0.1221s	0.3792	0.8820	0.8742
6
0030	0.1786	0.9583	0.4032	0.8900	0.1050s	0.3695	0.8870	0.8806
7
0031	0.1850	0.9667	0.3965	0.8900	0.1204s	0.3649	0.8940	0.8881
8
0032	0.1928	0.9833	0.3953	0.8940	0.1216s	0.3639	0.8940	0.8880
9
0033	0.1684	1.0000	0.3972	0.8920	0.1234s	0.3657	0.8930	0.8869
0
0034	0.1579	0.9917	0.3992	0.8900	0.1207s	0.3670	0.8900	0.8831
1
0035	0.1748	1.0000	0.4011	0.8880	0.1222s	0.3674	0.8900	0.8827
2
0036	0.1506	0.9833	0.4026	0.8880	0.1213s	0.3677	0.8900	0.8826
3
0037	0.1551	0.9917	0.4063	0.8900	0.1203s	0.3707	0.8850	0.8770
4
0038	0.1705	1.0000	0.4115	0.8860	0.1189s	0.3751	0.8830	0.8747
5
0039	0.1418	0.9917	0.4148	0.8840	0.1236s	0.3783	0.8840	0.8757
6
0040	0.1818	0.9750	0.4179	0.8820	0.1226s	0.3810	0.8830	0.8746
7
0041	0.1717	0.9750	0.4146	0.8880	0.1198s	0.3773	0.8850	0.8768
8
0042	0.1818	0.9833	0.4064	0.8900	0.1242s	0.3693	0.8860	0.8780
9
0043	0.1631	0.9917	0.3970	0.8920	0.1228s	0.3604	0.8910	0.8838
10
0044	0.1639	0.9833	0.3922	0.8900	0.1223s	0.3565	0.8960	0.8896
11
0045	0.1802	0.9583	0.3914	0.8900	0.1196s	0.3559	0.8990	0.8927
12
0046	0.1475	0.9833	0.3915	0.8900	0.1230s	0.3569	0.9000	0.8937
13
0047	0.1629	0.9833	0.3914	0.8940	0.1197s	0.3580	0.8990	0.8925
14
0048	0.1604	0.9667	0.3910	0.8940	0.1185s	0.3587	0.8950	0.8882
0
0049	0.1533	0.9917	0.3924	0.8920	0.1224s	0.3612	0.8920	0.8847
0
0050	0.1264	0.9833	0.3979	0.8880	0.1224s	0.3667	0.8890	0.8812
1
0051	0.1791	0.9917	0.3995	0.8940	0.1232s	0.3676	0.8890	0.8815
2
0052	0.1996	0.9500	0.3989	0.8940	0.1226s	0.3680	0.8920	0.8847
0
0053	0.1462	1.0000	0.3933	0.8960	0.1215s	0.3638	0.8920	0.8850
0
0054	0.1599	0.9833	0.3903	0.8900	0.1220s	0.3625	0.8900	0.8826
0
0055	0.1401	0.9917	0.3895	0.8920	0.1221s	0.3624	0.8940	0.8871
1
0056	0.1431	0.9917	0.3895	0.8920	0.1225s	0.3614	0.8950	0.8881
2
0057	0.1610	1.0000	0.3917	0.8960	0.1223s	0.3616	0.8970	0.8908
3
0058	0.1663	0.9750	0.3907	0.8940	0.1223s	0.3594	0.9020	0.8959
0
0059	0.1536	0.9667	0.3903	0.9020	0.1226s	0.3578	0.9030	0.8970
1
0060	0.1390	0.9917	0.3869	0.8980	0.1225s	0.3532	0.9000	0.8939
0
0061	0.1539	1.0000	0.3843	0.8980	0.1224s	0.3509	0.8990	0.8928
1
0062	0.1474	0.9833	0.3855	0.8980	0.1225s	0.3530	0.8980	0.8916
0
0063	0.1566	0.9833	0.3879	0.8960	0.1226s	0.3564	0.8960	0.8894
1
0064	0.1404	0.9750	0.3880	0.8980	0.1226s	0.3571	0.8940	0.8874
2
0065	0.1355	0.9833	0.3842	0.8940	0.1224s	0.3531	0.8990	0.8927
3
0066	0.1504	0.9667	0.3816	0.9000	0.1225s	0.3510	0.8980	0.8920
0
0067	0.1548	0.9750	0.3866	0.8960	0.1222s	0.3552	0.8990	0.8925
0
0068	0.1643	0.9583	0.3939	0.8940	0.1048s	0.3602	0.8990	0.8923
1
0069	0.1524	0.9583	0.3982	0.8940	0.1222s	0.3630	0.9040	0.8978
2
0070	0.1576	0.9667	0.4002	0.8920	0.1223s	0.3644	0.9040	0.8983
3
0071	0.1355	0.9667	0.3953	0.8920	0.1222s	0.3599	0.9040	0.8985
4
0072	0.1322	0.9833	0.3887	0.8980	0.1219s	0.3545	0.9060	0.9006
5
0073	0.1386	1.0000	0.3824	0.9040	0.1223s	0.3501	0.9040	0.8984
6
0074	0.1520	0.9583	0.3769	0.9060	0.1224s	0.3458	0.9010	0.8951
0
0075	0.1406	0.9667	0.3762	0.9020	0.1224s	0.3448	0.9040	0.8985
0
0076	0.1509	0.9833	0.3772	0.9020	0.1226s	0.3456	0.9050	0.8994
0
0077	0.1734	0.9750	0.3804	0.8980	0.1221s	0.3491	0.9030	0.8974
1
0078	0.1450	0.9750	0.3839	0.8980	0.1223s	0.3546	0.9040	0.8987
2
0079	0.1259	1.0000	0.3895	0.8940	0.1199s	0.3627	0.9010	0.8956
3
0080	0.1564	0.9833	0.3920	0.8900	0.1221s	0.3674	0.8980	0.8918
4
0081	0.1603	0.9833	0.3894	0.8940	0.1169s	0.3666	0.9010	0.8949
5
0082	0.1503	0.9833	0.3880	0.8920	0.1228s	0.3646	0.9000	0.8937
6
0083	0.1408	0.9833	0.3872	0.8900	0.1224s	0.3625	0.9030	0.8971
7
0084	0.1368	0.9917	0.3796	0.8920	0.1229s	0.3538	0.9030	0.8974
8
0085	0.1425	0.9583	0.3748	0.9000	0.1217s	0.3486	0.9050	0.8996
9
0086	0.1549	0.9667	0.3709	0.9040	0.1182s	0.3457	0.9060	0.9007
0
0087	0.1313	0.9833	0.3680	0.9020	0.1187s	0.3430	0.9070	0.9021
0
0088	0.1640	0.9667	0.3663	0.9080	0.1201s	0.3420	0.9080	0.9031
0
0089	0.1511	0.9917	0.3668	0.9040	0.1224s	0.3436	0.9070	0.9020
0
0090	0.1500	0.9750	0.3672	0.9000	0.1222s	0.3451	0.9090	0.9042
1
0091	0.1618	0.9917	0.3705	0.8980	0.1232s	0.3480	0.9080	0.9030
2
0092	0.1393	0.9750	0.3727	0.8980	0.1219s	0.3496	0.9080	0.9028
3
0093	0.1410	0.9833	0.3729	0.8980	0.1225s	0.3491	0.9080	0.9028
4
0094	0.1400	0.9667	0.3698	0.8980	0.1223s	0.3450	0.9090	0.9039
5
0095	0.1640	0.9583	0.3676	0.9060	0.1222s	0.3413	0.9090	0.9040
6
0096	0.1409	0.9833	0.3726	0.9040	0.1234s	0.3440	0.9050	0.8998
7
0097	0.1441	0.9667	0.3810	0.9000	0.1183s	0.3509	0.9020	0.8963
8
0098	0.1576	0.9833	0.3862	0.9020	0.1223s	0.3549	0.9000	0.8945
9
0099	0.1539	0.9750	0.3835	0.8980	0.1227s	0.3529	0.9030	0.8974
10
0100	0.1448	0.9917	0.3749	0.9000	0.1225s	0.3458	0.9030	0.8976
11
0101	0.1471	1.0000	0.3663	0.9040	0.1222s	0.3376	0.9110	0.9065
12
0102	0.1369	0.9750	0.3647	0.9020	0.1222s	0.3366	0.9130	0.9086
0
0103	0.1402	0.9917	0.3682	0.9020	0.1178s	0.3410	0.9090	0.9044
0
0104	0.1383	0.9667	0.3776	0.9040	0.1174s	0.3517	0.9040	0.8997
1
0105	0.1431	0.9917	0.3852	0.8940	0.1225s	0.3592	0.9050	0.8993
2
0106	0.1489	0.9917	0.3898	0.8940	0.1226s	0.3617	0.8970	0.8905
3
0107	0.1243	0.9833	0.3896	0.9020	0.1224s	0.3582	0.9010	0.8948
4
0108	0.1371	0.9833	0.3878	0.9000	0.1227s	0.3537	0.9020	0.8967
5
0109	0.1287	0.9917	0.3837	0.9020	0.1229s	0.3492	0.9010	0.8957
6
0110	0.1423	0.9833	0.3780	0.9000	0.1204s	0.3430	0.9080	0.9029
7
0111	0.1528	0.9750	0.3740	0.9080	0.1200s	0.3395	0.9070	0.9016
8
0112	0.1503	0.9667	0.3708	0.9060	0.1173s	0.3370	0.9120	0.9068
0
0113	0.1385	0.9917	0.3731	0.9040	0.1224s	0.3408	0.9100	0.9044
1
0114	0.1490	0.9750	0.3777	0.9000	0.1228s	0.3469	0.9110	0.9053
2
0115	0.1528	0.9917	0.3860	0.9000	0.1209s	0.3556	0.9100	0.9039
3
0116	0.1456	1.0000	0.3946	0.8940	0.1227s	0.3632	0.9080	0.9014
4
0117	0.1387	0.9833	0.3997	0.8920	0.1169s	0.3662	0.9000	0.8927
5
0118	0.1455	0.9583	0.4004	0.8920	0.1197s	0.3648	0.8980	0.8910
6
0119	0.1335	0.9750	0.3934	0.9000	0.1224s	0.3574	0.9010	0.8949
7
0120	0.1374	1.0000	0.3836	0.9020	0.1205s	0.3473	0.9030	0.8971
8
0121	0.1430	0.9917	0.3727	0.9040	0.1223s	0.3366	0.9050	0.8999
9
0122	0.1653	0.9667	0.3681	0.9060	0.1225s	0.3345	0.9080	0.9032
10
0123	0.1479	0.9833	0.3705	0.9040	0.1222s	0.3418	0.9070	0.9021
11
0124	0.1394	0.9833	0.3754	0.9060	0.1173s	0.3504	0.9060	0.9007
12
0125	0.1485	0.9917	0.3807	0.9040	0.1233s	0.3563	0.9040	0.8983
13
0126	0.1507	0.9667	0.3794	0.9040	0.1227s	0.3554	0.9030	0.8973
14
0127	0.1344	1.0000	0.3774	0.9080	0.1221s	0.3521	0.9100	0.9047
15
0128	0.1334	0.9833	0.3769	0.9080	0.1225s	0.3500	0.9110	0.9057
0
0129	0.1291	0.9917	0.3816	0.9060	0.1224s	0.3531	0.9070	0.9017
0
0130	0.1507	0.9750	0.3794	0.9060	0.1230s	0.3515	0.9030	0.8974
1
0131	0.1245	1.0000	0.3754	0.9080	0.1183s	0.3498	0.9100	0.9048
2
0132	0.1265	0.9917	0.3734	0.9100	0.1219s	0.3507	0.9060	0.9006
0
0133	0.1288	0.9667	0.3736	0.9120	0.1204s	0.3541	0.9050	0.8996
0
0134	0.1289	0.9833	0.3737	0.9100	0.1222s	0.3557	0.9080	0.9028
0
0135	0.1339	0.9750	0.3744	0.9080	0.1222s	0.3569	0.9080	0.9028
1
0136	0.1323	0.9417	0.3716	0.9120	0.1196s	0.3549	0.9090	0.9038
2
0137	0.1421	0.9667	0.3702	0.9120	0.1215s	0.3547	0.9060	0.9006
0
0138	0.1357	1.0000	0.3734	0.9100	0.1228s	0.3592	0.9040	0.8986
0
0139	0.1177	0.9917	0.3758	0.9060	0.1227s	0.3627	0.9030	0.8973
1
0140	0.1353	0.9750	0.3833	0.9000	0.1219s	0.3710	0.8990	0.8928
2
0141	0.1271	1.0000	0.3891	0.9000	0.1219s	0.3771	0.8970	0.8910
3
0142	0.1434	0.9583	0.3868	0.9000	0.1226s	0.3745	0.8990	0.8931
4
0143	0.1289	0.9917	0.3776	0.9060	0.1222s	0.3650	0.9070	0.9012
5
0144	0.1614	0.9583	0.3710	0.9060	0.1220s	0.3560	0.9060	0.9004
6
0145	0.1410	1.0000	0.3689	0.9100	0.1226s	0.3514	0.9080	0.9028
7
0146	0.1448	0.9583	0.3720	0.9040	0.1110s	0.3519	0.9050	0.8994
8
0147	0.1500	0.9750	0.3751	0.9040	0.1172s	0.3544	0.9020	0.8964
9
0148	0.1297	1.0000	0.3763	0.9040	0.1196s	0.3557	0.8990	0.8934
10
0149	0.1322	0.9750	0.3772	0.9040	0.1198s	0.3587	0.9000	0.8944
11
0150	0.1262	0.9833	0.3803	0.9020	0.1224s	0.3643	0.9040	0.8988
12
0151	0.1356	0.9750	0.3915	0.8940	0.1223s	0.3770	0.8980	0.8924
13
0152	0.1347	0.9833	0.3944	0.8960	0.1198s	0.3826	0.8990	0.8932
14
0153	0.1444	0.9833	0.3894	0.8980	0.1239s	0.3796	0.9010	0.8956
15
0154	0.1545	0.9917	0.3749	0.9040	0.1195s	0.3654	0.9050	0.8995
16
0155	0.1462	0.9750	0.3660	0.9080	0.1203s	0.3531	0.9130	0.9080
17
0156	0.1385	0.9833	0.3670	0.9040	0.1045s	0.3508	0.9100	0.9052
18
0157	0.1603	0.9750	0.3691	0.9060	0.1224s	0.3503	0.9060	0.9006
19
0158	0.1437	0.9500	0.3707	0.9060	0.1170s	0.3508	0.9080	0.9026
20
0159	0.1449	0.9750	0.3715	0.9040	0.1140s	0.3530	0.9080	0.9022
21
0160	0.1236	1.0000	0.3736	0.9020	0.1222s	0.3566	0.9080	0.9020
22
0161	0.1353	0.9833	0.3786	0.8960	0.1234s	0.3641	0.9070	0.9008
23
0162	0.1333	0.9917	0.3840	0.8940	0.1234s	0.3702	0.9020	0.8949
24
0163	0.1327	0.9833	0.3821	0.8980	0.1228s	0.3678	0.9030	0.8965
25
0164	0.1318	0.9833	0.3756	0.9000	0.1220s	0.3590	0.9030	0.8966
26
0165	0.1490	0.9833	0.3735	0.8980	0.1228s	0.3515	0.9010	0.8949
27
0166	0.1393	0.9833	0.3718	0.9080	0.1236s	0.3448	0.9040	0.8984
28
0167	0.1593	0.9583	0.3692	0.9080	0.1232s	0.3388	0.9060	0.9002
29
0168	0.1195	0.9750	0.3653	0.9100	0.1236s	0.3353	0.9130	0.9078
30
0169	0.1326	0.9750	0.3640	0.9080	0.1063s	0.3390	0.9120	0.9068
31
0170	0.1367	0.9750	0.3704	0.8980	0.1221s	0.3510	0.9080	0.9021
0
0171	0.1315	0.9833	0.3834	0.8940	0.1222s	0.3654	0.9080	0.9017
1
0172	0.1482	0.9833	0.3923	0.8920	0.1221s	0.3721	0.9070	0.9003
2
0173	0.1444	0.9667	0.3859	0.8900	0.1217s	0.3642	0.8990	0.8924
3
0174	0.1316	0.9917	0.3789	0.8980	0.1218s	0.3538	0.9050	0.8994
4
0175	0.1421	0.9750	0.3718	0.9000	0.1226s	0.3428	0.9030	0.8973
5
0176	0.1299	0.9750	0.3693	0.9000	0.1234s	0.3375	0.9040	0.8984
6
0177	0.1258	0.9667	0.3643	0.9080	0.1223s	0.3312	0.9070	0.9017
7
0178	0.1310	0.9917	0.3617	0.9060	0.1222s	0.3290	0.9070	0.9020
8
0179	0.1429	0.9750	0.3622	0.9080	0.1233s	0.3313	0.9060	0.9006
0
0180	0.1430	1.0000	0.3645	0.9080	0.1088s	0.3369	0.9100	0.9049
1
0181	0.1469	0.9833	0.3728	0.9020	0.1196s	0.3486	0.9050	0.8993
2
0182	0.1231	0.9750	0.3826	0.9020	0.1256s	0.3606	0.9020	0.8962
3
0183	0.1326	0.9750	0.3888	0.9000	0.1224s	0.3676	0.8970	0.8909
4
0184	0.1627	0.9833	0.3828	0.9020	0.1229s	0.3613	0.8970	0.8908
5
0185	0.1413	0.9833	0.3726	0.9060	0.1224s	0.3512	0.9010	0.8950
6
0186	0.1393	0.9833	0.3677	0.9020	0.1245s	0.3455	0.9060	0.9007
7
0187	0.1271	0.9833	0.3697	0.9020	0.1226s	0.3456	0.9040	0.8990
8
0188	0.1292	0.9750	0.3703	0.9020	0.1228s	0.3457	0.9040	0.8990
9
0189	0.1519	0.9583	0.3683	0.9020	0.1048s	0.3457	0.9030	0.8979
10
0190	0.1420	0.9750	0.3703	0.9040	0.1041s	0.3515	0.9030	0.8976
11
0191	0.1443	0.9833	0.3741	0.9040	0.1224s	0.3611	0.9020	0.8964
12
0192	0.1321	0.9583	0.3795	0.9000	0.1050s	0.3695	0.9010	0.8955
13
0193	0.1398	0.9750	0.3825	0.9000	0.1237s	0.3733	0.8990	0.8935
14
0194	0.1474	0.9500	0.3808	0.9000	0.1222s	0.3690	0.9020	0.8971
15
0195	0.1242	0.9833	0.3804	0.9060	0.1045s	0.3642	0.8990	0.8937
16
0196	0.1273	0.9917	0.3829	0.9040	0.1222s	0.3612	0.8980	0.8924
17
0197	0.1445	0.9833	0.3860	0.9020	0.1219s	0.3618	0.8950	0.8889
18
0198	0.1426	0.9667	0.3885	0.9020	0.1232s	0.3617	0.9000	0.8939
19
0199	0.1395	0.9917	0.3865	0.9000	0.1221s	0.3603	0.9020	0.8959
20
0200	0.1369	0.9917	0.3814	0.9100	0.1229s	0.3582	0.9030	0.8973
21
0201	0.1462	0.9917	0.3778	0.9060	0.1222s	0.3598	0.9000	0.8939
22
0202	0.1318	0.9917	0.3774	0.9000	0.1226s	0.3646	0.8990	0.8934
23
0203	0.1254	0.9917	0.3776	0.9000	0.1223s	0.3676	0.9000	0.8944
24
0204	0.1176	0.9750	0.3781	0.9020	0.1225s	0.3690	0.9010	0.8954
25
0205	0.1397	0.9917	0.3783	0.8980	0.1046s	0.3677	0.8990	0.8934
26
0206	0.1342	0.9917	0.3794	0.9060	0.1221s	0.3650	0.8970	0.8911
27
0207	0.1334	0.9833	0.3828	0.9000	0.1221s	0.3662	0.8970	0.8912
28
0208	0.1290	0.9750	0.3830	0.9000	0.1220s	0.3677	0.8960	0.8900
29
0209	0.1391	0.9917	0.3781	0.9000	0.1223s	0.3625	0.8950	0.8888
30
0210	0.1490	0.9750	0.3760	0.9020	0.1221s	0.3612	0.8970	0.8907
31
0211	0.1308	0.9917	0.3769	0.9040	0.1051s	0.3631	0.9000	0.8939
32
0212	0.1444	0.9750	0.3785	0.9020	0.1046s	0.3644	0.9010	0.8950
33
0213	0.1450	0.9750	0.3832	0.9000	0.1044s	0.3673	0.9030	0.8970
34
0214	0.1506	0.9833	0.3850	0.8980	0.1194s	0.3663	0.9030	0.8968
35
0215	0.1276	0.9917	0.3838	0.8980	0.1231s	0.3641	0.9020	0.8958
36
0216	0.1396	0.9833	0.3840	0.9000	0.1226s	0.3640	0.8970	0.8909
37
0217	0.1167	0.9667	0.3852	0.9000	0.1216s	0.3664	0.8970	0.8909
38
0218	0.1348	0.9750	0.3838	0.8940	0.1236s	0.3680	0.8980	0.8923
39
0219	0.1349	0.9917	0.3846	0.8940	0.1220s	0.3698	0.8970	0.8917
40
0220	0.1416	0.9917	0.3865	0.8940	0.1217s	0.3693	0.8970	0.8916
41
0221	0.1560	0.9917	0.3913	0.8960	0.1234s	0.3692	0.8960	0.8906
42
0222	0.1225	0.9833	0.3991	0.8900	0.1216s	0.3714	0.8910	0.8846
43
0223	0.1294	1.0000	0.4085	0.8860	0.1220s	0.3754	0.8910	0.8847
44
0224	0.1306	0.9833	0.4134	0.8880	0.1211s	0.3754	0.8960	0.8897
45
0225	0.1364	0.9917	0.4104	0.8900	0.1215s	0.3718	0.8970	0.8907
46
0226	0.1582	0.9667	0.4004	0.8980	0.1221s	0.3635	0.9030	0.8972
47
0227	0.1326	1.0000	0.3924	0.8980	0.1218s	0.3585	0.8980	0.8918
48
0228	0.1256	0.9917	0.3922	0.8960	0.1223s	0.3619	0.8980	0.8919
49
0229	0.1365	0.9833	0.3981	0.8900	0.1220s	0.3688	0.8980	0.8918
50
0230	0.1236	0.9833	0.4075	0.8880	0.1221s	0.3769	0.8950	0.8885
51
0231	0.1427	0.9833	0.4123	0.8820	0.1217s	0.3798	0.8950	0.8885
52
0232	0.1286	0.9833	0.4187	0.8840	0.1218s	0.3847	0.8970	0.8902
53
0233	0.1395	0.9833	0.4156	0.8860	0.1222s	0.3805	0.8940	0.8874
54
0234	0.1320	0.9417	0.4067	0.8880	0.1227s	0.3722	0.8970	0.8911
55
0235	0.1401	0.9833	0.3982	0.8920	0.1221s	0.3648	0.8970	0.8908
56
0236	0.1227	0.9833	0.3913	0.8920	0.1222s	0.3598	0.8980	0.8919
57
0237	0.1511	0.9917	0.3909	0.8940	0.1225s	0.3611	0.8980	0.8918
58
0238	0.1276	0.9750	0.3930	0.8900	0.1224s	0.3648	0.8970	0.8906
59
0239	0.1453	0.9750	0.3942	0.8920	0.1221s	0.3670	0.8960	0.8894
60
0240	0.1587	0.9750	0.3912	0.8920	0.1229s	0.3637	0.8970	0.8905
61
0241	0.1572	0.9500	0.3856	0.8940	0.1050s	0.3583	0.8990	0.8929
62
0242	0.1348	1.0000	0.3810	0.9020	0.1220s	0.3543	0.9010	0.8952
63
0243	0.1261	0.9917	0.3782	0.9040	0.1234s	0.3521	0.9000	0.8942
64
0244	0.1454	0.9750	0.3762	0.9040	0.1221s	0.3515	0.8980	0.8926
65
0245	0.1445	0.9917	0.3781	0.9040	0.1224s	0.3559	0.8980	0.8925
66
0246	0.1306	0.9833	0.3836	0.8900	0.1263s	0.3631	0.8960	0.8900
67
0247	0.1435	0.9583	0.3903	0.8880	0.1223s	0.3695	0.8960	0.8892
68
0248	0.1316	0.9750	0.3936	0.8900	0.1223s	0.3709	0.8960	0.8890
69
0249	0.1374	0.9917	0.3947	0.8920	0.1228s	0.3697	0.9000	0.8934
70
0250	0.1360	0.9917	0.3916	0.8980	0.1227s	0.3648	0.9080	0.9018
71
0251	0.1254	0.9667	0.3883	0.9020	0.1221s	0.3596	0.9050	0.8985
72
0252	0.1525	0.9833	0.3850	0.9000	0.1224s	0.3549	0.8990	0.8926
73
0253	0.1441	0.9833	0.3838	0.9020	0.1200s	0.3543	0.8960	0.8896
74
0254	0.1458	0.9917	0.3916	0.8960	0.1222s	0.3635	0.8950	0.8887
75
0255	0.1343	0.9833	0.4061	0.8880	0.1235s	0.3789	0.8920	0.8853
76
0256	0.1369	0.9750	0.4110	0.8840	0.1223s	0.3868	0.8900	0.8836
77
0257	0.1506	0.9583	0.4069	0.8860	0.1221s	0.3851	0.8970	0.8905
78
0258	0.1342	0.9917	0.4011	0.8920	0.1217s	0.3812	0.8960	0.8895
79
0259	0.1367	0.9833	0.3911	0.8940	0.1214s	0.3720	0.9010	0.8945
80
0260	0.1443	0.9750	0.3888	0.8980	0.1221s	0.3689	0.9050	0.8987
81
0261	0.1182	0.9917	0.3906	0.9000	0.1222s	0.3697	0.9080	0.9019
82
0262	0.1494	0.9917	0.3881	0.9000	0.1050s	0.3663	0.9060	0.8997
83
0263	0.1226	0.9833	0.3887	0.9000	0.1221s	0.3664	0.9030	0.8966
84
0264	0.1497	0.9833	0.3854	0.9020	0.1220s	0.3650	0.8980	0.8917
85
0265	0.1519	0.9833	0.3887	0.8980	0.1216s	0.3721	0.9000	0.8943
86
0266	0.1375	0.9833	0.3919	0.8940	0.1217s	0.3788	0.8980	0.8920
87
0267	0.1208	1.0000	0.3899	0.8900	0.1221s	0.3771	0.8980	0.8919
88
0268	0.1273	0.9750	0.3844	0.9020	0.1216s	0.3693	0.8980	0.8922
89
0269	0.1123	0.9917	0.3822	0.9020	0.1218s	0.3629	0.9020	0.8964
90
0270	0.1357	0.9833	0.3809	0.9000	0.1214s	0.3590	0.9020	0.8962
91
0271	0.1241	1.0000	0.3811	0.9040	0.1220s	0.3575	0.9060	0.9004
92
0272	0.1273	0.9667	0.3801	0.9040	0.1218s	0.3549	0.9070	0.9017
93
0273	0.1402	0.9833	0.3789	0.9060	0.1219s	0.3534	0.9080	0.9031
94
0274	0.1782	0.9500	0.3813	0.9060	0.1221s	0.3573	0.9030	0.8974
95
0275	0.1219	0.9750	0.3889	0.9040	0.1107s	0.3661	0.9020	0.8963
96
0276	0.1479	0.9750	0.3959	0.9000	0.1209s	0.3726	0.9010	0.8952
97
0277	0.1261	1.0000	0.4024	0.8980	0.1223s	0.3790	0.9010	0.8952
98
0278	0.1304	0.9833	0.3983	0.9040	0.1216s	0.3735	0.9010	0.8951
99
0279	0.1361	0.9583	0.3937	0.9060	0.1230s	0.3674	0.9020	0.8964
100
0280	0.1357	0.9917	0.3900	0.9040	0.1214s	0.3624	0.9070	0.9022
101
0281	0.1303	0.9750	0.3883	0.9080	0.1213s	0.3597	0.9110	0.9063
102
0282	0.1435	0.9833	0.3845	0.9060	0.1212s	0.3557	0.9100	0.9051
103
0283	0.1627	0.9583	0.3820	0.9060	0.1216s	0.3551	0.9070	0.9019
104
0284	0.1318	0.9917	0.3836	0.9100	0.1222s	0.3606	0.9030	0.8972
105
0285	0.1102	1.0000	0.3877	0.9000	0.1213s	0.3668	0.9000	0.8941
106
0286	0.1193	0.9833	0.3903	0.9000	0.1218s	0.3708	0.9000	0.8944
107
0287	0.1216	0.9750	0.3864	0.9040	0.1216s	0.3666	0.9020	0.8962
108
0288	0.1378	0.9750	0.3838	0.9060	0.1208s	0.3631	0.9040	0.8985
109
0289	0.1271	1.0000	0.3819	0.9080	0.1225s	0.3609	0.9060	0.9006
110
0290	0.1193	0.9667	0.3794	0.9040	0.1216s	0.3584	0.9100	0.9045
111
0291	0.1209	1.0000	0.3790	0.9060	0.1215s	0.3589	0.9120	0.9068
112
0292	0.1345	0.9833	0.3779	0.9060	0.1213s	0.3578	0.9110	0.9058
113
0293	0.1288	0.9833	0.3757	0.9040	0.1216s	0.3551	0.9080	0.9031
114
0294	0.1157	0.9917	0.3761	0.9100	0.1223s	0.3552	0.9060	0.9008
115
0295	0.1073	0.9833	0.3801	0.9040	0.1221s	0.3593	0.8990	0.8933
116
0296	0.1218	0.9750	0.3855	0.9000	0.1224s	0.3659	0.8960	0.8902
117
0297	0.1293	0.9667	0.3880	0.9000	0.1222s	0.3677	0.8970	0.8912
118
0298	0.1464	0.9833	0.3884	0.9000	0.1220s	0.3662	0.9000	0.8941
119
0299	0.1144	1.0000	0.3830	0.9000	0.1223s	0.3603	0.9040	0.8983
120
0300	0.1189	0.9833	0.3783	0.9020	0.1220s	0.3544	0.9030	0.8972
121
0301	0.1356	0.9667	0.3766	0.8980	0.1222s	0.3521	0.9080	0.9027
122
0302	0.1361	0.9750	0.3771	0.8960	0.1222s	0.3528	0.9090	0.9039
123
0303	0.1276	0.9750	0.3759	0.8980	0.1265s	0.3518	0.9060	0.9008
124
0304	0.1235	0.9750	0.3754	0.8960	0.1224s	0.3521	0.9080	0.9029
125
0305	0.1220	1.0000	0.3798	0.8980	0.1222s	0.3574	0.9040	0.8991
126
0306	0.1574	0.9583	0.3879	0.9020	0.1223s	0.3638	0.9010	0.8953
127
0307	0.1337	1.0000	0.3940	0.9000	0.1225s	0.3690	0.9010	0.8954
128
0308	0.1293	0.9833	0.3952	0.9000	0.1224s	0.3688	0.8980	0.8925
129
0309	0.1370	0.9917	0.3946	0.8980	0.1228s	0.3668	0.9000	0.8946
130
0310	0.1397	0.9917	0.3928	0.9020	0.1224s	0.3646	0.9000	0.8944
131
0311	0.1158	0.9667	0.3887	0.9020	0.1222s	0.3604	0.9040	0.8988
132
0312	0.1168	0.9917	0.3850	0.8980	0.1221s	0.3557	0.9080	0.9030
133
0313	0.1289	0.9750	0.3813	0.8980	0.1215s	0.3519	0.9100	0.9054
134
0314	0.1289	0.9833	0.3806	0.9000	0.1216s	0.3534	0.9060	0.9011
135
0315	0.1313	0.9833	0.3844	0.9000	0.1216s	0.3578	0.9060	0.9012
136
0316	0.1175	0.9917	0.3854	0.9000	0.1218s	0.3589	0.9050	0.9001
137
0317	0.1371	0.9917	0.3881	0.8960	0.1219s	0.3609	0.9030	0.8980
138
0318	0.1320	0.9667	0.3840	0.9000	0.1221s	0.3569	0.9050	0.9001
139
0319	0.1217	0.9833	0.3771	0.9000	0.1222s	0.3504	0.9090	0.9044
140
0320	0.1194	0.9750	0.3713	0.8980	0.1221s	0.3449	0.9110	0.9062
141
0321	0.1200	0.9917	0.3698	0.9000	0.1217s	0.3419	0.9090	0.9044
142
0322	0.1488	0.9833	0.3720	0.9020	0.1245s	0.3425	0.9100	0.9054
143
0323	0.1441	1.0000	0.3734	0.9020	0.1222s	0.3423	0.9110	0.9063
144
0324	0.1293	0.9917	0.3729	0.9020	0.1222s	0.3406	0.9150	0.9110
145
0325	0.1493	0.9750	0.3717	0.9040	0.1220s	0.3400	0.9150	0.9108
146
0326	0.1396	0.9917	0.3731	0.9020	0.1219s	0.3417	0.9120	0.9073
147
0327	0.1187	0.9917	0.3738	0.9020	0.1141s	0.3434	0.9120	0.9074
148
0328	0.1348	0.9583	0.3721	0.9020	0.1039s	0.3429	0.9080	0.9035
149
0329	0.1291	0.9917	0.3690	0.9040	0.1220s	0.3421	0.9080	0.9036
150
0330	0.1456	0.9917	0.3676	0.9020	0.1221s	0.3430	0.9070	0.9026
151
0331	0.1281	0.9667	0.3701	0.9000	0.1220s	0.3471	0.9090	0.9046
152
0332	0.1209	0.9917	0.3725	0.9020	0.1220s	0.3516	0.9080	0.9035
153
0333	0.1238	0.9833	0.3725	0.9020	0.1216s	0.3520	0.9080	0.9037
154
0334	0.1376	0.9917	0.3751	0.9000	0.1224s	0.3551	0.9070	0.9025
155
0335	0.1383	0.9750	0.3779	0.8980	0.1224s	0.3578	0.9050	0.9002
156
0336	0.1194	0.9750	0.3787	0.8960	0.1223s	0.3579	0.9030	0.8979
157
0337	0.1198	0.9917	0.3726	0.9000	0.1222s	0.3521	0.9040	0.8990
158
0338	0.1234	0.9833	0.3705	0.9080	0.1218s	0.3495	0.9010	0.8954
159
0339	0.1301	0.9667	0.3693	0.9040	0.1220s	0.3462	0.9030	0.8976
160
0340	0.1382	0.9917	0.3713	0.9020	0.1213s	0.3456	0.9020	0.8965
161
0341	0.1346	0.9750	0.3738	0.9000	0.1226s	0.3474	0.9030	0.8975
162
0342	0.1422	0.9750	0.3778	0.9020	0.1224s	0.3519	0.9000	0.8945
163
0343	0.1248	0.9833	0.3832	0.8980	0.1225s	0.3586	0.9000	0.8945
164
0344	0.1193	0.9917	0.3913	0.8940	0.1223s	0.3673	0.9010	0.8953
165
0345	0.1451	0.9583	0.3924	0.8980	0.1218s	0.3700	0.8980	0.8924
166
0346	0.1326	0.9667	0.3893	0.8960	0.1217s	0.3680	0.8990	0.8940
167
0347	0.1368	0.9750	0.3842	0.9000	0.1217s	0.3618	0.9020	0.8971
168
0348	0.1427	0.9833	0.3809	0.9020	0.1219s	0.3536	0.9040	0.8991
169
0349	0.1298	1.0000	0.3769	0.9020	0.1222s	0.3459	0.9100	0.9054
170
0350	0.1501	0.9750	0.3773	0.9020	0.1222s	0.3441	0.9100	0.9053
171
0351	0.1079	0.9917	0.3792	0.9040	0.1218s	0.3451	0.9100	0.9050
172
0352	0.1133	0.9750	0.3836	0.9060	0.1172s	0.3496	0.9080	0.9027
173
0353	0.1420	0.9667	0.3869	0.9060	0.1220s	0.3552	0.9060	0.9010
174
0354	0.1264	0.9917	0.3892	0.9080	0.1210s	0.3606	0.9070	0.9018
175
0355	0.1568	0.9667	0.3943	0.9000	0.1229s	0.3678	0.9050	0.8995
176
0356	0.1198	0.9750	0.3973	0.9020	0.1180s	0.3717	0.9010	0.8953
177
0357	0.1190	1.0000	0.3950	0.9020	0.1200s	0.3708	0.9050	0.9002
178
0358	0.1183	0.9750	0.3904	0.9020	0.1174s	0.3669	0.9040	0.8993
179
0359	0.1330	0.9917	0.3821	0.9040	0.1046s	0.3584	0.9060	0.9014
180
0360	0.1214	0.9917	0.3758	0.9040	0.1215s	0.3507	0.9070	0.9022
181
0361	0.1316	0.9750	0.3771	0.9020	0.1218s	0.3516	0.9080	0.9033
182
0362	0.1413	0.9750	0.3837	0.9020	0.1215s	0.3576	0.9070	0.9021
183
0363	0.1222	1.0000	0.3904	0.8960	0.1224s	0.3657	0.9030	0.8980
184
0364	0.1184	0.9667	0.3918	0.8960	0.1229s	0.3697	0.9010	0.8960
185
0365	0.1348	0.9833	0.3921	0.8940	0.1218s	0.3729	0.9000	0.8948
186
0366	0.1283	0.9917	0.3927	0.8960	0.1215s	0.3756	0.9020	0.8965
187
0367	0.1594	0.9583	0.3971	0.8960	0.1221s	0.3815	0.9000	0.8945
188
0368	0.1412	0.9833	0.3970	0.8960	0.1215s	0.3831	0.8970	0.8909
189
0369	0.1222	1.0000	0.3918	0.8980	0.1221s	0.3789	0.9010	0.8953
190
0370	0.1153	0.9917	0.3876	0.9020	0.1222s	0.3756	0.9010	0.8953
191
0371	0.1404	0.9833	0.3821	0.9040	0.1225s	0.3712	0.9030	0.8972
192
0372	0.1316	0.9917	0.3788	0.9080	0.1226s	0.3686	0.9040	0.8984
193
0373	0.1522	0.9917	0.3749	0.9040	0.1221s	0.3649	0.9020	0.8965
194
0374	0.1387	0.9750	0.3726	0.9040	0.1223s	0.3644	0.9020	0.8969
195
0375	0.1390	0.9833	0.3721	0.9060	0.1216s	0.3666	0.9020	0.8968
196
0376	0.1160	0.9750	0.3737	0.9060	0.1198s	0.3706	0.9030	0.8975
197
0377	0.1364	0.9583	0.3768	0.9060	0.1226s	0.3757	0.8950	0.8892
198
0378	0.1499	0.9750	0.3776	0.9040	0.1221s	0.3752	0.8990	0.8932
199
Early stop! Min loss:0.36171650886535645,  Max accuracy:0.912
Early stop model validation loss:0.36171650886535645,  accuracy:0.906
Optimization Finished!
Total time elapsed: 46.4426s
test max acc:0.9150
Loading 177th epoch
stru_node_to_hop attention:tensor([[0.2509, 0.2504, 0.2495, 0.2492],
        [0.2506, 0.2497, 0.2498, 0.2499],
        [0.2489, 0.2508, 0.2502, 0.2501],
        [0.2500, 0.2528, 0.2490, 0.2482],
        [0.2486, 0.2500, 0.2507, 0.2508],
        [0.2516, 0.2501, 0.2493, 0.2490],
        [0.2494, 0.2503, 0.2502, 0.2501],
        [0.2505, 0.2500, 0.2499, 0.2496],
        [0.2479, 0.2514, 0.2505, 0.2502],
        [0.2486, 0.2509, 0.2503, 0.2502],
        [0.2496, 0.2503, 0.2500, 0.2500],
        [0.2502, 0.2501, 0.2499, 0.2498],
        [0.2501, 0.2500, 0.2499, 0.2500],
        [0.2493, 0.2506, 0.2502, 0.2499],
        [0.2490, 0.2502, 0.2504, 0.2504],
        [0.2493, 0.2511, 0.2500, 0.2496],
        [0.2484, 0.2508, 0.2505, 0.2503],
        [0.2487, 0.2513, 0.2502, 0.2498],
        [0.2501, 0.2500, 0.2500, 0.2500],
        [0.2497, 0.2504, 0.2500, 0.2498],
        [0.2501, 0.2500, 0.2500, 0.2500],
        [0.2451, 0.2530, 0.2511, 0.2508],
        [0.2501, 0.2501, 0.2500, 0.2498],
        [0.2470, 0.2513, 0.2509, 0.2508],
        [0.2501, 0.2500, 0.2500, 0.2499],
        [0.2490, 0.2508, 0.2502, 0.2500],
        [0.2510, 0.2496, 0.2498, 0.2497],
        [0.2488, 0.2507, 0.2503, 0.2501],
        [0.2504, 0.2495, 0.2500, 0.2500],
        [0.2503, 0.2501, 0.2499, 0.2498],
        [0.2475, 0.2513, 0.2507, 0.2505],
        [0.2494, 0.2504, 0.2502, 0.2500],
        [0.2490, 0.2506, 0.2503, 0.2501],
        [0.2487, 0.2505, 0.2505, 0.2504],
        [0.2483, 0.2509, 0.2505, 0.2503],
        [0.2497, 0.2503, 0.2500, 0.2500],
        [0.2504, 0.2497, 0.2501, 0.2498],
        [0.2488, 0.2503, 0.2504, 0.2505],
        [0.2502, 0.2498, 0.2500, 0.2500],
        [0.2502, 0.2502, 0.2499, 0.2497],
        [0.2500, 0.2499, 0.2500, 0.2500],
        [0.2493, 0.2507, 0.2501, 0.2499],
        [0.2487, 0.2510, 0.2502, 0.2501],
        [0.2500, 0.2500, 0.2500, 0.2500],
        [0.2472, 0.2512, 0.2509, 0.2506],
        [0.1659, 0.2021, 0.2753, 0.3567],
        [0.2499, 0.2501, 0.2501, 0.2499],
        [0.2491, 0.2507, 0.2501, 0.2501],
        [0.2483, 0.2507, 0.2506, 0.2505],
        [0.2493, 0.2503, 0.2502, 0.2501],
        [0.2474, 0.2508, 0.2509, 0.2509],
        [0.2494, 0.2504, 0.2501, 0.2500],
        [0.2498, 0.2500, 0.2501, 0.2501],
        [0.2512, 0.2496, 0.2497, 0.2495],
        [0.2469, 0.2517, 0.2508, 0.2506],
        [0.2475, 0.2509, 0.2507, 0.2509],
        [0.2500, 0.2502, 0.2500, 0.2498],
        [0.2500, 0.2501, 0.2500, 0.2499],
        [0.2487, 0.2512, 0.2503, 0.2499],
        [0.2481, 0.2515, 0.2503, 0.2502],
        [0.2489, 0.2507, 0.2503, 0.2501],
        [0.2503, 0.2500, 0.2499, 0.2498],
        [0.2496, 0.2503, 0.2501, 0.2500],
        [0.2499, 0.2504, 0.2500, 0.2497],
        [0.2499, 0.2501, 0.2500, 0.2500],
        [0.2489, 0.2501, 0.2504, 0.2505],
        [0.2492, 0.2514, 0.2499, 0.2495],
        [0.2483, 0.2503, 0.2507, 0.2508],
        [0.2489, 0.2505, 0.2503, 0.2502],
        [0.2493, 0.2504, 0.2502, 0.2501],
        [0.2489, 0.2513, 0.2500, 0.2498],
        [0.2501, 0.2499, 0.2500, 0.2500],
        [0.2488, 0.2508, 0.2503, 0.2502],
        [0.2474, 0.2521, 0.2506, 0.2499],
        [0.2504, 0.2498, 0.2499, 0.2499],
        [0.2498, 0.2505, 0.2499, 0.2498],
        [0.2491, 0.2513, 0.2500, 0.2497],
        [0.2514, 0.2490, 0.2497, 0.2499],
        [0.2490, 0.2506, 0.2503, 0.2502],
        [0.2498, 0.2499, 0.2501, 0.2502],
        [0.2497, 0.2498, 0.2504, 0.2501],
        [0.2493, 0.2503, 0.2502, 0.2502],
        [0.2515, 0.2495, 0.2496, 0.2495],
        [0.2499, 0.2501, 0.2500, 0.2500],
        [0.2502, 0.2499, 0.2499, 0.2499],
        [0.2498, 0.2500, 0.2501, 0.2501],
        [0.2491, 0.2502, 0.2503, 0.2504],
        [0.2489, 0.2506, 0.2503, 0.2502],
        [0.2499, 0.2505, 0.2499, 0.2497],
        [0.2495, 0.2502, 0.2502, 0.2502],
        [0.2505, 0.2498, 0.2498, 0.2498],
        [0.2505, 0.2498, 0.2499, 0.2499],
        [0.2498, 0.2500, 0.2501, 0.2500],
        [0.2491, 0.2504, 0.2503, 0.2502],
        [0.2497, 0.2503, 0.2501, 0.2500],
        [0.2500, 0.2500, 0.2500, 0.2500],
        [0.2492, 0.2504, 0.2502, 0.2502],
        [0.2502, 0.2502, 0.2498, 0.2498],
        [0.2488, 0.2506, 0.2504, 0.2502],
        [0.2498, 0.2503, 0.2500, 0.2499]], device='cuda:1')
fea_node_to_hop attention:tensor([[0.3333, 0.3321, 0.3346],
        [0.3341, 0.3329, 0.3330],
        [0.3306, 0.3344, 0.3350],
        [0.3306, 0.3337, 0.3357],
        [0.3340, 0.3322, 0.3338],
        [0.3319, 0.3330, 0.3351],
        [0.3263, 0.3349, 0.3388],
        [0.3315, 0.3334, 0.3351],
        [0.3285, 0.3354, 0.3361],
        [0.3307, 0.3338, 0.3356],
        [0.3332, 0.3331, 0.3337],
        [0.3331, 0.3328, 0.3341],
        [0.3326, 0.3342, 0.3333],
        [0.3321, 0.3342, 0.3337],
        [0.3330, 0.3342, 0.3328],
        [0.3290, 0.3351, 0.3359],
        [0.3301, 0.3339, 0.3360],
        [0.3311, 0.3339, 0.3350],
        [0.3335, 0.3331, 0.3334],
        [0.3303, 0.3346, 0.3351],
        [0.3334, 0.3332, 0.3334],
        [0.3295, 0.3353, 0.3352],
        [0.3294, 0.3335, 0.3371],
        [0.3301, 0.3353, 0.3345],
        [0.3333, 0.3332, 0.3335],
        [0.3329, 0.3334, 0.3338],
        [0.3324, 0.3332, 0.3343],
        [0.3307, 0.3341, 0.3352],
        [0.3313, 0.3331, 0.3356],
        [0.3303, 0.3350, 0.3346],
        [0.3274, 0.3363, 0.3363],
        [0.3298, 0.3348, 0.3354],
        [0.3295, 0.3351, 0.3354],
        [0.3322, 0.3333, 0.3345],
        [0.3341, 0.3332, 0.3326],
        [0.3316, 0.3331, 0.3353],
        [0.3317, 0.3332, 0.3351],
        [0.3327, 0.3334, 0.3338],
        [0.3334, 0.3332, 0.3334],
        [0.3295, 0.3362, 0.3344],
        [0.3324, 0.3335, 0.3341],
        [0.3313, 0.3339, 0.3348],
        [0.3305, 0.3338, 0.3356],
        [0.3335, 0.3332, 0.3333],
        [0.3304, 0.3357, 0.3339],
        [0.3061, 0.3458, 0.3481],
        [0.3317, 0.3342, 0.3341],
        [0.3320, 0.3332, 0.3347],
        [0.3295, 0.3357, 0.3348],
        [0.3321, 0.3339, 0.3340],
        [0.3347, 0.3329, 0.3324],
        [0.3310, 0.3339, 0.3351],
        [0.3330, 0.3335, 0.3335],
        [0.3273, 0.3351, 0.3375],
        [0.3338, 0.3321, 0.3341],
        [0.3302, 0.3346, 0.3352],
        [0.3330, 0.3338, 0.3331],
        [0.3321, 0.3330, 0.3350],
        [0.3335, 0.3321, 0.3344],
        [0.3336, 0.3320, 0.3344],
        [0.3300, 0.3344, 0.3356],
        [0.3330, 0.3329, 0.3341],
        [0.3307, 0.3346, 0.3347],
        [0.3316, 0.3340, 0.3344],
        [0.3326, 0.3338, 0.3336],
        [0.3324, 0.3331, 0.3345],
        [0.3305, 0.3347, 0.3348],
        [0.3298, 0.3350, 0.3352],
        [0.3314, 0.3342, 0.3344],
        [0.3319, 0.3338, 0.3343],
        [0.3317, 0.3341, 0.3342],
        [0.3322, 0.3336, 0.3342],
        [0.3286, 0.3361, 0.3353],
        [0.3309, 0.3333, 0.3358],
        [0.3342, 0.3331, 0.3328],
        [0.3309, 0.3342, 0.3350],
        [0.3287, 0.3356, 0.3356],
        [0.3302, 0.3340, 0.3358],
        [0.3292, 0.3346, 0.3362],
        [0.3336, 0.3330, 0.3333],
        [0.3313, 0.3343, 0.3344],
        [0.3328, 0.3340, 0.3332],
        [0.3313, 0.3340, 0.3347],
        [0.3319, 0.3338, 0.3343],
        [0.3343, 0.3328, 0.3328],
        [0.3321, 0.3336, 0.3342],
        [0.3327, 0.3341, 0.3332],
        [0.3343, 0.3324, 0.3333],
        [0.3320, 0.3336, 0.3344],
        [0.3333, 0.3334, 0.3333],
        [0.3321, 0.3341, 0.3338],
        [0.3346, 0.3327, 0.3328],
        [0.3323, 0.3332, 0.3345],
        [0.3300, 0.3346, 0.3353],
        [0.3323, 0.3336, 0.3341],
        [0.3329, 0.3332, 0.3339],
        [0.3307, 0.3348, 0.3345],
        [0.3339, 0.3320, 0.3341],
        [0.3303, 0.3346, 0.3351],
        [0.3318, 0.3343, 0.3339]], device='cuda:1')
perception attention:tensor([0.5000, 0.5000], device='cuda:1')
Test set results: loss= 0.3290 accuracy= 0.9070 F1_score= 0.9020
