# epoch	loss_train	acc_train	loss_val	acc_val	time	acc_test	f1_test
0001	1.7980	0.1500	1.6877	0.5080	0.0950s	1.6774	0.5140	0.3433
0
0002	1.6788	0.4500	1.5398	0.4440	0.0947s	1.5152	0.4360	0.2971
0
0003	1.5280	0.4917	1.3652	0.5800	0.0962s	1.3398	0.5960	0.5271
0
0004	1.3426	0.5750	1.1723	0.8120	0.0965s	1.1551	0.8280	0.8159
0
0005	1.1678	0.7333	1.0026	0.8700	0.0980s	0.9920	0.8610	0.8541
0
0006	0.9785	0.8583	0.8607	0.8680	0.0971s	0.8526	0.8510	0.8454
0
0007	0.8508	0.8250	0.7370	0.8640	0.0970s	0.7239	0.8750	0.8690
0
0008	0.7190	0.8667	0.6457	0.8640	0.0967s	0.6268	0.8750	0.8667
0
0009	0.6188	0.8667	0.5731	0.8820	0.0971s	0.5525	0.8820	0.8729
0
0010	0.5196	0.8667	0.5059	0.8920	0.0986s	0.4880	0.8890	0.8810
0
0011	0.4430	0.9333	0.4605	0.8980	0.1000s	0.4449	0.8950	0.8893
0
0012	0.4278	0.8833	0.4316	0.8980	0.0968s	0.4110	0.8970	0.8915
0
0013	0.3624	0.9083	0.4132	0.8920	0.0965s	0.3865	0.8970	0.8906
0
0014	0.3114	0.9500	0.4053	0.8920	0.1028s	0.3742	0.8980	0.8914
0
0015	0.3009	0.9333	0.4008	0.8880	0.0965s	0.3673	0.8960	0.8894
0
0016	0.2978	0.9083	0.3881	0.8920	0.0954s	0.3547	0.8950	0.8882
0
0017	0.2711	0.9000	0.3785	0.9040	0.0969s	0.3448	0.9010	0.8951
0
0018	0.2429	0.9583	0.3753	0.8980	0.0973s	0.3405	0.9000	0.8941
0
0019	0.2299	0.9833	0.3737	0.8960	0.0953s	0.3375	0.8990	0.8933
0
0020	0.2406	0.9583	0.3733	0.9060	0.0957s	0.3361	0.9000	0.8943
0
0021	0.1945	0.9583	0.3783	0.9000	0.0958s	0.3401	0.8980	0.8917
0
0022	0.1780	0.9750	0.3883	0.8900	0.0951s	0.3503	0.8960	0.8889
1
0023	0.1922	0.9667	0.3926	0.8860	0.0952s	0.3534	0.8930	0.8858
2
0024	0.2003	0.9750	0.3989	0.8860	0.0970s	0.3566	0.8920	0.8846
3
0025	0.1841	0.9917	0.4032	0.8860	0.0952s	0.3577	0.8910	0.8839
4
0026	0.1951	0.9750	0.4068	0.8920	0.0949s	0.3590	0.8920	0.8848
5
0027	0.1678	0.9667	0.4082	0.8920	0.0950s	0.3598	0.8900	0.8823
6
0028	0.1714	0.9750	0.4077	0.8900	0.1002s	0.3603	0.8910	0.8835
7
0029	0.1911	0.9333	0.4026	0.8980	0.0970s	0.3572	0.8920	0.8854
8
0030	0.1568	0.9750	0.3981	0.8960	0.0972s	0.3547	0.8960	0.8895
9
0031	0.1771	0.9333	0.3943	0.8940	0.0969s	0.3524	0.8960	0.8893
10
0032	0.1614	0.9833	0.3960	0.8920	0.0960s	0.3541	0.8920	0.8848
11
0033	0.1789	0.9750	0.3979	0.8900	0.0970s	0.3570	0.8890	0.8815
12
0034	0.1891	0.9917	0.3951	0.8900	0.0967s	0.3549	0.8890	0.8820
13
0035	0.1695	0.9750	0.3930	0.8880	0.0965s	0.3544	0.8930	0.8867
14
0036	0.1567	0.9917	0.3906	0.8880	0.0952s	0.3539	0.8950	0.8891
15
0037	0.1531	0.9750	0.3892	0.8880	0.0965s	0.3540	0.8960	0.8902
16
0038	0.1860	0.9833	0.3912	0.8920	0.1048s	0.3570	0.8910	0.8843
17
0039	0.1777	0.9833	0.3969	0.8880	0.1155s	0.3638	0.8880	0.8801
18
0040	0.1713	0.9667	0.4052	0.8820	0.1059s	0.3724	0.8860	0.8770
19
0041	0.1667	1.0000	0.4060	0.8840	0.1176s	0.3738	0.8860	0.8774
20
0042	0.1528	0.9833	0.4022	0.8880	0.1221s	0.3708	0.8890	0.8805
21
0043	0.1564	0.9833	0.3997	0.8900	0.1173s	0.3689	0.8900	0.8821
22
0044	0.1636	0.9917	0.3963	0.8900	0.1196s	0.3651	0.8900	0.8824
23
0045	0.1570	0.9750	0.3911	0.8920	0.1237s	0.3594	0.8920	0.8856
24
0046	0.1505	0.9833	0.3899	0.9000	0.1094s	0.3573	0.8940	0.8882
25
0047	0.1650	0.9750	0.3874	0.9040	0.1226s	0.3551	0.8960	0.8907
26
0048	0.1710	1.0000	0.3838	0.8960	0.1225s	0.3540	0.8940	0.8884
27
0049	0.1611	1.0000	0.3824	0.8960	0.1226s	0.3556	0.8960	0.8901
28
0050	0.1740	0.9583	0.3865	0.8960	0.1235s	0.3632	0.8900	0.8832
29
0051	0.1845	0.9833	0.3949	0.8940	0.1224s	0.3744	0.8860	0.8782
30
0052	0.1495	0.9583	0.4015	0.8920	0.1226s	0.3823	0.8850	0.8772
31
0053	0.1529	0.9750	0.4022	0.8920	0.1175s	0.3827	0.8870	0.8792
32
0054	0.1622	0.9750	0.3980	0.8940	0.1156s	0.3785	0.8850	0.8771
33
0055	0.1534	0.9917	0.3889	0.8960	0.1236s	0.3679	0.8910	0.8841
34
0056	0.1597	0.9833	0.3829	0.8980	0.1226s	0.3597	0.8940	0.8877
35
0057	0.1675	0.9500	0.3829	0.9040	0.1203s	0.3562	0.8910	0.8848
36
0058	0.1581	0.9750	0.3855	0.9020	0.1225s	0.3549	0.8940	0.8889
37
0059	0.1775	0.9583	0.3890	0.9000	0.1220s	0.3564	0.8970	0.8919
38
0060	0.1589	0.9917	0.3899	0.8980	0.1179s	0.3570	0.8940	0.8883
39
0061	0.1830	0.9750	0.3891	0.9000	0.1043s	0.3604	0.8910	0.8848
40
0062	0.1584	0.9917	0.3955	0.8900	0.1225s	0.3708	0.8830	0.8758
41
0063	0.1318	0.9833	0.3992	0.8900	0.1224s	0.3761	0.8840	0.8766
42
0064	0.1635	0.9750	0.3948	0.8880	0.1216s	0.3710	0.8840	0.8767
43
0065	0.1287	0.9750	0.3869	0.8940	0.1200s	0.3611	0.8930	0.8860
44
0066	0.1657	0.9667	0.3823	0.8980	0.1197s	0.3534	0.8960	0.8894
45
0067	0.1665	0.9667	0.3834	0.8980	0.1185s	0.3518	0.8970	0.8908
46
0068	0.1612	0.9750	0.3891	0.8940	0.1043s	0.3560	0.8970	0.8918
47
0069	0.1718	0.9750	0.3888	0.8960	0.1224s	0.3554	0.8980	0.8928
48
0070	0.1472	1.0000	0.3861	0.8960	0.1235s	0.3533	0.9000	0.8947
49
0071	0.1640	0.9833	0.3842	0.8920	0.1093s	0.3527	0.9000	0.8945
50
0072	0.1483	0.9750	0.3860	0.8960	0.1225s	0.3556	0.8980	0.8921
51
0073	0.1539	0.9583	0.3879	0.8920	0.1227s	0.3558	0.8940	0.8880
52
0074	0.1601	0.9667	0.3862	0.8940	0.1197s	0.3536	0.8960	0.8904
53
0075	0.1405	0.9833	0.3815	0.8900	0.1216s	0.3488	0.8990	0.8941
54
0076	0.1438	1.0000	0.3783	0.8940	0.1222s	0.3461	0.9040	0.8993
55
0077	0.1618	0.9667	0.3786	0.8940	0.1224s	0.3466	0.9060	0.9014
56
0078	0.1606	0.9917	0.3805	0.8960	0.1229s	0.3479	0.9050	0.9001
57
0079	0.1394	0.9917	0.3825	0.8960	0.1238s	0.3493	0.9040	0.8987
58
0080	0.1234	0.9917	0.3847	0.8980	0.1231s	0.3510	0.9010	0.8955
59
0081	0.1487	0.9833	0.3828	0.8960	0.1203s	0.3492	0.9030	0.8973
60
0082	0.1452	0.9917	0.3832	0.9000	0.1231s	0.3484	0.9050	0.8993
61
0083	0.1582	0.9667	0.3842	0.8960	0.1221s	0.3502	0.9070	0.9015
62
0084	0.1523	0.9750	0.3908	0.8980	0.1228s	0.3576	0.9000	0.8937
63
0085	0.1358	1.0000	0.3935	0.8940	0.1222s	0.3615	0.8970	0.8907
64
0086	0.1390	0.9917	0.3893	0.8980	0.1168s	0.3571	0.9020	0.8965
65
0087	0.1488	0.9917	0.3901	0.8980	0.1237s	0.3560	0.8990	0.8934
66
0088	0.1507	0.9833	0.3876	0.9060	0.1225s	0.3534	0.8990	0.8934
67
0089	0.1464	0.9917	0.3831	0.9080	0.1224s	0.3509	0.9070	0.9023
0
0090	0.1556	0.9667	0.3788	0.9080	0.1243s	0.3492	0.9070	0.9021
0
0091	0.1357	0.9750	0.3744	0.9060	0.1210s	0.3493	0.9050	0.9001
0
0092	0.1478	0.9917	0.3768	0.8960	0.1193s	0.3554	0.9060	0.9007
1
0093	0.1226	0.9917	0.3821	0.8940	0.1226s	0.3620	0.9070	0.9011
2
0094	0.1447	0.9750	0.3831	0.8960	0.1198s	0.3618	0.9070	0.9014
3
0095	0.1561	0.9917	0.3866	0.8980	0.1194s	0.3613	0.9010	0.8951
4
0096	0.1498	0.9667	0.3896	0.8980	0.1227s	0.3602	0.9010	0.8952
5
0097	0.1466	0.9833	0.3937	0.8940	0.1199s	0.3606	0.9010	0.8956
6
0098	0.1509	0.9667	0.4007	0.9020	0.1224s	0.3630	0.8980	0.8932
7
0099	0.1558	0.9500	0.4037	0.9020	0.1226s	0.3655	0.8980	0.8934
8
0100	0.1349	0.9833	0.3992	0.9020	0.1199s	0.3627	0.8980	0.8932
9
0101	0.1287	0.9917	0.3873	0.9040	0.1194s	0.3555	0.9040	0.8993
10
0102	0.1554	1.0000	0.3747	0.9080	0.1131s	0.3473	0.9040	0.8993
11
0103	0.1467	0.9667	0.3669	0.9100	0.1224s	0.3440	0.9080	0.9031
0
0104	0.1623	0.9917	0.3640	0.9100	0.1164s	0.3437	0.9090	0.9042
0
0105	0.1400	0.9667	0.3645	0.9080	0.1047s	0.3460	0.9100	0.9052
0
0106	0.1465	0.9750	0.3662	0.9080	0.1224s	0.3490	0.9050	0.9000
1
0107	0.1339	1.0000	0.3693	0.9000	0.1051s	0.3538	0.9030	0.8979
2
0108	0.1495	0.9833	0.3740	0.8940	0.1193s	0.3595	0.9030	0.8978
3
0109	0.1507	0.9917	0.3782	0.8900	0.1076s	0.3642	0.9030	0.8976
4
0110	0.1336	0.9833	0.3810	0.8940	0.1239s	0.3658	0.9020	0.8965
5
0111	0.1372	0.9917	0.3781	0.8960	0.1146s	0.3614	0.9020	0.8963
6
0112	0.1432	0.9667	0.3756	0.9020	0.1177s	0.3590	0.9030	0.8979
7
0113	0.1357	0.9833	0.3712	0.9020	0.1200s	0.3561	0.9060	0.9010
8
0114	0.1342	0.9667	0.3660	0.9080	0.1224s	0.3508	0.9060	0.9009
9
0115	0.1390	0.9750	0.3628	0.9080	0.1174s	0.3496	0.9070	0.9019
10
0116	0.1247	0.9917	0.3627	0.9060	0.1224s	0.3524	0.9060	0.9009
0
0117	0.1425	0.9750	0.3665	0.9000	0.1226s	0.3574	0.9070	0.9021
0
0118	0.1613	0.9500	0.3747	0.8980	0.1240s	0.3659	0.9030	0.8972
1
0119	0.1414	0.9750	0.3797	0.8920	0.1152s	0.3715	0.8980	0.8922
2
0120	0.1317	0.9833	0.3808	0.8940	0.1177s	0.3725	0.9000	0.8940
3
0121	0.1301	0.9833	0.3784	0.8940	0.1239s	0.3689	0.9030	0.8976
4
0122	0.1396	0.9750	0.3739	0.9000	0.1197s	0.3623	0.9090	0.9042
5
0123	0.1437	0.9667	0.3657	0.9000	0.1206s	0.3531	0.9100	0.9053
6
0124	0.1206	0.9917	0.3612	0.9060	0.1194s	0.3476	0.9120	0.9075
7
0125	0.1327	1.0000	0.3590	0.9080	0.1209s	0.3445	0.9120	0.9074
0
0126	0.1289	0.9833	0.3600	0.9080	0.1145s	0.3453	0.9110	0.9063
0
0127	0.1474	0.9750	0.3656	0.9100	0.1194s	0.3511	0.9110	0.9064
1
0128	0.1418	0.9667	0.3770	0.8980	0.1221s	0.3619	0.9080	0.9031
0
0129	0.1375	0.9667	0.3947	0.8860	0.1203s	0.3783	0.9040	0.8983
1
0130	0.1471	0.9583	0.4049	0.8880	0.1077s	0.3867	0.9010	0.8952
2
0131	0.1636	0.9500	0.3944	0.8880	0.1152s	0.3762	0.9020	0.8959
3
0132	0.1696	0.9750	0.3758	0.9060	0.1223s	0.3565	0.9100	0.9050
4
0133	0.1313	0.9917	0.3673	0.9120	0.1244s	0.3468	0.9080	0.9034
5
0134	0.1427	0.9833	0.3660	0.9120	0.1229s	0.3426	0.9110	0.9069
0
0135	0.1222	0.9833	0.3663	0.9080	0.1226s	0.3430	0.9100	0.9059
0
0136	0.1274	0.9833	0.3674	0.9080	0.1225s	0.3451	0.9090	0.9052
1
0137	0.1482	0.9250	0.3749	0.9100	0.1226s	0.3539	0.9110	0.9066
2
0138	0.1464	0.9750	0.3882	0.8960	0.1221s	0.3666	0.9070	0.9028
3
0139	0.1356	0.9500	0.3990	0.8840	0.1203s	0.3777	0.9010	0.8960
4
0140	0.1452	0.9583	0.4034	0.8780	0.1226s	0.3823	0.8980	0.8923
5
0141	0.1776	0.9750	0.3941	0.8840	0.1221s	0.3740	0.9020	0.8968
6
0142	0.1221	1.0000	0.3822	0.8940	0.1175s	0.3633	0.9070	0.9019
7
0143	0.1627	0.9917	0.3702	0.9120	0.1225s	0.3502	0.9120	0.9074
8
0144	0.1487	0.9750	0.3687	0.9100	0.1218s	0.3465	0.9110	0.9064
0
0145	0.1447	0.9917	0.3705	0.9100	0.1223s	0.3475	0.9150	0.9107
1
0146	0.1607	0.9583	0.3757	0.9080	0.1178s	0.3528	0.9110	0.9061
2
0147	0.1374	0.9833	0.3817	0.9080	0.1223s	0.3608	0.9030	0.8975
3
0148	0.1550	0.9750	0.3889	0.8940	0.1230s	0.3710	0.8990	0.8933
4
0149	0.1325	0.9750	0.3939	0.8920	0.1224s	0.3777	0.8920	0.8858
5
0150	0.1177	0.9917	0.3894	0.8940	0.1225s	0.3747	0.8910	0.8849
6
0151	0.1479	0.9833	0.3789	0.9060	0.1224s	0.3658	0.8980	0.8925
7
0152	0.1594	0.9917	0.3692	0.9080	0.1221s	0.3551	0.9080	0.9030
8
0153	0.1435	0.9917	0.3653	0.9120	0.1224s	0.3477	0.9130	0.9087
9
0154	0.1330	1.0000	0.3657	0.9100	0.1224s	0.3441	0.9160	0.9119
0
0155	0.1538	0.9833	0.3663	0.9120	0.1198s	0.3449	0.9170	0.9130
1
0156	0.1292	0.9917	0.3687	0.9120	0.1223s	0.3470	0.9150	0.9107
0
0157	0.1341	0.9667	0.3709	0.9120	0.1223s	0.3491	0.9130	0.9087
0
0158	0.1333	0.9833	0.3800	0.9100	0.1178s	0.3564	0.9020	0.8964
0
0159	0.1360	0.9917	0.3880	0.9000	0.1040s	0.3637	0.8990	0.8934
1
0160	0.1295	0.9750	0.3889	0.8960	0.1091s	0.3645	0.8980	0.8925
2
0161	0.1366	0.9750	0.3852	0.8980	0.1226s	0.3595	0.9020	0.8969
3
0162	0.1232	0.9833	0.3789	0.9080	0.1223s	0.3523	0.9050	0.8998
4
0163	0.1512	0.9500	0.3734	0.9100	0.1228s	0.3459	0.9120	0.9072
5
0164	0.1422	0.9667	0.3726	0.9060	0.1223s	0.3465	0.9160	0.9114
6
0165	0.1396	0.9917	0.3744	0.9040	0.1225s	0.3498	0.9100	0.9047
7
0166	0.1328	0.9917	0.3772	0.9020	0.1224s	0.3539	0.9080	0.9023
8
0167	0.1560	0.9667	0.3863	0.8980	0.1226s	0.3631	0.9040	0.8980
9
0168	0.1243	0.9833	0.3951	0.8940	0.1223s	0.3689	0.8950	0.8885
10
0169	0.1375	0.9833	0.3959	0.8960	0.1226s	0.3661	0.8960	0.8897
11
0170	0.1511	0.9833	0.3941	0.9000	0.1226s	0.3609	0.8950	0.8892
12
0171	0.1419	0.9833	0.3862	0.9000	0.1176s	0.3499	0.9060	0.9015
13
0172	0.1302	0.9917	0.3768	0.9080	0.1223s	0.3403	0.9100	0.9058
14
0173	0.1720	0.9833	0.3703	0.9120	0.1226s	0.3374	0.9120	0.9075
15
0174	0.1287	0.9833	0.3702	0.9040	0.1225s	0.3400	0.9120	0.9072
0
0175	0.1447	1.0000	0.3762	0.9000	0.1169s	0.3470	0.9070	0.9011
1
0176	0.1308	0.9833	0.3845	0.8940	0.1221s	0.3564	0.9070	0.9014
2
0177	0.1176	0.9833	0.3935	0.8940	0.1230s	0.3650	0.9010	0.8948
3
0178	0.1199	0.9833	0.3974	0.8900	0.1219s	0.3690	0.8980	0.8916
4
0179	0.1367	0.9917	0.3916	0.8960	0.1224s	0.3628	0.9000	0.8935
5
0180	0.1275	0.9917	0.3843	0.8960	0.1230s	0.3526	0.9030	0.8972
6
0181	0.1418	0.9750	0.3828	0.8980	0.1227s	0.3486	0.9080	0.9032
7
0182	0.1295	0.9833	0.3817	0.8980	0.1224s	0.3481	0.9060	0.9011
8
0183	0.1223	0.9917	0.3781	0.9000	0.1223s	0.3465	0.9100	0.9056
9
0184	0.1409	0.9750	0.3756	0.8980	0.1219s	0.3474	0.9130	0.9089
10
0185	0.1201	1.0000	0.3750	0.8980	0.1215s	0.3497	0.9080	0.9034
11
0186	0.1379	0.9667	0.3816	0.8940	0.1220s	0.3574	0.9030	0.8978
12
0187	0.1392	0.9667	0.3924	0.8900	0.1215s	0.3665	0.8950	0.8885
13
0188	0.1479	0.9583	0.4020	0.8920	0.1217s	0.3715	0.8940	0.8878
14
0189	0.1195	0.9750	0.4090	0.8840	0.1220s	0.3745	0.8950	0.8887
15
0190	0.1434	0.9583	0.4001	0.8880	0.1196s	0.3647	0.9000	0.8939
16
0191	0.1296	0.9500	0.3853	0.8960	0.1248s	0.3513	0.9060	0.9003
17
0192	0.1253	0.9833	0.3781	0.8980	0.1394s	0.3462	0.9140	0.9093
18
0193	0.1237	0.9750	0.3757	0.8940	0.1391s	0.3466	0.9150	0.9107
19
0194	0.1331	0.9917	0.3770	0.8960	0.1388s	0.3484	0.9110	0.9066
20
0195	0.1115	0.9833	0.3783	0.9020	0.1409s	0.3515	0.9080	0.9036
21
0196	0.1547	0.9750	0.3778	0.9000	0.1128s	0.3540	0.9080	0.9035
22
0197	0.1533	1.0000	0.3782	0.9000	0.1229s	0.3567	0.9070	0.9022
23
0198	0.1241	1.0000	0.3812	0.8980	0.1236s	0.3596	0.9080	0.9030
24
0199	0.1269	0.9667	0.3919	0.8980	0.1234s	0.3687	0.8980	0.8924
25
0200	0.1452	0.9667	0.3999	0.8960	0.1216s	0.3737	0.8980	0.8923
26
0201	0.1363	0.9917	0.4079	0.8920	0.1260s	0.3793	0.8980	0.8922
27
0202	0.1320	1.0000	0.4046	0.8960	0.1216s	0.3763	0.8980	0.8923
28
0203	0.1314	0.9583	0.3965	0.8980	0.1230s	0.3686	0.9010	0.8958
29
0204	0.1351	0.9750	0.3913	0.8980	0.1045s	0.3657	0.9020	0.8970
30
0205	0.1200	0.9667	0.3873	0.8960	0.1220s	0.3642	0.9030	0.8979
31
0206	0.1527	0.9917	0.3876	0.8980	0.1220s	0.3656	0.9060	0.9010
32
0207	0.1208	0.9917	0.3870	0.8980	0.1221s	0.3662	0.9040	0.8989
33
0208	0.1345	0.9833	0.3858	0.9020	0.1182s	0.3658	0.9050	0.8999
34
0209	0.1312	0.9917	0.3879	0.9020	0.1060s	0.3671	0.9050	0.9000
35
0210	0.1411	0.9750	0.3981	0.8960	0.1197s	0.3758	0.8980	0.8928
36
0211	0.1473	0.9833	0.4061	0.8920	0.1142s	0.3844	0.8920	0.8863
37
0212	0.1547	0.9667	0.4036	0.8900	0.1070s	0.3826	0.8920	0.8858
38
0213	0.1731	0.9833	0.3952	0.9020	0.1066s	0.3752	0.9010	0.8952
39
0214	0.1318	0.9917	0.3888	0.9060	0.1191s	0.3702	0.9030	0.8978
40
0215	0.1199	0.9833	0.3859	0.9040	0.1220s	0.3664	0.9020	0.8969
41
0216	0.1195	0.9917	0.3870	0.9040	0.1221s	0.3665	0.9030	0.8977
42
0217	0.1281	0.9833	0.3901	0.9040	0.1224s	0.3693	0.9000	0.8945
43
0218	0.1089	0.9917	0.3932	0.9000	0.1220s	0.3726	0.8960	0.8894
44
0219	0.1368	0.9917	0.3908	0.9000	0.1234s	0.3718	0.8950	0.8888
45
0220	0.1128	0.9917	0.3876	0.9000	0.1222s	0.3685	0.8980	0.8920
46
0221	0.1446	0.9917	0.3863	0.9020	0.1225s	0.3671	0.8970	0.8909
47
0222	0.1195	0.9667	0.3822	0.9040	0.1236s	0.3633	0.8990	0.8933
48
0223	0.1243	0.9917	0.3794	0.9040	0.1233s	0.3615	0.9010	0.8956
49
0224	0.1349	0.9750	0.3765	0.9040	0.1234s	0.3617	0.9000	0.8946
50
0225	0.1323	0.9833	0.3784	0.9000	0.1219s	0.3658	0.9000	0.8944
51
0226	0.1275	0.9917	0.3771	0.9020	0.1228s	0.3663	0.9000	0.8944
52
0227	0.1289	0.9917	0.3816	0.9000	0.1246s	0.3701	0.8970	0.8909
53
0228	0.1413	0.9750	0.3863	0.8960	0.1234s	0.3738	0.8960	0.8898
54
0229	0.1421	0.9833	0.3905	0.8960	0.1226s	0.3783	0.8940	0.8878
55
0230	0.1202	0.9833	0.3788	0.9040	0.1238s	0.3667	0.8960	0.8897
56
0231	0.1384	0.9917	0.3694	0.9020	0.1232s	0.3572	0.9010	0.8953
57
0232	0.1352	0.9833	0.3643	0.9020	0.1258s	0.3528	0.9040	0.8989
58
0233	0.1280	0.9750	0.3641	0.9040	0.1206s	0.3543	0.9000	0.8946
59
0234	0.1358	0.9583	0.3690	0.9000	0.1220s	0.3613	0.8980	0.8924
60
0235	0.1271	0.9917	0.3762	0.8980	0.1186s	0.3699	0.8980	0.8922
61
0236	0.1389	0.9750	0.3837	0.8980	0.1223s	0.3773	0.8980	0.8917
62
0237	0.1251	0.9917	0.3884	0.8960	0.1222s	0.3810	0.8960	0.8897
63
0238	0.1504	0.9750	0.3810	0.8980	0.1232s	0.3723	0.8990	0.8932
64
0239	0.1398	0.9750	0.3685	0.9000	0.1222s	0.3591	0.9040	0.8985
65
0240	0.1242	0.9833	0.3594	0.9080	0.1219s	0.3487	0.9030	0.8977
66
0241	0.1442	0.9750	0.3574	0.9020	0.1214s	0.3457	0.9030	0.8978
67
0242	0.1512	0.9667	0.3570	0.9020	0.1221s	0.3467	0.9040	0.8990
0
0243	0.1351	0.9667	0.3593	0.9040	0.1219s	0.3521	0.9020	0.8967
0
0244	0.1560	0.9583	0.3655	0.8980	0.1219s	0.3607	0.8990	0.8931
1
0245	0.1271	0.9833	0.3776	0.8900	0.1214s	0.3736	0.9000	0.8940
2
0246	0.1432	0.9583	0.3821	0.8920	0.1224s	0.3800	0.8940	0.8874
3
0247	0.1321	0.9583	0.3747	0.8960	0.1219s	0.3730	0.8980	0.8918
4
0248	0.1153	0.9917	0.3643	0.9020	0.1222s	0.3629	0.9020	0.8966
5
0249	0.1340	0.9917	0.3558	0.9020	0.1213s	0.3525	0.9030	0.8977
6
0250	0.1286	0.9833	0.3516	0.9040	0.1221s	0.3473	0.9030	0.8978
0
0251	0.1302	0.9750	0.3517	0.9060	0.1219s	0.3472	0.9070	0.9020
0
0252	0.1235	0.9833	0.3546	0.9080	0.1215s	0.3505	0.9040	0.8987
1
0253	0.1177	0.9833	0.3588	0.9020	0.1053s	0.3566	0.9050	0.8999
2
0254	0.1364	0.9750	0.3639	0.9000	0.1195s	0.3628	0.9010	0.8953
3
0255	0.1257	0.9917	0.3704	0.9000	0.1043s	0.3696	0.9000	0.8938
4
0256	0.1414	0.9917	0.3761	0.8960	0.1241s	0.3748	0.8980	0.8918
5
0257	0.1532	0.9750	0.3730	0.8980	0.1250s	0.3705	0.9000	0.8943
6
0258	0.1296	0.9667	0.3661	0.9020	0.1047s	0.3616	0.9000	0.8944
7
0259	0.1477	0.9667	0.3629	0.9000	0.1230s	0.3569	0.9030	0.8980
8
0260	0.1448	0.9750	0.3652	0.8980	0.1222s	0.3569	0.9050	0.8998
9
0261	0.1352	0.9750	0.3638	0.9000	0.1225s	0.3558	0.9080	0.9034
10
0262	0.1376	0.9667	0.3614	0.9020	0.1223s	0.3559	0.9050	0.9000
11
0263	0.1300	0.9667	0.3600	0.9060	0.1219s	0.3581	0.9030	0.8975
12
0264	0.1373	0.9667	0.3674	0.8980	0.1240s	0.3674	0.9020	0.8960
13
0265	0.1474	0.9583	0.3766	0.8980	0.1223s	0.3765	0.9040	0.8977
14
0266	0.1618	0.9917	0.3754	0.8960	0.1221s	0.3748	0.9050	0.8989
15
0267	0.1264	0.9917	0.3714	0.8980	0.1220s	0.3710	0.9050	0.8989
16
0268	0.1361	0.9667	0.3627	0.9020	0.1223s	0.3620	0.9050	0.8994
17
0269	0.1448	0.9833	0.3583	0.9040	0.1225s	0.3565	0.9070	0.9015
18
0270	0.1337	0.9917	0.3575	0.9000	0.1225s	0.3561	0.9070	0.9017
19
0271	0.1181	1.0000	0.3588	0.9020	0.1220s	0.3583	0.9040	0.8992
20
0272	0.1419	0.9750	0.3619	0.9020	0.1221s	0.3622	0.9030	0.8981
21
0273	0.1407	0.9750	0.3622	0.9020	0.1222s	0.3641	0.9060	0.9010
22
0274	0.1165	0.9917	0.3665	0.8940	0.1223s	0.3700	0.8990	0.8934
23
0275	0.1386	0.9750	0.3713	0.8940	0.1225s	0.3752	0.8980	0.8919
24
0276	0.1422	0.9917	0.3706	0.8960	0.1217s	0.3743	0.9000	0.8943
25
0277	0.1393	1.0000	0.3675	0.8940	0.1219s	0.3716	0.8990	0.8930
26
0278	0.1273	0.9917	0.3649	0.8960	0.1215s	0.3695	0.8990	0.8933
27
0279	0.1409	0.9917	0.3602	0.8960	0.1220s	0.3651	0.9040	0.8988
28
0280	0.1236	0.9833	0.3579	0.8980	0.1222s	0.3633	0.9030	0.8978
29
0281	0.1249	0.9667	0.3563	0.8980	0.1220s	0.3618	0.9040	0.8988
30
0282	0.1374	0.9667	0.3550	0.8980	0.1221s	0.3573	0.9060	0.9010
31
0283	0.1391	0.9750	0.3570	0.8960	0.1229s	0.3553	0.9050	0.9001
32
0284	0.1284	0.9667	0.3605	0.8960	0.1220s	0.3556	0.9040	0.8990
33
0285	0.1483	0.9750	0.3634	0.8980	0.1214s	0.3585	0.9040	0.8986
34
0286	0.1413	0.9833	0.3655	0.8960	0.1216s	0.3606	0.9050	0.8996
35
0287	0.1347	0.9917	0.3632	0.8960	0.1220s	0.3580	0.9050	0.8998
36
0288	0.1413	0.9833	0.3632	0.8960	0.1231s	0.3563	0.9050	0.8997
37
0289	0.1352	0.9833	0.3634	0.8940	0.1221s	0.3530	0.9090	0.9042
38
0290	0.1113	0.9917	0.3676	0.8940	0.1220s	0.3542	0.9080	0.9031
39
0291	0.1277	0.9750	0.3705	0.8960	0.1217s	0.3558	0.9070	0.9020
40
0292	0.1361	1.0000	0.3736	0.8940	0.1212s	0.3599	0.9060	0.9009
41
0293	0.1222	0.9917	0.3741	0.8940	0.1220s	0.3621	0.9050	0.8998
42
0294	0.1348	0.9917	0.3737	0.8940	0.1224s	0.3624	0.9050	0.8996
43
0295	0.1366	0.9750	0.3690	0.8940	0.1216s	0.3576	0.9080	0.9028
44
0296	0.1328	0.9917	0.3664	0.8940	0.1220s	0.3542	0.9100	0.9050
45
0297	0.1133	0.9917	0.3645	0.8960	0.1216s	0.3502	0.9130	0.9084
46
0298	0.1145	0.9833	0.3662	0.8940	0.1214s	0.3509	0.9100	0.9054
47
0299	0.1123	1.0000	0.3707	0.8960	0.1216s	0.3550	0.9090	0.9045
48
0300	0.1421	0.9583	0.3767	0.9000	0.1219s	0.3609	0.9060	0.9014
49
0301	0.1233	1.0000	0.3810	0.8980	0.1215s	0.3646	0.9040	0.8993
50
0302	0.1318	0.9917	0.3878	0.8960	0.1225s	0.3692	0.9020	0.8970
51
0303	0.1365	0.9667	0.3894	0.9000	0.1224s	0.3700	0.9040	0.8991
52
0304	0.1499	0.9917	0.3903	0.9000	0.1221s	0.3700	0.9030	0.8979
53
0305	0.1219	1.0000	0.3885	0.9000	0.1213s	0.3671	0.9040	0.8991
54
0306	0.1187	0.9833	0.3882	0.8940	0.1218s	0.3668	0.9050	0.9001
55
0307	0.1169	0.9833	0.3885	0.8940	0.1259s	0.3655	0.9050	0.8999
56
0308	0.1261	0.9833	0.3856	0.8940	0.1042s	0.3610	0.9060	0.9009
57
0309	0.1155	0.9750	0.3848	0.8960	0.1188s	0.3572	0.9080	0.9031
58
0310	0.1314	0.9917	0.3883	0.9000	0.1219s	0.3592	0.9030	0.8979
59
0311	0.1281	0.9833	0.3962	0.8980	0.1224s	0.3668	0.9040	0.8986
60
0312	0.1105	0.9833	0.4039	0.8960	0.1227s	0.3739	0.9010	0.8950
61
0313	0.1224	1.0000	0.4081	0.8960	0.1216s	0.3784	0.8990	0.8934
62
0314	0.1410	0.9750	0.4065	0.8940	0.1222s	0.3779	0.8990	0.8936
63
0315	0.1332	0.9917	0.4040	0.8980	0.1216s	0.3753	0.8970	0.8913
64
0316	0.1359	1.0000	0.3964	0.8960	0.1223s	0.3692	0.9050	0.8998
65
0317	0.1291	0.9750	0.3932	0.8940	0.1221s	0.3673	0.9020	0.8969
66
0318	0.1276	0.9833	0.3922	0.8940	0.1244s	0.3686	0.8970	0.8917
67
0319	0.1461	0.9667	0.3910	0.8960	0.1217s	0.3701	0.8980	0.8927
68
0320	0.1128	0.9667	0.3913	0.8940	0.1219s	0.3737	0.8990	0.8939
69
0321	0.1055	0.9917	0.3900	0.8900	0.1217s	0.3770	0.8980	0.8928
70
0322	0.1400	0.9667	0.3864	0.8980	0.1220s	0.3772	0.8980	0.8926
71
0323	0.1437	0.9750	0.3850	0.8940	0.1222s	0.3776	0.9000	0.8942
72
0324	0.1430	0.9750	0.3864	0.8920	0.1220s	0.3781	0.8990	0.8931
73
0325	0.1258	0.9750	0.3894	0.8940	0.1218s	0.3780	0.8980	0.8920
74
0326	0.1273	0.9750	0.3971	0.8960	0.1228s	0.3815	0.8990	0.8935
75
0327	0.1295	0.9917	0.4012	0.9020	0.1219s	0.3820	0.8950	0.8886
76
0328	0.1198	0.9833	0.4012	0.9000	0.1225s	0.3804	0.8970	0.8907
77
0329	0.1444	0.9833	0.3957	0.8960	0.1219s	0.3772	0.8930	0.8868
78
0330	0.1406	0.9833	0.3863	0.8960	0.1047s	0.3729	0.8950	0.8892
79
0331	0.1450	0.9583	0.3822	0.8980	0.1193s	0.3719	0.8960	0.8903
80
0332	0.1526	0.9833	0.3755	0.8920	0.1217s	0.3675	0.9030	0.8979
81
0333	0.1397	0.9583	0.3734	0.9040	0.1215s	0.3668	0.9030	0.8978
82
0334	0.1553	0.9917	0.3747	0.9020	0.1174s	0.3666	0.9090	0.9038
83
0335	0.1400	0.9917	0.3769	0.9020	0.1225s	0.3653	0.9060	0.9005
84
0336	0.1038	0.9833	0.3834	0.9020	0.1220s	0.3677	0.9060	0.9008
85
0337	0.1283	0.9917	0.3946	0.8960	0.1214s	0.3750	0.9040	0.8988
86
0338	0.1377	0.9667	0.4083	0.8960	0.1221s	0.3876	0.8980	0.8923
87
0339	0.1648	0.9417	0.4057	0.8980	0.1223s	0.3839	0.8990	0.8927
88
0340	0.1354	0.9833	0.3960	0.8940	0.1233s	0.3743	0.8990	0.8930
89
0341	0.1364	0.9917	0.3876	0.9000	0.1235s	0.3661	0.9000	0.8945
90
0342	0.1403	0.9667	0.3835	0.8980	0.1220s	0.3624	0.8980	0.8927
91
0343	0.1451	0.9583	0.3807	0.8940	0.1221s	0.3625	0.9000	0.8950
92
0344	0.1517	0.9833	0.3803	0.8960	0.1231s	0.3640	0.9010	0.8963
93
0345	0.1223	0.9833	0.3809	0.8980	0.1224s	0.3660	0.8990	0.8938
94
0346	0.1385	0.9667	0.3832	0.9020	0.1223s	0.3685	0.9000	0.8945
95
0347	0.1414	0.9750	0.3880	0.8940	0.1220s	0.3716	0.9020	0.8965
96
0348	0.1473	0.9667	0.3907	0.8980	0.1231s	0.3716	0.9020	0.8965
97
0349	0.1310	0.9667	0.3964	0.8880	0.1218s	0.3760	0.8970	0.8909
98
0350	0.1435	0.9750	0.3976	0.8920	0.1042s	0.3784	0.8960	0.8897
99
0351	0.1236	0.9833	0.3929	0.8940	0.1158s	0.3759	0.8990	0.8929
100
0352	0.1314	0.9833	0.3854	0.8960	0.1215s	0.3700	0.9000	0.8942
101
0353	0.1493	0.9750	0.3791	0.8960	0.1212s	0.3634	0.9030	0.8981
102
0354	0.1279	0.9833	0.3751	0.9020	0.1223s	0.3615	0.9040	0.8994
103
0355	0.1156	0.9667	0.3745	0.9040	0.1246s	0.3630	0.9050	0.9006
104
0356	0.1379	0.9917	0.3739	0.9000	0.1046s	0.3653	0.9000	0.8951
105
0357	0.1413	0.9917	0.3746	0.8980	0.1225s	0.3671	0.8990	0.8940
106
0358	0.1400	0.9750	0.3733	0.9020	0.1223s	0.3654	0.9020	0.8971
107
0359	0.1252	0.9917	0.3765	0.8980	0.1240s	0.3687	0.9010	0.8953
108
0360	0.1165	1.0000	0.3843	0.8900	0.1223s	0.3740	0.8990	0.8930
109
0361	0.1127	0.9917	0.3941	0.8920	0.1222s	0.3799	0.8960	0.8898
110
0362	0.1183	1.0000	0.4018	0.8940	0.1220s	0.3856	0.8940	0.8874
111
0363	0.1447	0.9750	0.3971	0.8980	0.1218s	0.3809	0.8980	0.8922
112
0364	0.1398	0.9583	0.3851	0.8960	0.1214s	0.3706	0.9040	0.8986
113
0365	0.1153	0.9917	0.3767	0.8960	0.1220s	0.3645	0.9100	0.9055
114
0366	0.1424	0.9417	0.3725	0.8980	0.1230s	0.3628	0.9030	0.8985
115
0367	0.1256	0.9750	0.3754	0.9000	0.1221s	0.3692	0.8970	0.8928
116
0368	0.1308	0.9667	0.3801	0.8900	0.1229s	0.3769	0.8950	0.8908
117
0369	0.1395	0.9750	0.3838	0.8900	0.1216s	0.3803	0.8960	0.8918
118
0370	0.1521	0.9583	0.3833	0.8920	0.1102s	0.3765	0.9000	0.8956
119
0371	0.1254	1.0000	0.3854	0.8840	0.1222s	0.3725	0.9030	0.8981
120
0372	0.1274	0.9833	0.3920	0.8920	0.1232s	0.3728	0.9050	0.8998
121
0373	0.1320	0.9833	0.3972	0.8960	0.1220s	0.3748	0.9020	0.8966
122
0374	0.1258	0.9917	0.4027	0.8960	0.1232s	0.3777	0.9000	0.8944
123
0375	0.1533	0.9583	0.4073	0.8940	0.1223s	0.3813	0.9010	0.8956
124
0376	0.1518	0.9750	0.3996	0.8980	0.1224s	0.3767	0.9030	0.8977
125
0377	0.1103	1.0000	0.3890	0.8980	0.1224s	0.3720	0.9060	0.9010
126
0378	0.1370	0.9667	0.3804	0.8920	0.1234s	0.3708	0.9070	0.9023
127
0379	0.1293	0.9833	0.3801	0.8940	0.1223s	0.3747	0.9040	0.8995
128
0380	0.1534	0.9833	0.3790	0.8940	0.1229s	0.3728	0.9030	0.8984
129
0381	0.1194	0.9500	0.3762	0.8960	0.1221s	0.3670	0.9060	0.9016
130
0382	0.1447	0.9417	0.3781	0.9020	0.1217s	0.3654	0.9060	0.9015
131
0383	0.1316	0.9833	0.3796	0.9020	0.1242s	0.3645	0.9060	0.9014
132
0384	0.1352	0.9667	0.3784	0.9000	0.1225s	0.3623	0.9050	0.9000
133
0385	0.1663	0.9833	0.3811	0.9000	0.1221s	0.3649	0.9030	0.8975
134
0386	0.1498	0.9750	0.3833	0.9000	0.1231s	0.3680	0.9020	0.8963
135
0387	0.1235	0.9833	0.3808	0.9000	0.1224s	0.3665	0.9040	0.8986
136
0388	0.1400	0.9750	0.3813	0.9000	0.1226s	0.3673	0.9040	0.8988
137
0389	0.1433	0.9917	0.3776	0.9000	0.1235s	0.3643	0.9040	0.8986
138
0390	0.1258	0.9833	0.3774	0.9020	0.1220s	0.3646	0.9060	0.9010
139
0391	0.1306	0.9917	0.3772	0.8940	0.1221s	0.3652	0.9060	0.9014
140
0392	0.1510	0.9667	0.3779	0.8980	0.1220s	0.3655	0.9070	0.9025
141
0393	0.1480	0.9917	0.3835	0.8980	0.1224s	0.3696	0.9040	0.8995
142
0394	0.1313	0.9667	0.3863	0.8980	0.1220s	0.3709	0.9050	0.9006
143
0395	0.1351	0.9917	0.3864	0.8980	0.1222s	0.3690	0.9040	0.8996
144
0396	0.1378	1.0000	0.3795	0.8980	0.1228s	0.3618	0.9050	0.9003
145
0397	0.1318	0.9833	0.3753	0.8980	0.1223s	0.3572	0.9070	0.9024
146
0398	0.1532	0.9917	0.3756	0.8960	0.1222s	0.3553	0.9080	0.9037
147
0399	0.1249	0.9667	0.3761	0.8960	0.1221s	0.3530	0.9090	0.9047
148
0400	0.1480	0.9917	0.3780	0.8980	0.1216s	0.3521	0.9060	0.9014
149
0401	0.1294	0.9917	0.3801	0.8960	0.1152s	0.3525	0.9070	0.9024
150
0402	0.1191	0.9833	0.3808	0.8980	0.1230s	0.3520	0.9050	0.9001
151
0403	0.1359	0.9833	0.3841	0.8940	0.1220s	0.3542	0.9030	0.8977
152
0404	0.1232	0.9917	0.3859	0.8940	0.1221s	0.3558	0.9010	0.8958
153
0405	0.1376	0.9583	0.3862	0.8960	0.1230s	0.3573	0.9030	0.8981
154
0406	0.1285	0.9750	0.3817	0.8980	0.1227s	0.3547	0.9050	0.9005
155
0407	0.1319	0.9667	0.3763	0.8960	0.1223s	0.3525	0.9080	0.9038
156
0408	0.1213	0.9917	0.3722	0.8980	0.1227s	0.3514	0.9110	0.9071
157
0409	0.1409	0.9833	0.3717	0.9040	0.1221s	0.3518	0.9110	0.9069
158
0410	0.1414	0.9917	0.3779	0.9000	0.1225s	0.3555	0.9070	0.9025
159
0411	0.1285	0.9750	0.3896	0.8960	0.1236s	0.3651	0.9020	0.8971
160
0412	0.1255	0.9917	0.3981	0.8980	0.1227s	0.3718	0.8980	0.8923
161
0413	0.1384	0.9917	0.4015	0.9000	0.1221s	0.3748	0.8970	0.8908
162
0414	0.1287	0.9833	0.3974	0.9020	0.1223s	0.3717	0.8970	0.8908
163
0415	0.1560	0.9833	0.3821	0.9000	0.1054s	0.3580	0.9020	0.8971
164
0416	0.1436	0.9750	0.3706	0.9040	0.1218s	0.3490	0.9080	0.9037
165
0417	0.1503	0.9750	0.3640	0.9020	0.1221s	0.3473	0.9110	0.9067
166
0418	0.1257	0.9750	0.3661	0.9040	0.1231s	0.3542	0.9060	0.9018
167
0419	0.1389	0.9917	0.3723	0.9020	0.1211s	0.3629	0.9060	0.9015
168
0420	0.1264	0.9667	0.3780	0.9000	0.1226s	0.3682	0.9040	0.8992
169
0421	0.1171	1.0000	0.3866	0.8980	0.1228s	0.3739	0.8980	0.8928
170
0422	0.1291	0.9750	0.3902	0.8940	0.1225s	0.3734	0.8990	0.8937
171
0423	0.1301	0.9833	0.3934	0.8980	0.1247s	0.3716	0.8970	0.8912
172
0424	0.1358	0.9917	0.3901	0.8960	0.1229s	0.3641	0.8960	0.8905
173
0425	0.1252	0.9667	0.3935	0.8880	0.1226s	0.3640	0.8990	0.8934
174
0426	0.1531	0.9750	0.3940	0.8920	0.1222s	0.3627	0.9020	0.8967
175
0427	0.1459	0.9833	0.3859	0.8920	0.1221s	0.3546	0.9020	0.8968
176
0428	0.1514	0.9833	0.3793	0.9020	0.1221s	0.3493	0.9040	0.8994
177
0429	0.1297	0.9917	0.3765	0.9040	0.1209s	0.3488	0.9080	0.9042
178
0430	0.1358	0.9917	0.3806	0.9020	0.1221s	0.3556	0.9090	0.9046
179
0431	0.1373	0.9833	0.3879	0.8980	0.1223s	0.3654	0.9020	0.8973
180
0432	0.1416	0.9750	0.3922	0.8960	0.1251s	0.3693	0.9000	0.8948
181
0433	0.1390	0.9583	0.3941	0.8940	0.1230s	0.3685	0.8990	0.8937
182
0434	0.1307	0.9833	0.3958	0.8940	0.1221s	0.3649	0.9040	0.8994
183
0435	0.1279	0.9917	0.3990	0.9000	0.1224s	0.3626	0.8990	0.8943
184
0436	0.1449	1.0000	0.4018	0.8980	0.1225s	0.3620	0.9000	0.8950
185
0437	0.1313	0.9917	0.4031	0.8980	0.1224s	0.3613	0.9010	0.8961
186
0438	0.1340	0.9833	0.4037	0.8960	0.1221s	0.3626	0.9030	0.8979
187
0439	0.1466	0.9833	0.4008	0.8960	0.1217s	0.3623	0.9060	0.9012
188
0440	0.1212	0.9833	0.3965	0.8960	0.1221s	0.3620	0.9020	0.8967
189
0441	0.1430	0.9583	0.3907	0.8960	0.1235s	0.3590	0.9020	0.8969
190
0442	0.1382	0.9750	0.3887	0.8980	0.1221s	0.3594	0.9020	0.8970
191
0443	0.1300	0.9917	0.3885	0.9000	0.1221s	0.3598	0.9020	0.8973
192
0444	0.1387	0.9833	0.3876	0.9000	0.1217s	0.3579	0.9040	0.8995
193
0445	0.1340	0.9833	0.3872	0.8980	0.1222s	0.3549	0.9030	0.8981
194
0446	0.1590	0.9750	0.3890	0.8980	0.1234s	0.3529	0.9040	0.8988
195
0447	0.1185	0.9750	0.3909	0.8960	0.1226s	0.3536	0.9010	0.8955
196
0448	0.1369	0.9750	0.3898	0.8960	0.1218s	0.3535	0.9080	0.9029
197
0449	0.1291	0.9917	0.3869	0.8960	0.1216s	0.3533	0.9100	0.9052
198
0450	0.1203	1.0000	0.3854	0.8940	0.1221s	0.3553	0.9070	0.9020
199
Early stop! Min loss:0.3515643775463104,  Max accuracy:0.912
Early stop model validation loss:0.3515643775463104,  accuracy:0.904
Optimization Finished!
Total time elapsed: 54.7981s
test max acc:0.9170
Loading 249th epoch
stru_node_to_hop attention:tensor([[0.2511, 0.2502, 0.2496, 0.2492],
        [0.2503, 0.2499, 0.2499, 0.2499],
        [0.2489, 0.2506, 0.2503, 0.2502],
        [0.2480, 0.2520, 0.2503, 0.2497],
        [0.2481, 0.2507, 0.2506, 0.2507],
        [0.2515, 0.2498, 0.2494, 0.2493],
        [0.2499, 0.2502, 0.2500, 0.2499],
        [0.2501, 0.2501, 0.2500, 0.2499],
        [0.2499, 0.2502, 0.2500, 0.2498],
        [0.2481, 0.2511, 0.2505, 0.2503],
        [0.2498, 0.2501, 0.2501, 0.2501],
        [0.2494, 0.2501, 0.2503, 0.2502],
        [0.2497, 0.2502, 0.2501, 0.2500],
        [0.2515, 0.2502, 0.2494, 0.2489],
        [0.2503, 0.2504, 0.2498, 0.2496],
        [0.2506, 0.2502, 0.2497, 0.2494],
        [0.2494, 0.2502, 0.2502, 0.2502],
        [0.2490, 0.2512, 0.2501, 0.2498],
        [0.2497, 0.2501, 0.2501, 0.2501],
        [0.2508, 0.2501, 0.2497, 0.2494],
        [0.2493, 0.2503, 0.2502, 0.2502],
        [0.2497, 0.2503, 0.2500, 0.2500],
        [0.2501, 0.2500, 0.2500, 0.2499],
        [0.2477, 0.2509, 0.2508, 0.2507],
        [0.2503, 0.2498, 0.2500, 0.2500],
        [0.2472, 0.2514, 0.2508, 0.2506],
        [0.2502, 0.2500, 0.2499, 0.2499],
        [0.2476, 0.2510, 0.2508, 0.2506],
        [0.2490, 0.2503, 0.2503, 0.2504],
        [0.2481, 0.2509, 0.2506, 0.2504],
        [0.2505, 0.2497, 0.2499, 0.2500],
        [0.2465, 0.2517, 0.2511, 0.2507],
        [0.2510, 0.2497, 0.2497, 0.2496],
        [0.2501, 0.2498, 0.2501, 0.2500],
        [0.2497, 0.2502, 0.2502, 0.2499],
        [0.2498, 0.2502, 0.2500, 0.2500],
        [0.2499, 0.2499, 0.2502, 0.2500],
        [0.2511, 0.2497, 0.2496, 0.2496],
        [0.2501, 0.2500, 0.2500, 0.2499],
        [0.2504, 0.2502, 0.2498, 0.2497],
        [0.2494, 0.2501, 0.2502, 0.2503],
        [0.2500, 0.2505, 0.2498, 0.2496],
        [0.2495, 0.2502, 0.2502, 0.2501],
        [0.2490, 0.2504, 0.2503, 0.2503],
        [0.2514, 0.2495, 0.2496, 0.2495],
        [0.1523, 0.1901, 0.2774, 0.3801],
        [0.2491, 0.2507, 0.2502, 0.2499],
        [0.2481, 0.2509, 0.2505, 0.2504],
        [0.2488, 0.2504, 0.2504, 0.2503],
        [0.2496, 0.2502, 0.2501, 0.2500],
        [0.2481, 0.2508, 0.2505, 0.2506],
        [0.2504, 0.2497, 0.2499, 0.2500],
        [0.2500, 0.2500, 0.2500, 0.2500],
        [0.2492, 0.2505, 0.2502, 0.2501],
        [0.2480, 0.2506, 0.2508, 0.2507],
        [0.2465, 0.2516, 0.2508, 0.2510],
        [0.2504, 0.2506, 0.2497, 0.2494],
        [0.2494, 0.2505, 0.2501, 0.2499],
        [0.2492, 0.2509, 0.2501, 0.2498],
        [0.2483, 0.2514, 0.2503, 0.2499],
        [0.2486, 0.2507, 0.2504, 0.2503],
        [0.2503, 0.2499, 0.2499, 0.2499],
        [0.2506, 0.2501, 0.2498, 0.2496],
        [0.2502, 0.2498, 0.2501, 0.2499],
        [0.2492, 0.2504, 0.2502, 0.2502],
        [0.2480, 0.2505, 0.2507, 0.2508],
        [0.2493, 0.2504, 0.2503, 0.2500],
        [0.2477, 0.2503, 0.2509, 0.2511],
        [0.2497, 0.2503, 0.2501, 0.2500],
        [0.2500, 0.2502, 0.2499, 0.2499],
        [0.2481, 0.2514, 0.2503, 0.2502],
        [0.2502, 0.2498, 0.2500, 0.2501],
        [0.2475, 0.2516, 0.2507, 0.2502],
        [0.2489, 0.2512, 0.2502, 0.2497],
        [0.2500, 0.2500, 0.2500, 0.2500],
        [0.2489, 0.2511, 0.2500, 0.2499],
        [0.2511, 0.2506, 0.2493, 0.2490],
        [0.2529, 0.2481, 0.2494, 0.2495],
        [0.2493, 0.2503, 0.2502, 0.2502],
        [0.2490, 0.2502, 0.2504, 0.2504],
        [0.2515, 0.2499, 0.2495, 0.2491],
        [0.2485, 0.2512, 0.2503, 0.2500],
        [0.2509, 0.2498, 0.2497, 0.2496],
        [0.2497, 0.2502, 0.2501, 0.2500],
        [0.2499, 0.2501, 0.2500, 0.2500],
        [0.2486, 0.2502, 0.2506, 0.2506],
        [0.2482, 0.2505, 0.2506, 0.2507],
        [0.2503, 0.2501, 0.2499, 0.2497],
        [0.2502, 0.2507, 0.2498, 0.2494],
        [0.2501, 0.2501, 0.2500, 0.2498],
        [0.2484, 0.2506, 0.2505, 0.2505],
        [0.2503, 0.2498, 0.2499, 0.2499],
        [0.2501, 0.2500, 0.2500, 0.2499],
        [0.2510, 0.2497, 0.2497, 0.2497],
        [0.2502, 0.2500, 0.2499, 0.2499],
        [0.2500, 0.2501, 0.2500, 0.2499],
        [0.2493, 0.2506, 0.2501, 0.2500],
        [0.2515, 0.2495, 0.2495, 0.2494],
        [0.2478, 0.2515, 0.2505, 0.2502],
        [0.2515, 0.2498, 0.2494, 0.2492]], device='cuda:1')
fea_node_to_hop attention:tensor([[0.3313, 0.3340, 0.3347],
        [0.3338, 0.3330, 0.3332],
        [0.3328, 0.3333, 0.3339],
        [0.3308, 0.3336, 0.3355],
        [0.3331, 0.3335, 0.3334],
        [0.3303, 0.3362, 0.3335],
        [0.3310, 0.3329, 0.3361],
        [0.3323, 0.3331, 0.3345],
        [0.3318, 0.3332, 0.3349],
        [0.3310, 0.3339, 0.3351],
        [0.3322, 0.3337, 0.3341],
        [0.3310, 0.3343, 0.3347],
        [0.3333, 0.3332, 0.3335],
        [0.3307, 0.3342, 0.3351],
        [0.3292, 0.3351, 0.3357],
        [0.3311, 0.3340, 0.3350],
        [0.3300, 0.3348, 0.3352],
        [0.3290, 0.3351, 0.3359],
        [0.3335, 0.3331, 0.3334],
        [0.3318, 0.3335, 0.3347],
        [0.3313, 0.3344, 0.3343],
        [0.3319, 0.3342, 0.3339],
        [0.3321, 0.3337, 0.3342],
        [0.3279, 0.3373, 0.3348],
        [0.3342, 0.3329, 0.3329],
        [0.3303, 0.3342, 0.3355],
        [0.3332, 0.3334, 0.3334],
        [0.3285, 0.3354, 0.3361],
        [0.3326, 0.3337, 0.3337],
        [0.3318, 0.3338, 0.3344],
        [0.3325, 0.3338, 0.3337],
        [0.3280, 0.3335, 0.3385],
        [0.3340, 0.3319, 0.3341],
        [0.3340, 0.3333, 0.3327],
        [0.3314, 0.3342, 0.3344],
        [0.3313, 0.3337, 0.3350],
        [0.3307, 0.3343, 0.3350],
        [0.3348, 0.3324, 0.3327],
        [0.3339, 0.3325, 0.3335],
        [0.3285, 0.3361, 0.3354],
        [0.3297, 0.3340, 0.3362],
        [0.3286, 0.3349, 0.3364],
        [0.3299, 0.3351, 0.3350],
        [0.3305, 0.3349, 0.3346],
        [0.3295, 0.3362, 0.3343],
        [0.3736, 0.3126, 0.3138],
        [0.3314, 0.3344, 0.3342],
        [0.3306, 0.3347, 0.3348],
        [0.3333, 0.3328, 0.3339],
        [0.3326, 0.3335, 0.3339],
        [0.3329, 0.3338, 0.3334],
        [0.3338, 0.3330, 0.3332],
        [0.3333, 0.3333, 0.3333],
        [0.3260, 0.3372, 0.3368],
        [0.3326, 0.3343, 0.3331],
        [0.3306, 0.3339, 0.3355],
        [0.3314, 0.3341, 0.3344],
        [0.3250, 0.3370, 0.3380],
        [0.3328, 0.3327, 0.3345],
        [0.3325, 0.3318, 0.3357],
        [0.3315, 0.3341, 0.3344],
        [0.3315, 0.3342, 0.3344],
        [0.3323, 0.3336, 0.3341],
        [0.3321, 0.3338, 0.3341],
        [0.3324, 0.3337, 0.3339],
        [0.3304, 0.3348, 0.3348],
        [0.3315, 0.3342, 0.3343],
        [0.3339, 0.3319, 0.3342],
        [0.3317, 0.3333, 0.3350],
        [0.3327, 0.3341, 0.3333],
        [0.3310, 0.3340, 0.3351],
        [0.3324, 0.3340, 0.3336],
        [0.3261, 0.3360, 0.3379],
        [0.3300, 0.3337, 0.3363],
        [0.3331, 0.3334, 0.3335],
        [0.3306, 0.3339, 0.3356],
        [0.3302, 0.3339, 0.3359],
        [0.3296, 0.3343, 0.3361],
        [0.3315, 0.3336, 0.3349],
        [0.3306, 0.3347, 0.3347],
        [0.3310, 0.3351, 0.3339],
        [0.3280, 0.3358, 0.3362],
        [0.3325, 0.3329, 0.3346],
        [0.3308, 0.3345, 0.3347],
        [0.3325, 0.3338, 0.3337],
        [0.3298, 0.3329, 0.3373],
        [0.3305, 0.3351, 0.3344],
        [0.3312, 0.3340, 0.3348],
        [0.3324, 0.3329, 0.3347],
        [0.3307, 0.3339, 0.3354],
        [0.3316, 0.3340, 0.3344],
        [0.3340, 0.3331, 0.3329],
        [0.3330, 0.3333, 0.3337],
        [0.3342, 0.3327, 0.3331],
        [0.3344, 0.3328, 0.3328],
        [0.3324, 0.3334, 0.3342],
        [0.3298, 0.3349, 0.3353],
        [0.3327, 0.3334, 0.3339],
        [0.3286, 0.3344, 0.3370],
        [0.3318, 0.3341, 0.3341]], device='cuda:1')
perception attention:tensor([0.5000, 0.5000], device='cuda:1')
Test set results: loss= 0.3473 accuracy= 0.9030 F1_score= 0.8978
