# epoch	loss_train	acc_train	loss_val	acc_val	time	acc_test	f1_test
0001	1.7937	0.1750	1.6784	0.3820	0.1214s	1.6662	0.3930	0.2525
0
0002	1.6770	0.4500	1.5163	0.4920	0.1230s	1.4905	0.5250	0.3923
0
0003	1.5202	0.5167	1.3339	0.6300	0.0960s	1.3053	0.6490	0.5777
0
0004	1.3108	0.6667	1.1373	0.7720	0.1044s	1.1140	0.7960	0.7787
0
0005	1.1056	0.8000	0.9640	0.8620	0.1197s	0.9466	0.8590	0.8493
0
0006	0.9279	0.8083	0.8219	0.8740	0.1219s	0.8097	0.8610	0.8547
0
0007	0.7672	0.8667	0.6999	0.8760	0.1251s	0.6894	0.8650	0.8594
0
0008	0.7142	0.8750	0.6048	0.8820	0.1224s	0.5934	0.8800	0.8736
0
0009	0.5942	0.8750	0.5324	0.9000	0.1222s	0.5190	0.8950	0.8887
0
0010	0.4976	0.9167	0.4816	0.9000	0.1207s	0.4668	0.8990	0.8928
0
0011	0.4399	0.9083	0.4433	0.9040	0.1235s	0.4257	0.9030	0.8973
0
0012	0.3825	0.9417	0.4186	0.9000	0.1234s	0.3984	0.8980	0.8921
0
0013	0.3629	0.8917	0.4098	0.9020	0.1225s	0.3863	0.8930	0.8868
0
0014	0.3126	0.9667	0.3989	0.8900	0.1222s	0.3760	0.8960	0.8898
0
0015	0.2888	0.9583	0.3855	0.8840	0.1229s	0.3643	0.8960	0.8899
0
0016	0.2439	0.9250	0.3769	0.8920	0.1229s	0.3564	0.8980	0.8927
0
0017	0.2416	0.9417	0.3722	0.9040	0.1221s	0.3496	0.8990	0.8931
0
0018	0.2465	0.9583	0.3732	0.9040	0.1192s	0.3475	0.8990	0.8931
0
0019	0.2108	0.9417	0.3796	0.8920	0.1228s	0.3510	0.8990	0.8924
0
0020	0.1955	0.9583	0.3860	0.9020	0.1261s	0.3558	0.8970	0.8907
1
0021	0.2134	0.9500	0.3968	0.8960	0.1100s	0.3663	0.8880	0.8817
2
0022	0.1861	0.9583	0.4035	0.8920	0.1217s	0.3738	0.8860	0.8799
3
0023	0.1789	0.9750	0.4059	0.8860	0.1223s	0.3779	0.8880	0.8812
4
0024	0.2085	0.9583	0.4050	0.8820	0.1241s	0.3784	0.8910	0.8843
5
0025	0.1810	0.9750	0.3981	0.8860	0.1220s	0.3716	0.8970	0.8908
6
0026	0.1920	0.9667	0.3916	0.8920	0.1228s	0.3640	0.8980	0.8925
7
0027	0.1670	0.9917	0.3906	0.8960	0.1219s	0.3611	0.8990	0.8939
8
0028	0.1482	0.9667	0.3941	0.8980	0.1262s	0.3622	0.8970	0.8912
9
0029	0.1694	0.9750	0.4020	0.8900	0.1196s	0.3693	0.8930	0.8865
10
0030	0.1594	0.9917	0.4052	0.8900	0.1091s	0.3721	0.8940	0.8875
11
0031	0.1623	0.9750	0.4089	0.8960	0.1042s	0.3773	0.8880	0.8813
12
0032	0.1915	0.9833	0.4077	0.8940	0.1186s	0.3779	0.8910	0.8847
13
0033	0.1728	0.9750	0.4061	0.8960	0.1237s	0.3794	0.8920	0.8856
14
0034	0.1515	0.9833	0.4030	0.8880	0.1217s	0.3794	0.8890	0.8827
15
0035	0.1476	0.9833	0.4025	0.8840	0.1234s	0.3807	0.8910	0.8849
16
0036	0.1904	0.9750	0.4007	0.8880	0.1219s	0.3787	0.8900	0.8839
17
0037	0.1642	0.9750	0.3991	0.8920	0.1234s	0.3763	0.8900	0.8841
18
0038	0.1499	0.9917	0.4005	0.8960	0.1217s	0.3765	0.8850	0.8788
19
0039	0.1625	0.9667	0.4025	0.8940	0.1235s	0.3784	0.8840	0.8773
20
0040	0.1802	0.9833	0.4062	0.8920	0.1211s	0.3826	0.8860	0.8795
21
0041	0.1377	0.9750	0.4083	0.8880	0.1228s	0.3858	0.8890	0.8825
22
0042	0.1479	0.9833	0.4141	0.8840	0.1045s	0.3929	0.8840	0.8767
23
0043	0.1606	0.9750	0.4142	0.8840	0.1241s	0.3936	0.8830	0.8751
24
0044	0.1758	0.9583	0.4077	0.8860	0.1234s	0.3871	0.8860	0.8789
25
0045	0.1511	0.9667	0.3981	0.8880	0.1237s	0.3776	0.8910	0.8851
26
0046	0.1593	0.9833	0.3905	0.8940	0.0962s	0.3693	0.8920	0.8861
27
0047	0.1480	0.9750	0.3852	0.8980	0.1031s	0.3632	0.8920	0.8863
28
0048	0.1548	0.9667	0.3848	0.8980	0.1131s	0.3625	0.8900	0.8838
29
0049	0.1525	0.9417	0.3860	0.8960	0.1175s	0.3643	0.8910	0.8852
30
0050	0.1419	0.9750	0.3887	0.8920	0.1255s	0.3674	0.8920	0.8864
31
0051	0.1312	0.9917	0.3904	0.8940	0.1223s	0.3686	0.8910	0.8854
32
0052	0.1554	0.9917	0.3915	0.8920	0.1237s	0.3695	0.8920	0.8864
33
0053	0.1475	0.9917	0.3928	0.8920	0.1222s	0.3709	0.8900	0.8841
34
0054	0.1782	0.9667	0.3910	0.8920	0.1234s	0.3707	0.8900	0.8839
35
0055	0.1385	0.9917	0.3888	0.8880	0.1048s	0.3707	0.8880	0.8818
36
0056	0.1683	0.9667	0.3875	0.8900	0.1230s	0.3709	0.8870	0.8809
37
0057	0.1509	0.9667	0.3862	0.8900	0.1224s	0.3700	0.8860	0.8799
38
0058	0.1270	0.9833	0.3816	0.8880	0.1241s	0.3653	0.8900	0.8838
39
0059	0.1671	0.9417	0.3766	0.8920	0.1224s	0.3592	0.8920	0.8855
40
0060	0.1492	0.9750	0.3705	0.9000	0.1234s	0.3517	0.8970	0.8908
41
0061	0.1303	0.9917	0.3669	0.9000	0.1219s	0.3466	0.8970	0.8911
0
0062	0.1496	0.9750	0.3668	0.8940	0.1227s	0.3465	0.8980	0.8924
0
0063	0.1604	0.9917	0.3719	0.8860	0.1222s	0.3520	0.9010	0.8959
0
0064	0.1520	0.9500	0.3823	0.8880	0.1224s	0.3628	0.8970	0.8914
1
0065	0.1622	0.9667	0.3922	0.8860	0.1220s	0.3723	0.8930	0.8867
2
0066	0.1544	0.9583	0.3951	0.8860	0.1233s	0.3745	0.8900	0.8835
3
0067	0.1588	0.9583	0.3917	0.8860	0.1220s	0.3702	0.8850	0.8785
4
0068	0.1563	0.9750	0.3872	0.8860	0.1243s	0.3645	0.8870	0.8816
5
0069	0.1551	0.9833	0.3796	0.8940	0.1222s	0.3565	0.8900	0.8847
6
0070	0.1451	0.9833	0.3714	0.8960	0.1250s	0.3466	0.8940	0.8887
7
0071	0.1649	0.9833	0.3659	0.9020	0.1225s	0.3404	0.9040	0.8987
8
0072	0.1576	0.9750	0.3688	0.8980	0.1228s	0.3408	0.9030	0.8975
0
0073	0.1441	0.9833	0.3779	0.8940	0.1226s	0.3481	0.8960	0.8898
1
0074	0.1435	0.9750	0.3878	0.8900	0.1045s	0.3576	0.8950	0.8885
2
0075	0.1407	0.9917	0.3954	0.8860	0.1218s	0.3661	0.8920	0.8850
3
0076	0.1506	0.9917	0.3993	0.8860	0.1176s	0.3714	0.8900	0.8831
4
0077	0.1459	0.9917	0.3987	0.8860	0.1219s	0.3723	0.8900	0.8833
5
0078	0.1488	0.9500	0.3920	0.8880	0.1184s	0.3680	0.8910	0.8845
6
0079	0.1399	0.9833	0.3815	0.8960	0.1217s	0.3591	0.8920	0.8863
7
0080	0.1421	0.9833	0.3747	0.9000	0.1219s	0.3517	0.8980	0.8929
8
0081	0.1597	0.9917	0.3709	0.9020	0.1230s	0.3448	0.9010	0.8956
9
0082	0.1534	0.9833	0.3751	0.8980	0.1227s	0.3464	0.8980	0.8921
10
0083	0.1390	0.9833	0.3869	0.8980	0.1224s	0.3540	0.8960	0.8902
11
0084	0.1515	0.9750	0.3911	0.8960	0.1235s	0.3571	0.8960	0.8901
12
0085	0.1382	0.9667	0.3955	0.8940	0.1237s	0.3602	0.8940	0.8876
13
0086	0.1447	0.9917	0.3958	0.8900	0.1233s	0.3612	0.8900	0.8828
14
0087	0.1395	0.9750	0.3948	0.8880	0.1084s	0.3616	0.8960	0.8897
15
0088	0.1496	0.9750	0.3905	0.8920	0.1236s	0.3590	0.9000	0.8941
16
0089	0.1281	0.9833	0.3877	0.8960	0.1237s	0.3582	0.8970	0.8908
17
0090	0.1324	0.9667	0.3874	0.8920	0.1234s	0.3606	0.8990	0.8932
18
0091	0.1398	0.9917	0.3852	0.8960	0.1027s	0.3599	0.8990	0.8933
19
0092	0.1455	0.9750	0.3856	0.8920	0.1148s	0.3625	0.8950	0.8890
20
0093	0.1716	0.9917	0.3920	0.8840	0.1230s	0.3685	0.8930	0.8871
21
0094	0.1559	0.9750	0.3933	0.8860	0.1221s	0.3685	0.8930	0.8865
22
0095	0.1399	1.0000	0.3953	0.8880	0.1226s	0.3693	0.8940	0.8872
23
0096	0.1426	0.9833	0.3944	0.8900	0.1239s	0.3668	0.8940	0.8873
24
0097	0.1402	1.0000	0.3876	0.9000	0.1220s	0.3593	0.8940	0.8870
25
0098	0.1565	0.9833	0.3772	0.9000	0.1226s	0.3515	0.8970	0.8907
26
0099	0.1378	0.9833	0.3704	0.8980	0.1222s	0.3479	0.9010	0.8950
27
0100	0.1423	0.9750	0.3706	0.9000	0.1227s	0.3516	0.9050	0.8994
28
0101	0.1523	0.9833	0.3737	0.9000	0.1224s	0.3571	0.9040	0.8982
29
0102	0.1290	0.9833	0.3775	0.8940	0.1225s	0.3608	0.8990	0.8925
30
0103	0.1529	0.9833	0.3867	0.8880	0.1224s	0.3678	0.8940	0.8876
31
0104	0.1288	0.9750	0.3905	0.8980	0.1232s	0.3688	0.8920	0.8857
32
0105	0.1445	1.0000	0.3898	0.9020	0.1223s	0.3661	0.8940	0.8878
33
0106	0.1589	0.9750	0.3813	0.9060	0.1221s	0.3586	0.8970	0.8908
34
0107	0.1240	0.9833	0.3728	0.9060	0.1222s	0.3509	0.9020	0.8966
0
0108	0.1471	0.9667	0.3690	0.9060	0.1217s	0.3477	0.9040	0.8987
0
0109	0.1480	0.9750	0.3704	0.9040	0.1225s	0.3505	0.9010	0.8952
0
0110	0.1527	0.9667	0.3771	0.8960	0.1221s	0.3579	0.9010	0.8950
1
0111	0.1500	0.9833	0.3875	0.8920	0.1219s	0.3677	0.8980	0.8918
2
0112	0.1377	0.9917	0.3961	0.8860	0.1214s	0.3751	0.8990	0.8928
3
0113	0.1442	0.9750	0.3934	0.8900	0.1225s	0.3707	0.8980	0.8921
4
0114	0.1522	0.9667	0.3893	0.8880	0.1223s	0.3654	0.9000	0.8944
5
0115	0.1603	0.9667	0.3805	0.9020	0.1224s	0.3558	0.8980	0.8922
6
0116	0.1463	0.9750	0.3771	0.9040	0.1222s	0.3508	0.9020	0.8965
7
0117	0.1359	0.9750	0.3750	0.9000	0.1225s	0.3489	0.9050	0.8998
8
0118	0.1079	0.9750	0.3748	0.9000	0.1220s	0.3507	0.9040	0.8987
9
0119	0.1621	0.9917	0.3746	0.9000	0.1218s	0.3536	0.9040	0.8986
10
0120	0.1265	0.9917	0.3777	0.9040	0.1222s	0.3577	0.8990	0.8933
11
0121	0.1479	0.9667	0.3786	0.9060	0.1216s	0.3577	0.8990	0.8933
12
0122	0.1405	1.0000	0.3763	0.9040	0.1229s	0.3537	0.9010	0.8953
0
0123	0.1353	0.9917	0.3720	0.9060	0.1220s	0.3473	0.9040	0.8987
1
0124	0.1282	0.9583	0.3748	0.9040	0.1216s	0.3484	0.9030	0.8975
0
0125	0.1586	0.9667	0.3804	0.9040	0.1224s	0.3524	0.9010	0.8952
1
0126	0.1313	0.9917	0.3895	0.8960	0.1220s	0.3596	0.9000	0.8941
2
0127	0.1486	0.9917	0.3914	0.8940	0.1222s	0.3616	0.8970	0.8910
3
0128	0.1417	0.9750	0.3855	0.9000	0.1223s	0.3585	0.9000	0.8943
4
0129	0.1288	0.9833	0.3801	0.9040	0.1226s	0.3566	0.8990	0.8932
5
0130	0.1258	0.9583	0.3747	0.9020	0.1222s	0.3555	0.8990	0.8926
6
0131	0.1428	0.9917	0.3715	0.9000	0.1221s	0.3562	0.9030	0.8971
7
0132	0.1610	0.9833	0.3681	0.9020	0.1222s	0.3575	0.9050	0.8998
8
0133	0.1514	0.9750	0.3713	0.9060	0.1222s	0.3608	0.9010	0.8959
9
0134	0.1228	0.9667	0.3719	0.9060	0.1221s	0.3603	0.9000	0.8946
0
0135	0.1303	0.9750	0.3710	0.9060	0.1225s	0.3574	0.9030	0.8978
0
0136	0.1363	0.9667	0.3699	0.9100	0.1222s	0.3557	0.9030	0.8977
0
0137	0.1605	0.9583	0.3640	0.9100	0.1247s	0.3504	0.9070	0.9015
0
0138	0.1351	0.9833	0.3624	0.9080	0.1224s	0.3484	0.9080	0.9025
0
0139	0.1325	0.9833	0.3611	0.9060	0.1220s	0.3475	0.9080	0.9024
0
0140	0.1347	0.9750	0.3598	0.9040	0.1221s	0.3466	0.9100	0.9047
0
0141	0.1444	0.9750	0.3620	0.9040	0.1224s	0.3492	0.9080	0.9025
0
0142	0.1370	0.9750	0.3681	0.9020	0.1225s	0.3552	0.9010	0.8952
1
0143	0.1536	0.9833	0.3713	0.9020	0.1224s	0.3592	0.9000	0.8942
2
0144	0.1468	0.9667	0.3696	0.8960	0.1222s	0.3595	0.8970	0.8910
3
0145	0.1563	0.9917	0.3604	0.8960	0.1072s	0.3522	0.9050	0.8995
4
0146	0.1240	0.9833	0.3549	0.9020	0.1053s	0.3463	0.9080	0.9027
5
0147	0.1272	0.9667	0.3518	0.9120	0.1197s	0.3424	0.9100	0.9047
0
0148	0.1336	0.9917	0.3514	0.9140	0.1225s	0.3393	0.9090	0.9039
0
0149	0.1296	0.9917	0.3529	0.9160	0.1222s	0.3375	0.9120	0.9076
0
0150	0.1359	0.9750	0.3606	0.9080	0.1227s	0.3438	0.9060	0.9010
0
0151	0.1599	1.0000	0.3689	0.9040	0.1220s	0.3501	0.8990	0.8936
1
0152	0.1433	0.9750	0.3779	0.9000	0.1249s	0.3586	0.8960	0.8901
2
0153	0.1620	0.9750	0.3760	0.8960	0.1225s	0.3586	0.8980	0.8923
3
0154	0.1477	0.9750	0.3707	0.9000	0.1222s	0.3553	0.9020	0.8960
4
0155	0.1370	0.9417	0.3636	0.9060	0.1232s	0.3504	0.9040	0.8983
5
0156	0.1349	0.9833	0.3604	0.9020	0.1225s	0.3486	0.9060	0.9012
6
0157	0.1507	0.9667	0.3601	0.9040	0.1252s	0.3493	0.9050	0.9005
7
0158	0.1253	0.9667	0.3610	0.9040	0.1223s	0.3509	0.9030	0.8986
8
0159	0.1432	0.9833	0.3611	0.9020	0.1224s	0.3493	0.9060	0.9010
9
0160	0.1387	0.9833	0.3626	0.9000	0.1221s	0.3483	0.9030	0.8978
10
0161	0.1207	0.9750	0.3707	0.9060	0.1222s	0.3533	0.8980	0.8927
11
0162	0.1310	0.9667	0.3816	0.8920	0.1223s	0.3626	0.8930	0.8878
12
0163	0.1529	0.9833	0.3834	0.8920	0.1219s	0.3620	0.8960	0.8905
13
0164	0.1397	0.9500	0.3801	0.8900	0.1221s	0.3590	0.8980	0.8918
14
0165	0.1358	1.0000	0.3709	0.8940	0.1219s	0.3522	0.9060	0.9006
15
0166	0.1325	0.9750	0.3655	0.9040	0.1218s	0.3497	0.9090	0.9032
16
0167	0.1478	0.9917	0.3647	0.9040	0.1224s	0.3520	0.9100	0.9045
17
0168	0.1353	0.9833	0.3630	0.9080	0.1222s	0.3518	0.9080	0.9034
18
0169	0.1187	0.9917	0.3630	0.9060	0.1221s	0.3507	0.9070	0.9024
19
0170	0.1363	0.9667	0.3718	0.9020	0.1229s	0.3545	0.9040	0.8996
20
0171	0.1367	0.9917	0.3827	0.9020	0.1218s	0.3609	0.9010	0.8961
21
0172	0.1348	1.0000	0.3884	0.9020	0.1211s	0.3643	0.8950	0.8897
22
0173	0.1409	0.9833	0.3852	0.9000	0.1238s	0.3598	0.8990	0.8938
23
0174	0.1217	0.9917	0.3869	0.9020	0.1225s	0.3607	0.9010	0.8957
24
0175	0.1461	0.9750	0.3855	0.9000	0.1220s	0.3589	0.9010	0.8954
25
0176	0.1353	0.9750	0.3807	0.8960	0.1168s	0.3567	0.9070	0.9014
26
0177	0.1298	0.9833	0.3822	0.8940	0.1223s	0.3617	0.9040	0.8979
27
0178	0.1488	0.9417	0.3858	0.8860	0.1225s	0.3678	0.9050	0.8992
28
0179	0.1371	0.9917	0.3868	0.8940	0.1228s	0.3692	0.9080	0.9021
29
0180	0.1333	0.9667	0.3810	0.9060	0.1219s	0.3611	0.9070	0.9013
30
0181	0.1296	0.9750	0.3792	0.9060	0.1220s	0.3568	0.9080	0.9031
31
0182	0.1245	0.9750	0.3806	0.9040	0.1229s	0.3532	0.9040	0.8992
32
0183	0.1551	0.9583	0.3883	0.9060	0.1222s	0.3578	0.9000	0.8949
33
0184	0.1382	0.9833	0.3945	0.9000	0.1218s	0.3645	0.8940	0.8890
34
0185	0.1327	0.9583	0.3950	0.8980	0.1240s	0.3657	0.8940	0.8890
35
0186	0.1424	0.9833	0.3903	0.8980	0.1223s	0.3618	0.8990	0.8938
36
0187	0.1300	0.9833	0.3900	0.8940	0.1227s	0.3625	0.9030	0.8975
37
0188	0.1238	0.9583	0.3897	0.8960	0.1264s	0.3621	0.9070	0.9011
38
0189	0.1294	0.9917	0.3924	0.8960	0.1223s	0.3626	0.9130	0.9074
39
0190	0.1551	0.9917	0.3995	0.8920	0.1220s	0.3666	0.9120	0.9065
40
0191	0.1666	0.9750	0.4020	0.8920	0.1222s	0.3657	0.9090	0.9032
41
0192	0.1255	0.9667	0.4057	0.8980	0.1050s	0.3664	0.9020	0.8957
42
0193	0.1329	0.9667	0.4084	0.8980	0.1216s	0.3679	0.8990	0.8926
43
0194	0.1296	0.9833	0.4069	0.9040	0.1222s	0.3669	0.9000	0.8942
44
0195	0.1268	0.9750	0.4008	0.9020	0.1228s	0.3643	0.8940	0.8887
45
0196	0.1475	0.9667	0.3907	0.9000	0.1223s	0.3569	0.8980	0.8931
46
0197	0.1323	0.9833	0.3808	0.9040	0.1223s	0.3495	0.9020	0.8972
47
0198	0.1387	0.9667	0.3779	0.9040	0.1225s	0.3490	0.9030	0.8975
48
0199	0.1359	0.9917	0.3795	0.9040	0.1220s	0.3504	0.9060	0.9006
49
0200	0.1680	0.9833	0.3830	0.9020	0.1211s	0.3517	0.9070	0.9016
50
0201	0.1544	0.9917	0.3861	0.9020	0.1219s	0.3525	0.9040	0.8981
51
0202	0.1384	0.9750	0.3853	0.9020	0.1220s	0.3513	0.9040	0.8980
52
0203	0.1261	1.0000	0.3822	0.9060	0.1225s	0.3489	0.9040	0.8979
53
0204	0.1286	1.0000	0.3773	0.9080	0.1224s	0.3443	0.9060	0.9006
54
0205	0.1600	0.9667	0.3768	0.9040	0.1219s	0.3436	0.9050	0.8998
55
0206	0.1570	0.9583	0.3767	0.9020	0.1225s	0.3441	0.9070	0.9019
56
0207	0.1569	0.9833	0.3819	0.9020	0.1219s	0.3499	0.9010	0.8953
57
0208	0.1350	1.0000	0.3847	0.9020	0.1226s	0.3539	0.9030	0.8973
58
0209	0.1416	0.9833	0.3848	0.9060	0.1220s	0.3555	0.9030	0.8972
59
0210	0.1360	0.9833	0.3834	0.9040	0.1223s	0.3561	0.9030	0.8972
60
0211	0.1270	0.9667	0.3787	0.9000	0.1220s	0.3536	0.9060	0.9002
61
0212	0.1199	0.9917	0.3765	0.9020	0.1217s	0.3532	0.9010	0.8954
62
0213	0.1181	0.9750	0.3728	0.9040	0.1219s	0.3499	0.9030	0.8975
63
0214	0.1167	0.9667	0.3699	0.9060	0.1219s	0.3460	0.9060	0.9008
64
0215	0.1262	0.9833	0.3701	0.9040	0.1225s	0.3462	0.9040	0.8989
65
0216	0.1200	0.9833	0.3727	0.9020	0.1232s	0.3499	0.9020	0.8967
66
0217	0.1441	0.9500	0.3806	0.8960	0.1224s	0.3599	0.9010	0.8953
67
0218	0.1335	0.9833	0.3902	0.8940	0.1222s	0.3696	0.8990	0.8931
68
0219	0.1366	0.9917	0.3924	0.8960	0.1226s	0.3705	0.8980	0.8916
69
0220	0.1351	0.9833	0.3885	0.8980	0.1222s	0.3652	0.9010	0.8949
70
0221	0.1307	0.9833	0.3805	0.9080	0.1231s	0.3548	0.9050	0.8993
71
0222	0.1298	1.0000	0.3763	0.9080	0.1222s	0.3480	0.9070	0.9015
72
0223	0.1151	1.0000	0.3744	0.9060	0.1224s	0.3427	0.9110	0.9064
73
0224	0.1485	0.9833	0.3750	0.9040	0.1219s	0.3424	0.9100	0.9053
74
0225	0.1559	0.9750	0.3746	0.9060	0.1220s	0.3443	0.9070	0.9018
75
0226	0.1267	1.0000	0.3773	0.9080	0.1233s	0.3513	0.9020	0.8962
76
0227	0.1235	0.9917	0.3869	0.9040	0.1224s	0.3649	0.8980	0.8918
77
0228	0.1365	0.9583	0.3940	0.8940	0.1225s	0.3734	0.8960	0.8897
78
0229	0.1330	0.9917	0.3961	0.8920	0.1218s	0.3754	0.9000	0.8938
79
0230	0.1310	0.9833	0.3872	0.8960	0.1220s	0.3653	0.9060	0.9004
80
0231	0.1357	0.9833	0.3770	0.9040	0.1220s	0.3509	0.9050	0.8996
81
0232	0.1291	0.9833	0.3716	0.9060	0.1219s	0.3412	0.9100	0.9051
82
0233	0.1262	0.9750	0.3698	0.9000	0.1223s	0.3357	0.9130	0.9087
83
0234	0.1610	0.9667	0.3696	0.9040	0.1220s	0.3340	0.9080	0.9032
84
0235	0.1598	0.9750	0.3713	0.9000	0.1222s	0.3369	0.9060	0.9006
85
0236	0.1477	0.9667	0.3738	0.9000	0.1223s	0.3429	0.9020	0.8965
86
0237	0.1377	0.9500	0.3763	0.9000	0.1222s	0.3488	0.9000	0.8941
87
0238	0.1312	0.9750	0.3802	0.8980	0.1222s	0.3549	0.8980	0.8919
88
0239	0.1328	0.9750	0.3853	0.8880	0.1220s	0.3614	0.8960	0.8900
89
0240	0.1343	0.9917	0.3784	0.8960	0.1236s	0.3547	0.8990	0.8932
90
0241	0.1440	0.9833	0.3687	0.9080	0.1195s	0.3429	0.9000	0.8947
91
0242	0.1099	0.9917	0.3649	0.9080	0.1218s	0.3353	0.9040	0.8992
92
0243	0.1245	0.9917	0.3666	0.9060	0.1221s	0.3340	0.9110	0.9068
93
0244	0.1304	0.9833	0.3705	0.9060	0.1220s	0.3359	0.9140	0.9099
94
0245	0.1392	0.9750	0.3738	0.9080	0.1262s	0.3394	0.9100	0.9052
95
0246	0.1446	0.9583	0.3753	0.9060	0.1225s	0.3401	0.9050	0.8995
96
0247	0.1146	0.9750	0.3781	0.9060	0.1221s	0.3419	0.9070	0.9019
97
0248	0.1511	0.9833	0.3791	0.9040	0.1218s	0.3416	0.9070	0.9021
98
0249	0.1279	0.9667	0.3778	0.9080	0.1216s	0.3397	0.9070	0.9021
99
0250	0.1197	0.9833	0.3783	0.9080	0.1219s	0.3404	0.9110	0.9062
100
0251	0.1145	0.9833	0.3800	0.9100	0.1227s	0.3425	0.9140	0.9091
101
0252	0.1487	0.9583	0.3807	0.9060	0.1223s	0.3431	0.9140	0.9089
102
0253	0.1184	0.9750	0.3854	0.8980	0.1222s	0.3464	0.9110	0.9054
103
0254	0.1503	0.9667	0.3904	0.9020	0.1219s	0.3503	0.9130	0.9075
104
0255	0.1312	0.9833	0.3988	0.9000	0.1222s	0.3567	0.9040	0.8977
105
0256	0.1368	0.9917	0.3996	0.9000	0.1220s	0.3562	0.9070	0.9014
106
0257	0.1370	0.9917	0.3964	0.8980	0.1220s	0.3504	0.9070	0.9016
107
0258	0.1294	1.0000	0.3952	0.8980	0.1246s	0.3474	0.9080	0.9028
108
0259	0.1322	0.9750	0.3926	0.9000	0.1225s	0.3459	0.9090	0.9041
109
0260	0.1466	0.9917	0.3890	0.9000	0.1222s	0.3452	0.9070	0.9021
110
0261	0.1210	0.9833	0.3823	0.9060	0.1221s	0.3415	0.9100	0.9054
111
0262	0.1295	0.9917	0.3787	0.9060	0.1211s	0.3406	0.9140	0.9098
112
0263	0.1429	0.9750	0.3779	0.9080	0.1219s	0.3421	0.9150	0.9106
113
0264	0.1494	0.9750	0.3819	0.8960	0.1221s	0.3483	0.9110	0.9056
114
0265	0.1211	0.9667	0.3857	0.9020	0.1218s	0.3531	0.9000	0.8947
115
0266	0.1448	0.9833	0.3893	0.8920	0.1223s	0.3570	0.8970	0.8918
116
0267	0.1354	1.0000	0.3890	0.8900	0.1222s	0.3563	0.8970	0.8920
117
0268	0.1258	0.9750	0.3890	0.8900	0.1219s	0.3577	0.8990	0.8938
118
0269	0.1299	0.9583	0.3941	0.8880	0.1089s	0.3648	0.9010	0.8955
119
0270	0.1232	1.0000	0.3954	0.8900	0.1223s	0.3681	0.9030	0.8972
120
0271	0.1299	0.9667	0.3929	0.8960	0.1217s	0.3670	0.9040	0.8983
121
0272	0.1495	0.9667	0.3912	0.9040	0.1225s	0.3652	0.9040	0.8985
122
0273	0.1254	0.9750	0.3906	0.9020	0.1234s	0.3625	0.9070	0.9016
123
0274	0.1381	0.9667	0.3890	0.8960	0.1046s	0.3600	0.9060	0.9006
124
0275	0.1279	1.0000	0.3884	0.8920	0.1221s	0.3593	0.9050	0.8996
125
0276	0.1338	0.9917	0.3945	0.8960	0.1227s	0.3640	0.8970	0.8915
126
0277	0.1338	0.9917	0.3996	0.8880	0.1223s	0.3688	0.8940	0.8889
127
0278	0.1410	0.9667	0.4024	0.8880	0.1223s	0.3706	0.8950	0.8903
128
0279	0.1257	0.9750	0.3991	0.8920	0.1222s	0.3655	0.8960	0.8911
129
0280	0.1328	0.9833	0.3978	0.8920	0.1226s	0.3630	0.8990	0.8940
130
0281	0.1545	0.9667	0.3897	0.8900	0.1231s	0.3545	0.9040	0.8990
131
0282	0.1227	0.9917	0.3875	0.8900	0.1218s	0.3523	0.9120	0.9074
132
0283	0.1456	0.9750	0.3882	0.8940	0.1217s	0.3532	0.9100	0.9055
133
0284	0.1397	0.9667	0.3946	0.8980	0.1223s	0.3599	0.9090	0.9042
134
0285	0.1575	0.9750	0.4021	0.8940	0.1228s	0.3673	0.9000	0.8943
135
0286	0.1279	0.9750	0.4051	0.8860	0.1219s	0.3717	0.8980	0.8922
136
0287	0.1371	0.9583	0.4078	0.8860	0.1222s	0.3762	0.8940	0.8882
137
0288	0.1552	0.9917	0.4164	0.8860	0.1222s	0.3838	0.8890	0.8833
138
0289	0.1328	0.9667	0.4195	0.8840	0.1219s	0.3840	0.8890	0.8833
139
0290	0.1523	0.9750	0.4089	0.8840	0.1220s	0.3708	0.9030	0.8978
140
0291	0.1422	1.0000	0.3992	0.8920	0.1226s	0.3585	0.9010	0.8960
141
0292	0.1248	0.9833	0.3898	0.8900	0.1222s	0.3484	0.9080	0.9036
142
0293	0.1398	0.9833	0.3836	0.8920	0.1221s	0.3437	0.9130	0.9086
143
0294	0.1367	0.9583	0.3807	0.8960	0.1221s	0.3445	0.9100	0.9052
144
0295	0.1205	0.9833	0.3824	0.9020	0.1224s	0.3494	0.9070	0.9015
145
0296	0.1498	0.9750	0.3898	0.8880	0.1231s	0.3581	0.9060	0.9004
146
0297	0.1325	0.9667	0.4021	0.8860	0.1217s	0.3714	0.9040	0.8983
147
0298	0.1161	1.0000	0.4057	0.8860	0.1226s	0.3761	0.8990	0.8929
148
0299	0.1505	0.9667	0.3947	0.8840	0.1222s	0.3671	0.9050	0.8998
149
0300	0.1225	0.9917	0.3883	0.8860	0.1219s	0.3606	0.9100	0.9054
150
0301	0.1454	0.9500	0.3874	0.8880	0.1220s	0.3573	0.9030	0.8979
151
0302	0.1228	0.9917	0.3915	0.8880	0.1222s	0.3588	0.9040	0.8990
152
0303	0.1517	0.9750	0.3921	0.8900	0.1218s	0.3580	0.9070	0.9020
153
0304	0.1400	0.9833	0.3865	0.8880	0.1218s	0.3546	0.9060	0.9007
154
0305	0.1206	0.9917	0.3817	0.8920	0.1224s	0.3530	0.9110	0.9061
155
0306	0.1573	0.9833	0.3822	0.8960	0.1218s	0.3540	0.9110	0.9064
156
0307	0.1317	0.9833	0.3825	0.8980	0.1223s	0.3556	0.9100	0.9051
157
0308	0.1468	0.9750	0.3830	0.8940	0.1223s	0.3568	0.9090	0.9038
158
0309	0.1246	0.9833	0.3834	0.8920	0.1221s	0.3573	0.9080	0.9029
159
0310	0.1410	0.9750	0.3827	0.8940	0.1226s	0.3563	0.9130	0.9084
160
0311	0.1487	0.9917	0.3811	0.8940	0.1232s	0.3537	0.9110	0.9065
161
0312	0.1269	0.9833	0.3834	0.8940	0.1216s	0.3547	0.9080	0.9032
162
0313	0.1226	0.9667	0.3812	0.8940	0.1221s	0.3517	0.9080	0.9032
163
0314	0.1260	0.9917	0.3781	0.8960	0.1218s	0.3481	0.9100	0.9053
164
0315	0.1440	0.9667	0.3756	0.9020	0.1222s	0.3459	0.9140	0.9095
165
0316	0.1401	0.9667	0.3811	0.8940	0.1218s	0.3518	0.9110	0.9066
166
0317	0.1222	0.9833	0.3937	0.8900	0.1044s	0.3639	0.9100	0.9049
167
0318	0.1473	0.9917	0.4081	0.8880	0.1221s	0.3762	0.9080	0.9019
168
0319	0.1411	0.9750	0.4158	0.8800	0.1232s	0.3815	0.9030	0.8966
169
0320	0.1520	0.9750	0.4111	0.8880	0.1226s	0.3764	0.9010	0.8948
170
0321	0.1158	0.9917	0.4040	0.8920	0.1221s	0.3694	0.9050	0.8994
171
0322	0.1306	0.9917	0.3963	0.8900	0.1222s	0.3622	0.9040	0.8985
172
0323	0.1349	0.9583	0.3880	0.8940	0.1223s	0.3562	0.9020	0.8960
173
0324	0.1322	0.9583	0.3845	0.8980	0.1216s	0.3561	0.9020	0.8967
174
0325	0.1466	0.9750	0.3855	0.9000	0.1221s	0.3604	0.9030	0.8982
175
0326	0.1311	0.9833	0.3873	0.8900	0.1223s	0.3648	0.9020	0.8972
176
0327	0.1309	0.9917	0.3931	0.8900	0.1231s	0.3714	0.9050	0.8997
177
0328	0.1335	1.0000	0.4018	0.8880	0.1219s	0.3797	0.9060	0.9001
178
0329	0.1468	0.9583	0.4110	0.8860	0.1223s	0.3870	0.9070	0.9011
179
0330	0.1293	0.9833	0.4133	0.8860	0.1225s	0.3875	0.9080	0.9018
180
0331	0.1413	0.9833	0.4061	0.8900	0.1217s	0.3797	0.9050	0.8989
181
0332	0.1306	0.9917	0.3971	0.8980	0.1219s	0.3705	0.9040	0.8979
182
0333	0.1392	0.9917	0.3943	0.8940	0.1225s	0.3656	0.9000	0.8943
183
0334	0.1112	0.9833	0.3948	0.8920	0.1261s	0.3636	0.9000	0.8941
184
0335	0.1284	1.0000	0.3958	0.8940	0.1224s	0.3628	0.9030	0.8973
185
0336	0.1314	0.9917	0.3975	0.8920	0.1221s	0.3637	0.8990	0.8929
186
0337	0.1472	0.9667	0.3942	0.8960	0.1218s	0.3615	0.9020	0.8961
187
0338	0.1316	0.9833	0.3905	0.9000	0.1224s	0.3595	0.9060	0.9003
188
0339	0.1260	0.9667	0.3912	0.9000	0.1221s	0.3616	0.9060	0.9003
189
0340	0.1176	0.9833	0.3952	0.8960	0.1102s	0.3662	0.9070	0.9010
190
0341	0.1437	0.9667	0.4008	0.8900	0.1203s	0.3710	0.9070	0.9009
191
0342	0.1501	0.9667	0.4027	0.8920	0.1221s	0.3716	0.9060	0.9000
192
0343	0.1404	0.9583	0.3982	0.8980	0.1217s	0.3657	0.9010	0.8946
193
0344	0.1282	0.9917	0.3972	0.8980	0.1046s	0.3634	0.9000	0.8941
194
0345	0.1615	0.9583	0.4055	0.8840	0.1197s	0.3699	0.8980	0.8920
195
0346	0.1353	0.9833	0.4077	0.8880	0.1226s	0.3709	0.8960	0.8898
196
0347	0.1205	0.9750	0.4083	0.8860	0.1225s	0.3711	0.8940	0.8875
197
0348	0.1245	0.9917	0.4031	0.8900	0.1221s	0.3666	0.8960	0.8899
198
0349	0.1560	0.9917	0.3995	0.8940	0.1220s	0.3630	0.9000	0.8940
199
Early stop! Min loss:0.35139134526252747,  Max accuracy:0.916
Early stop model validation loss:0.35139134526252747,  accuracy:0.914
Optimization Finished!
Total time elapsed: 42.9134s
test max acc:0.9150
Loading 147th epoch
stru_node_to_hop attention:tensor([[0.2543, 0.2504, 0.2481, 0.2472],
        [0.2498, 0.2501, 0.2501, 0.2501],
        [0.2504, 0.2503, 0.2497, 0.2496],
        [0.2492, 0.2516, 0.2497, 0.2494],
        [0.2496, 0.2497, 0.2503, 0.2504],
        [0.2522, 0.2499, 0.2491, 0.2488],
        [0.2497, 0.2500, 0.2502, 0.2501],
        [0.2493, 0.2505, 0.2501, 0.2500],
        [0.2495, 0.2506, 0.2500, 0.2499],
        [0.2498, 0.2503, 0.2501, 0.2499],
        [0.2497, 0.2501, 0.2501, 0.2501],
        [0.2494, 0.2504, 0.2502, 0.2501],
        [0.2499, 0.2501, 0.2500, 0.2500],
        [0.2511, 0.2503, 0.2494, 0.2491],
        [0.2500, 0.2501, 0.2500, 0.2498],
        [0.2498, 0.2508, 0.2500, 0.2495],
        [0.2493, 0.2505, 0.2502, 0.2500],
        [0.2482, 0.2514, 0.2504, 0.2500],
        [0.2501, 0.2500, 0.2500, 0.2500],
        [0.2486, 0.2508, 0.2504, 0.2502],
        [0.2500, 0.2500, 0.2500, 0.2500],
        [0.2492, 0.2507, 0.2501, 0.2500],
        [0.2498, 0.2500, 0.2501, 0.2501],
        [0.2483, 0.2508, 0.2505, 0.2505],
        [0.2502, 0.2499, 0.2499, 0.2500],
        [0.2492, 0.2506, 0.2502, 0.2500],
        [0.2501, 0.2500, 0.2500, 0.2500],
        [0.2488, 0.2507, 0.2503, 0.2502],
        [0.2499, 0.2500, 0.2500, 0.2501],
        [0.2494, 0.2505, 0.2501, 0.2500],
        [0.2472, 0.2513, 0.2508, 0.2506],
        [0.2486, 0.2507, 0.2505, 0.2502],
        [0.2502, 0.2502, 0.2499, 0.2498],
        [0.2493, 0.2504, 0.2502, 0.2501],
        [0.2485, 0.2503, 0.2506, 0.2506],
        [0.2493, 0.2503, 0.2502, 0.2502],
        [0.2496, 0.2503, 0.2501, 0.2500],
        [0.2474, 0.2509, 0.2508, 0.2508],
        [0.2482, 0.2509, 0.2505, 0.2504],
        [0.2502, 0.2499, 0.2499, 0.2500],
        [0.2503, 0.2499, 0.2499, 0.2499],
        [0.2491, 0.2506, 0.2501, 0.2501],
        [0.2482, 0.2510, 0.2504, 0.2504],
        [0.2497, 0.2502, 0.2501, 0.2500],
        [0.2476, 0.2511, 0.2507, 0.2506],
        [0.1811, 0.2074, 0.2718, 0.3397],
        [0.2494, 0.2505, 0.2501, 0.2500],
        [0.2493, 0.2507, 0.2501, 0.2499],
        [0.2475, 0.2512, 0.2507, 0.2506],
        [0.2501, 0.2499, 0.2500, 0.2500],
        [0.2491, 0.2508, 0.2501, 0.2500],
        [0.2505, 0.2497, 0.2499, 0.2499],
        [0.2501, 0.2500, 0.2500, 0.2500],
        [0.2503, 0.2500, 0.2499, 0.2498],
        [0.2476, 0.2511, 0.2507, 0.2506],
        [0.2494, 0.2504, 0.2501, 0.2501],
        [0.2493, 0.2511, 0.2499, 0.2497],
        [0.2496, 0.2501, 0.2502, 0.2502],
        [0.2488, 0.2513, 0.2502, 0.2497],
        [0.2486, 0.2513, 0.2502, 0.2498],
        [0.2511, 0.2496, 0.2496, 0.2496],
        [0.2496, 0.2505, 0.2500, 0.2499],
        [0.2493, 0.2508, 0.2500, 0.2498],
        [0.2503, 0.2500, 0.2498, 0.2499],
        [0.2500, 0.2500, 0.2500, 0.2500],
        [0.2506, 0.2496, 0.2499, 0.2499],
        [0.2481, 0.2518, 0.2503, 0.2498],
        [0.2471, 0.2504, 0.2512, 0.2513],
        [0.2500, 0.2500, 0.2500, 0.2500],
        [0.2500, 0.2502, 0.2500, 0.2498],
        [0.2476, 0.2517, 0.2504, 0.2503],
        [0.2490, 0.2502, 0.2504, 0.2505],
        [0.2485, 0.2507, 0.2505, 0.2502],
        [0.2491, 0.2512, 0.2500, 0.2497],
        [0.2506, 0.2497, 0.2498, 0.2499],
        [0.2488, 0.2506, 0.2504, 0.2502],
        [0.2499, 0.2508, 0.2498, 0.2495],
        [0.2505, 0.2500, 0.2497, 0.2498],
        [0.2484, 0.2507, 0.2505, 0.2504],
        [0.2494, 0.2503, 0.2501, 0.2502],
        [0.2514, 0.2497, 0.2496, 0.2492],
        [0.2492, 0.2510, 0.2500, 0.2497],
        [0.2502, 0.2501, 0.2499, 0.2498],
        [0.2507, 0.2498, 0.2498, 0.2498],
        [0.2498, 0.2502, 0.2500, 0.2500],
        [0.2497, 0.2501, 0.2501, 0.2501],
        [0.2488, 0.2504, 0.2504, 0.2504],
        [0.2485, 0.2508, 0.2504, 0.2503],
        [0.2487, 0.2511, 0.2502, 0.2500],
        [0.2506, 0.2497, 0.2499, 0.2497],
        [0.2475, 0.2510, 0.2507, 0.2507],
        [0.2500, 0.2500, 0.2500, 0.2500],
        [0.2490, 0.2504, 0.2503, 0.2503],
        [0.2492, 0.2504, 0.2502, 0.2501],
        [0.2501, 0.2500, 0.2499, 0.2500],
        [0.2501, 0.2499, 0.2500, 0.2500],
        [0.2496, 0.2503, 0.2501, 0.2500],
        [0.2498, 0.2500, 0.2501, 0.2501],
        [0.2486, 0.2510, 0.2503, 0.2501],
        [0.2493, 0.2505, 0.2502, 0.2500]], device='cuda:1')
fea_node_to_hop attention:tensor([[0.3309, 0.3338, 0.3353],
        [0.3326, 0.3337, 0.3337],
        [0.3334, 0.3326, 0.3340],
        [0.3299, 0.3347, 0.3354],
        [0.3305, 0.3351, 0.3344],
        [0.3326, 0.3331, 0.3343],
        [0.3328, 0.3318, 0.3353],
        [0.3323, 0.3335, 0.3342],
        [0.3289, 0.3353, 0.3358],
        [0.3313, 0.3333, 0.3355],
        [0.3330, 0.3334, 0.3336],
        [0.3326, 0.3334, 0.3340],
        [0.3330, 0.3335, 0.3335],
        [0.3330, 0.3324, 0.3346],
        [0.3284, 0.3353, 0.3363],
        [0.3294, 0.3351, 0.3355],
        [0.3315, 0.3333, 0.3351],
        [0.3313, 0.3341, 0.3346],
        [0.3334, 0.3332, 0.3334],
        [0.3279, 0.3354, 0.3367],
        [0.3332, 0.3334, 0.3334],
        [0.3324, 0.3339, 0.3337],
        [0.3315, 0.3338, 0.3348],
        [0.3317, 0.3339, 0.3344],
        [0.3338, 0.3334, 0.3328],
        [0.3294, 0.3347, 0.3359],
        [0.3330, 0.3333, 0.3337],
        [0.3319, 0.3333, 0.3348],
        [0.3316, 0.3338, 0.3345],
        [0.3325, 0.3334, 0.3341],
        [0.3293, 0.3345, 0.3362],
        [0.3313, 0.3335, 0.3352],
        [0.3337, 0.3327, 0.3336],
        [0.3316, 0.3337, 0.3347],
        [0.3322, 0.3341, 0.3337],
        [0.3308, 0.3340, 0.3352],
        [0.3325, 0.3337, 0.3338],
        [0.3319, 0.3339, 0.3342],
        [0.3317, 0.3336, 0.3347],
        [0.3320, 0.3336, 0.3343],
        [0.3330, 0.3333, 0.3337],
        [0.3300, 0.3356, 0.3344],
        [0.3310, 0.3342, 0.3348],
        [0.3332, 0.3333, 0.3335],
        [0.3328, 0.3335, 0.3337],
        [0.2988, 0.3834, 0.3178],
        [0.3326, 0.3333, 0.3341],
        [0.3300, 0.3344, 0.3356],
        [0.3299, 0.3339, 0.3362],
        [0.3324, 0.3337, 0.3339],
        [0.3329, 0.3333, 0.3338],
        [0.3334, 0.3332, 0.3335],
        [0.3335, 0.3332, 0.3332],
        [0.3325, 0.3328, 0.3347],
        [0.3335, 0.3322, 0.3343],
        [0.3288, 0.3360, 0.3353],
        [0.3310, 0.3339, 0.3351],
        [0.3308, 0.3346, 0.3346],
        [0.3326, 0.3326, 0.3348],
        [0.3329, 0.3326, 0.3346],
        [0.3347, 0.3322, 0.3331],
        [0.3310, 0.3341, 0.3349],
        [0.3315, 0.3338, 0.3347],
        [0.3333, 0.3334, 0.3334],
        [0.3332, 0.3334, 0.3334],
        [0.3323, 0.3336, 0.3341],
        [0.3317, 0.3337, 0.3346],
        [0.3294, 0.3352, 0.3354],
        [0.3335, 0.3332, 0.3333],
        [0.3296, 0.3345, 0.3359],
        [0.3293, 0.3346, 0.3360],
        [0.3316, 0.3336, 0.3348],
        [0.3312, 0.3337, 0.3351],
        [0.3289, 0.3345, 0.3366],
        [0.3347, 0.3326, 0.3327],
        [0.3300, 0.3339, 0.3361],
        [0.3302, 0.3348, 0.3350],
        [0.3307, 0.3339, 0.3354],
        [0.3302, 0.3348, 0.3350],
        [0.3322, 0.3337, 0.3342],
        [0.3318, 0.3348, 0.3334],
        [0.3288, 0.3359, 0.3354],
        [0.3317, 0.3339, 0.3344],
        [0.3340, 0.3332, 0.3328],
        [0.3320, 0.3342, 0.3338],
        [0.3325, 0.3342, 0.3333],
        [0.3317, 0.3346, 0.3336],
        [0.3315, 0.3338, 0.3347],
        [0.3306, 0.3343, 0.3352],
        [0.3302, 0.3347, 0.3351],
        [0.3294, 0.3357, 0.3349],
        [0.3336, 0.3333, 0.3331],
        [0.3308, 0.3346, 0.3346],
        [0.3311, 0.3347, 0.3342],
        [0.3345, 0.3326, 0.3329],
        [0.3334, 0.3333, 0.3333],
        [0.3326, 0.3337, 0.3337],
        [0.3308, 0.3354, 0.3338],
        [0.3322, 0.3334, 0.3344],
        [0.3325, 0.3340, 0.3335]], device='cuda:1')
perception attention:tensor([0.5000, 0.5000], device='cuda:1')
Test set results: loss= 0.3393 accuracy= 0.9090 F1_score= 0.9039
