# epoch	loss_train	acc_train	loss_val	acc_val	time	acc_test	f1_test
0001	1.7962	0.1833	1.6897	0.3940	0.1215s	1.6769	0.4150	0.3063
0
0002	1.6878	0.3917	1.5397	0.4180	0.1220s	1.5111	0.4540	0.3503
0
0003	1.5460	0.5000	1.3711	0.5620	0.1229s	1.3436	0.5880	0.4909
0
0004	1.3420	0.5583	1.1756	0.7700	0.1205s	1.1565	0.7610	0.7350
0
0005	1.1683	0.7917	0.9982	0.8500	0.1218s	0.9850	0.8660	0.8572
0
0006	0.9669	0.8667	0.8623	0.8640	0.1204s	0.8510	0.8520	0.8454
0
0007	0.8333	0.8333	0.7467	0.8620	0.1244s	0.7328	0.8590	0.8516
0
0008	0.7031	0.9000	0.6496	0.8700	0.1226s	0.6313	0.8650	0.8564
0
0009	0.5874	0.8667	0.5732	0.8800	0.1171s	0.5513	0.8730	0.8644
0
0010	0.5357	0.8917	0.5151	0.8920	0.1046s	0.4928	0.8860	0.8770
0
0011	0.4512	0.8667	0.4682	0.8920	0.1038s	0.4453	0.8990	0.8918
0
0012	0.4277	0.9167	0.4318	0.8960	0.1221s	0.4065	0.8980	0.8913
0
0013	0.3852	0.9083	0.4080	0.9000	0.1224s	0.3792	0.8990	0.8927
0
0014	0.3254	0.9500	0.4054	0.8820	0.1225s	0.3728	0.8920	0.8862
0
0015	0.3049	0.9500	0.4038	0.8740	0.1221s	0.3691	0.8920	0.8864
0
0016	0.2861	0.9750	0.3972	0.8940	0.1221s	0.3594	0.8880	0.8806
0
0017	0.2594	0.9583	0.3922	0.8940	0.1225s	0.3529	0.8910	0.8840
0
0018	0.2554	0.9750	0.3885	0.8920	0.1224s	0.3502	0.9010	0.8944
0
0019	0.2471	0.9583	0.3853	0.8940	0.1219s	0.3494	0.9000	0.8934
0
0020	0.2181	0.9833	0.3807	0.8900	0.1201s	0.3468	0.8970	0.8904
0
0021	0.1783	0.9750	0.3787	0.8920	0.1221s	0.3451	0.8970	0.8906
0
0022	0.2195	0.9583	0.3776	0.8980	0.1064s	0.3440	0.8960	0.8898
0
0023	0.2059	0.9667	0.3796	0.9000	0.1058s	0.3443	0.8950	0.8883
0
0024	0.1837	0.9917	0.3865	0.8980	0.1110s	0.3503	0.8900	0.8833
0
0025	0.1745	0.9583	0.3989	0.9040	0.1042s	0.3626	0.8910	0.8841
1
0026	0.1682	0.9583	0.4085	0.8920	0.1230s	0.3716	0.8900	0.8828
0
0027	0.1901	0.9833	0.4066	0.8980	0.1075s	0.3704	0.8910	0.8841
1
0028	0.1546	0.9667	0.4050	0.8900	0.1043s	0.3708	0.8920	0.8854
2
0029	0.1927	0.9583	0.3983	0.8920	0.1206s	0.3655	0.8870	0.8807
3
0030	0.1822	0.9833	0.3954	0.8960	0.1219s	0.3623	0.8900	0.8834
4
0031	0.1596	0.9833	0.3944	0.9020	0.1222s	0.3604	0.8890	0.8826
5
0032	0.1611	0.9917	0.3970	0.9020	0.1218s	0.3629	0.8900	0.8836
6
0033	0.2002	0.9667	0.4000	0.9000	0.1238s	0.3673	0.8920	0.8857
7
0034	0.1570	0.9333	0.4034	0.8940	0.1227s	0.3714	0.8940	0.8875
8
0035	0.1553	0.9500	0.4084	0.8920	0.1220s	0.3759	0.8940	0.8876
9
0036	0.1736	0.9500	0.4090	0.8860	0.1225s	0.3756	0.8930	0.8860
10
0037	0.1612	0.9917	0.4118	0.8780	0.1226s	0.3776	0.8880	0.8802
11
0038	0.1429	0.9833	0.4126	0.8820	0.1219s	0.3776	0.8840	0.8760
12
0039	0.1697	0.9417	0.4120	0.8800	0.1218s	0.3781	0.8840	0.8761
13
0040	0.1703	0.9667	0.4086	0.8760	0.1223s	0.3766	0.8850	0.8772
14
0041	0.1612	0.9750	0.3978	0.8840	0.1228s	0.3687	0.8870	0.8800
15
0042	0.1732	0.9917	0.3874	0.8980	0.1218s	0.3609	0.8870	0.8798
16
0043	0.1732	0.9750	0.3841	0.8940	0.1220s	0.3607	0.8930	0.8871
17
0044	0.1749	0.9833	0.3860	0.8960	0.1222s	0.3645	0.8910	0.8853
18
0045	0.1510	0.9833	0.3918	0.8960	0.1224s	0.3718	0.8940	0.8884
19
0046	0.1851	0.9583	0.3949	0.8860	0.1213s	0.3754	0.8990	0.8934
20
0047	0.1657	0.9750	0.3917	0.8820	0.1226s	0.3731	0.8950	0.8885
21
0048	0.1680	0.9667	0.3948	0.8880	0.1208s	0.3758	0.8870	0.8790
22
0049	0.1625	0.9833	0.3919	0.8880	0.1205s	0.3733	0.8880	0.8801
23
0050	0.1504	0.9750	0.3915	0.8880	0.1228s	0.3733	0.8820	0.8747
24
0051	0.1766	0.9417	0.3874	0.8900	0.1224s	0.3696	0.8860	0.8789
25
0052	0.1463	0.9750	0.3827	0.8880	0.1220s	0.3653	0.8910	0.8846
26
0053	0.1606	0.9917	0.3821	0.8920	0.1219s	0.3648	0.8940	0.8873
27
0054	0.1677	0.9583	0.3867	0.8940	0.1141s	0.3683	0.8920	0.8854
28
0055	0.1597	0.9750	0.3895	0.8920	0.1229s	0.3717	0.8880	0.8809
29
0056	0.1608	0.9833	0.3911	0.8880	0.1223s	0.3747	0.8890	0.8820
30
0057	0.1589	1.0000	0.3923	0.8840	0.1225s	0.3771	0.8930	0.8863
31
0058	0.1599	0.9833	0.3931	0.8840	0.1222s	0.3775	0.8940	0.8869
32
0059	0.1496	0.9833	0.3919	0.8880	0.1053s	0.3752	0.8900	0.8827
33
0060	0.1446	0.9917	0.3900	0.8900	0.1217s	0.3718	0.8880	0.8806
34
0061	0.1498	0.9833	0.3862	0.8920	0.1220s	0.3662	0.8870	0.8796
35
0062	0.1591	0.9583	0.3813	0.8940	0.1222s	0.3586	0.8930	0.8864
36
0063	0.1446	0.9750	0.3765	0.9000	0.1219s	0.3512	0.8960	0.8899
37
0064	0.1359	0.9750	0.3708	0.8980	0.1223s	0.3437	0.8970	0.8911
0
0065	0.1587	0.9917	0.3651	0.9060	0.1061s	0.3394	0.9000	0.8944
0
0066	0.1701	0.9500	0.3671	0.9020	0.1195s	0.3437	0.8980	0.8922
0
0067	0.1551	0.9917	0.3763	0.8960	0.1221s	0.3544	0.8950	0.8887
1
0068	0.1455	0.9750	0.3866	0.8880	0.1217s	0.3644	0.8940	0.8876
2
0069	0.1420	0.9917	0.3954	0.8900	0.1223s	0.3711	0.8910	0.8840
3
0070	0.1498	0.9667	0.3911	0.8920	0.1223s	0.3652	0.8920	0.8851
4
0071	0.1443	0.9917	0.3778	0.8960	0.1175s	0.3502	0.8980	0.8916
5
0072	0.1600	0.9917	0.3710	0.9020	0.1223s	0.3408	0.8980	0.8919
6
0073	0.1439	0.9917	0.3675	0.9000	0.1205s	0.3349	0.9020	0.8963
7
0074	0.1433	0.9833	0.3669	0.9020	0.1219s	0.3330	0.9030	0.8974
8
0075	0.1361	0.9833	0.3651	0.9040	0.1052s	0.3320	0.9000	0.8945
9
0076	0.1479	0.9833	0.3661	0.9040	0.1198s	0.3371	0.9000	0.8943
10
0077	0.1296	0.9917	0.3728	0.8980	0.1223s	0.3459	0.8990	0.8931
11
0078	0.1479	0.9750	0.3870	0.8920	0.1222s	0.3603	0.8980	0.8916
12
0079	0.1468	0.9750	0.3984	0.8880	0.1222s	0.3711	0.8930	0.8856
13
0080	0.1691	0.9750	0.3962	0.8900	0.1220s	0.3692	0.8930	0.8860
14
0081	0.1532	0.9917	0.3844	0.8920	0.1218s	0.3577	0.8970	0.8906
15
0082	0.1465	1.0000	0.3766	0.9000	0.1217s	0.3489	0.8950	0.8881
16
0083	0.1537	0.9667	0.3739	0.9000	0.1223s	0.3461	0.8970	0.8905
17
0084	0.1621	0.9833	0.3684	0.8980	0.1213s	0.3399	0.8990	0.8929
18
0085	0.1389	0.9500	0.3674	0.9060	0.1043s	0.3402	0.9010	0.8949
19
0086	0.1413	0.9583	0.3690	0.9040	0.1195s	0.3433	0.9000	0.8937
0
0087	0.1436	0.9917	0.3737	0.9000	0.1224s	0.3507	0.8990	0.8929
1
0088	0.1405	0.9417	0.3878	0.8920	0.1224s	0.3642	0.8980	0.8916
2
0089	0.1387	0.9833	0.4034	0.8900	0.1221s	0.3783	0.8930	0.8856
3
0090	0.1472	0.9750	0.4083	0.8900	0.1198s	0.3822	0.8890	0.8817
4
0091	0.1434	0.9833	0.4022	0.8920	0.1224s	0.3776	0.8930	0.8858
5
0092	0.1603	0.9667	0.3900	0.8880	0.1074s	0.3632	0.8970	0.8905
6
0093	0.1638	0.9917	0.3801	0.8960	0.1221s	0.3496	0.8990	0.8930
7
0094	0.1334	0.9917	0.3757	0.9020	0.1193s	0.3411	0.9000	0.8938
8
0095	0.1590	0.9750	0.3763	0.9020	0.1047s	0.3390	0.9020	0.8961
9
0096	0.1383	0.9583	0.3776	0.9000	0.1216s	0.3404	0.9020	0.8962
10
0097	0.1606	1.0000	0.3791	0.9000	0.1233s	0.3446	0.9010	0.8950
11
0098	0.1451	0.9917	0.3797	0.8920	0.1221s	0.3509	0.9020	0.8958
12
0099	0.1526	0.9583	0.3890	0.8940	0.1216s	0.3652	0.8980	0.8909
13
0100	0.1307	0.9833	0.4020	0.8900	0.1046s	0.3784	0.8960	0.8888
14
0101	0.1434	0.9583	0.4065	0.8880	0.1223s	0.3826	0.8990	0.8925
15
0102	0.1438	1.0000	0.3938	0.8940	0.1218s	0.3699	0.8970	0.8907
16
0103	0.1510	0.9833	0.3798	0.9040	0.1224s	0.3539	0.8990	0.8931
17
0104	0.1530	0.9917	0.3682	0.9080	0.1051s	0.3396	0.9040	0.8985
18
0105	0.1399	0.9667	0.3636	0.9060	0.1217s	0.3319	0.9080	0.9028
0
0106	0.1355	0.9833	0.3655	0.9080	0.1223s	0.3310	0.9050	0.8992
0
0107	0.1472	0.9750	0.3707	0.9060	0.1051s	0.3369	0.9030	0.8970
0
0108	0.1374	0.9833	0.3756	0.9020	0.1213s	0.3437	0.9030	0.8967
1
0109	0.1255	0.9833	0.3770	0.8980	0.1211s	0.3478	0.9050	0.8990
2
0110	0.1419	0.9833	0.3752	0.9000	0.1224s	0.3470	0.9030	0.8970
3
0111	0.1599	0.9917	0.3736	0.9060	0.1222s	0.3455	0.9030	0.8974
4
0112	0.1215	0.9917	0.3726	0.9120	0.1221s	0.3449	0.9060	0.9009
5
0113	0.1400	0.9917	0.3727	0.9120	0.1215s	0.3448	0.9060	0.9009
0
0114	0.1397	0.9750	0.3720	0.9120	0.1223s	0.3438	0.9020	0.8970
0
0115	0.1255	0.9917	0.3709	0.9120	0.1068s	0.3441	0.9020	0.8967
0
0116	0.1408	0.9750	0.3740	0.9060	0.1219s	0.3485	0.9010	0.8955
0
0117	0.1327	0.9667	0.3783	0.9020	0.1217s	0.3527	0.9010	0.8955
1
0118	0.1442	1.0000	0.3809	0.9020	0.1223s	0.3551	0.9010	0.8954
2
0119	0.1476	0.9750	0.3803	0.9020	0.1215s	0.3548	0.9000	0.8940
3
0120	0.1836	0.9750	0.3785	0.9040	0.1203s	0.3535	0.9040	0.8981
4
0121	0.1466	0.9833	0.3824	0.9040	0.1221s	0.3578	0.9070	0.9015
5
0122	0.1576	0.9833	0.3865	0.9020	0.1221s	0.3629	0.9010	0.8955
6
0123	0.1477	0.9500	0.3903	0.9040	0.1226s	0.3658	0.9000	0.8946
7
0124	0.1376	0.9750	0.3889	0.9060	0.1222s	0.3621	0.9020	0.8966
8
0125	0.1391	0.9833	0.3929	0.9040	0.1107s	0.3632	0.9020	0.8963
9
0126	0.1250	0.9917	0.3943	0.8980	0.1218s	0.3631	0.8960	0.8903
10
0127	0.1474	0.9583	0.3927	0.8960	0.1223s	0.3603	0.8950	0.8892
11
0128	0.1498	0.9750	0.3837	0.9060	0.1224s	0.3522	0.8990	0.8931
12
0129	0.1308	0.9750	0.3791	0.9020	0.1219s	0.3473	0.9060	0.9008
13
0130	0.1501	0.9667	0.3768	0.9020	0.1042s	0.3445	0.9080	0.9030
14
0131	0.1497	0.9750	0.3768	0.9040	0.1195s	0.3447	0.9100	0.9052
15
0132	0.1307	0.9917	0.3789	0.9040	0.1175s	0.3472	0.9100	0.9050
16
0133	0.1322	0.9917	0.3832	0.9040	0.1128s	0.3507	0.9070	0.9021
17
0134	0.1317	0.9750	0.3924	0.8980	0.1222s	0.3581	0.9040	0.8983
18
0135	0.1424	0.9667	0.4022	0.8920	0.1220s	0.3672	0.8970	0.8908
19
0136	0.1556	0.9917	0.4076	0.8900	0.1220s	0.3729	0.8930	0.8864
20
0137	0.1495	0.9917	0.4009	0.8900	0.1224s	0.3681	0.8990	0.8930
21
0138	0.1229	0.9833	0.3913	0.8940	0.1222s	0.3604	0.9060	0.9006
22
0139	0.1344	0.9833	0.3803	0.9000	0.1234s	0.3509	0.9070	0.9017
23
0140	0.1455	0.9833	0.3745	0.9020	0.1218s	0.3443	0.9090	0.9040
24
0141	0.1420	0.9667	0.3721	0.9060	0.1214s	0.3409	0.9110	0.9064
25
0142	0.1790	0.9667	0.3720	0.9060	0.1223s	0.3393	0.9140	0.9097
26
0143	0.1380	0.9750	0.3756	0.9040	0.1225s	0.3429	0.9110	0.9063
27
0144	0.1432	0.9833	0.3843	0.9000	0.1219s	0.3525	0.9040	0.8986
28
0145	0.1259	0.9917	0.4005	0.8900	0.1222s	0.3674	0.8970	0.8903
29
0146	0.1276	0.9750	0.4118	0.8840	0.1224s	0.3773	0.8950	0.8877
30
0147	0.1305	0.9750	0.4111	0.8840	0.1221s	0.3758	0.8950	0.8878
31
0148	0.1499	0.9833	0.3945	0.8920	0.1220s	0.3613	0.9040	0.8986
32
0149	0.1271	0.9667	0.3823	0.9000	0.1215s	0.3501	0.9080	0.9028
33
0150	0.1531	0.9833	0.3753	0.9080	0.1228s	0.3424	0.9100	0.9052
34
0151	0.1281	0.9750	0.3707	0.9060	0.1221s	0.3373	0.9110	0.9064
35
0152	0.1422	0.9917	0.3716	0.9060	0.1221s	0.3380	0.9120	0.9078
36
0153	0.1321	0.9750	0.3748	0.9080	0.1223s	0.3424	0.9100	0.9055
37
0154	0.1309	0.9667	0.3818	0.9000	0.1227s	0.3506	0.9070	0.9021
38
0155	0.1331	0.9833	0.3884	0.8960	0.1219s	0.3593	0.9040	0.8989
39
0156	0.1387	0.9750	0.3994	0.8840	0.1205s	0.3713	0.8970	0.8909
40
0157	0.1434	0.9667	0.4029	0.8860	0.1222s	0.3768	0.8920	0.8853
41
0158	0.1338	0.9667	0.3993	0.8880	0.1222s	0.3758	0.8950	0.8883
42
0159	0.1277	1.0000	0.3905	0.8920	0.1225s	0.3682	0.9020	0.8961
43
0160	0.1474	0.9750	0.3896	0.8880	0.1221s	0.3669	0.9060	0.9007
44
0161	0.1274	0.9833	0.3877	0.8980	0.1223s	0.3633	0.9040	0.8989
45
0162	0.1421	0.9750	0.3857	0.8960	0.1221s	0.3593	0.9010	0.8961
46
0163	0.1323	0.9833	0.3828	0.9000	0.1222s	0.3569	0.9020	0.8971
47
0164	0.1271	0.9833	0.3801	0.9040	0.1224s	0.3551	0.9060	0.9007
48
0165	0.1283	0.9833	0.3845	0.9000	0.1225s	0.3610	0.9020	0.8964
49
0166	0.1644	0.9500	0.3845	0.9000	0.1219s	0.3647	0.8980	0.8919
50
0167	0.1330	0.9667	0.3889	0.8980	0.1212s	0.3730	0.8980	0.8920
51
0168	0.1426	0.9917	0.3888	0.8980	0.1219s	0.3758	0.9010	0.8948
52
0169	0.1357	0.9667	0.3853	0.8980	0.1220s	0.3750	0.9040	0.8982
53
0170	0.1302	0.9667	0.3788	0.9020	0.1218s	0.3690	0.9030	0.8976
54
0171	0.1442	0.9750	0.3723	0.9080	0.1224s	0.3598	0.9070	0.9023
55
0172	0.1173	0.9667	0.3691	0.9080	0.1222s	0.3535	0.9070	0.9022
56
0173	0.1380	0.9833	0.3716	0.9020	0.1054s	0.3536	0.9060	0.9014
57
0174	0.1190	1.0000	0.3726	0.9080	0.1222s	0.3553	0.9040	0.8990
58
0175	0.1260	0.9667	0.3719	0.9040	0.1218s	0.3579	0.9060	0.9008
59
0176	0.1225	0.9833	0.3771	0.9080	0.1219s	0.3668	0.9040	0.8983
60
0177	0.1085	0.9917	0.3805	0.9000	0.1224s	0.3747	0.9000	0.8940
61
0178	0.1261	1.0000	0.3838	0.8900	0.1222s	0.3820	0.9010	0.8947
62
0179	0.1193	0.9833	0.3814	0.8940	0.1216s	0.3829	0.9030	0.8968
63
0180	0.1281	1.0000	0.3733	0.9020	0.1226s	0.3754	0.9030	0.8973
64
0181	0.1450	0.9917	0.3684	0.9080	0.1224s	0.3695	0.9020	0.8963
65
0182	0.1446	0.9833	0.3643	0.9080	0.1046s	0.3644	0.9090	0.9039
66
0183	0.1300	0.9583	0.3632	0.9080	0.1222s	0.3608	0.9080	0.9028
67
0184	0.1149	0.9667	0.3659	0.9040	0.1226s	0.3610	0.9110	0.9059
0
0185	0.1442	0.9667	0.3716	0.9060	0.1218s	0.3655	0.9100	0.9047
1
0186	0.1177	0.9667	0.3771	0.9060	0.1221s	0.3709	0.9100	0.9047
2
0187	0.1336	0.9917	0.3828	0.8980	0.1222s	0.3764	0.9050	0.8992
3
0188	0.1299	1.0000	0.3826	0.9020	0.1220s	0.3759	0.9000	0.8942
4
0189	0.1278	0.9917	0.3815	0.9040	0.1053s	0.3752	0.9000	0.8947
5
0190	0.1268	0.9750	0.3781	0.9020	0.1222s	0.3740	0.9020	0.8972
6
0191	0.1203	0.9750	0.3703	0.9080	0.1224s	0.3694	0.9060	0.9013
7
0192	0.1359	0.9917	0.3662	0.9120	0.1223s	0.3667	0.9070	0.9027
8
0193	0.1413	0.9750	0.3620	0.9100	0.1225s	0.3614	0.9100	0.9057
0
0194	0.1414	0.9583	0.3615	0.9120	0.1222s	0.3564	0.9150	0.9110
0
0195	0.1340	1.0000	0.3652	0.9100	0.1222s	0.3564	0.9130	0.9087
0
0196	0.1257	1.0000	0.3749	0.9060	0.1218s	0.3646	0.9080	0.9027
1
0197	0.1399	0.9667	0.3881	0.9020	0.1221s	0.3766	0.9060	0.8999
2
0198	0.1337	0.9750	0.3928	0.9060	0.1225s	0.3811	0.8970	0.8900
3
0199	0.1125	0.9833	0.3941	0.9000	0.1218s	0.3821	0.8960	0.8893
4
0200	0.1353	0.9667	0.3908	0.9000	0.1228s	0.3802	0.8980	0.8920
5
0201	0.1355	0.9750	0.3858	0.8960	0.1219s	0.3762	0.9000	0.8948
6
0202	0.1358	0.9750	0.3809	0.8960	0.1224s	0.3719	0.9030	0.8983
7
0203	0.1245	0.9917	0.3750	0.9040	0.1229s	0.3676	0.9050	0.9001
8
0204	0.1385	0.9833	0.3709	0.9080	0.1077s	0.3643	0.9090	0.9042
9
0205	0.1384	0.9917	0.3708	0.9060	0.1174s	0.3664	0.9080	0.9032
10
0206	0.1353	0.9833	0.3758	0.9060	0.1032s	0.3734	0.9060	0.9009
11
0207	0.1234	1.0000	0.3860	0.9020	0.1017s	0.3840	0.8970	0.8906
12
0208	0.1579	0.9833	0.3951	0.9000	0.1205s	0.3872	0.8950	0.8885
13
0209	0.1253	1.0000	0.3987	0.9040	0.1187s	0.3859	0.8940	0.8874
14
0210	0.1449	0.9833	0.4001	0.8960	0.1042s	0.3804	0.8980	0.8920
15
0211	0.1466	0.9667	0.3959	0.8980	0.1190s	0.3731	0.9020	0.8963
16
0212	0.1298	0.9917	0.3955	0.9020	0.1215s	0.3697	0.9010	0.8952
17
0213	0.1474	0.9500	0.3919	0.8980	0.1218s	0.3684	0.9050	0.9001
18
0214	0.1503	0.9667	0.3920	0.8980	0.1294s	0.3715	0.9030	0.8978
19
0215	0.1481	0.9833	0.3937	0.8960	0.1241s	0.3752	0.9050	0.8999
20
0216	0.1292	0.9500	0.3934	0.8980	0.1061s	0.3764	0.9030	0.8979
21
0217	0.1560	0.9917	0.3951	0.8960	0.1233s	0.3784	0.9000	0.8944
22
0218	0.1370	0.9583	0.3930	0.9000	0.1241s	0.3753	0.9000	0.8937
23
0219	0.1299	0.9667	0.3888	0.9020	0.1236s	0.3706	0.9020	0.8963
24
0220	0.1271	0.9917	0.3886	0.9000	0.1230s	0.3696	0.9010	0.8956
25
0221	0.1250	1.0000	0.3879	0.9000	0.1231s	0.3690	0.9020	0.8967
26
0222	0.1440	1.0000	0.3829	0.9060	0.1055s	0.3658	0.9080	0.9029
27
0223	0.1357	0.9750	0.3810	0.9020	0.1222s	0.3660	0.9090	0.9037
28
0224	0.1262	0.9917	0.3820	0.9040	0.1225s	0.3684	0.9100	0.9048
29
0225	0.1253	0.9583	0.3843	0.9040	0.1225s	0.3705	0.9070	0.9014
30
0226	0.1356	0.9833	0.3875	0.9040	0.1229s	0.3703	0.9080	0.9024
31
0227	0.1227	0.9667	0.3901	0.8960	0.1221s	0.3698	0.9050	0.8992
32
0228	0.1300	0.9833	0.3911	0.9000	0.0982s	0.3697	0.9080	0.9026
33
0229	0.1267	0.9917	0.3931	0.8980	0.1023s	0.3717	0.9070	0.9014
34
0230	0.1408	0.9833	0.3928	0.8980	0.1135s	0.3727	0.9040	0.8983
35
0231	0.1530	0.9667	0.3927	0.8980	0.1201s	0.3739	0.9030	0.8972
36
0232	0.1341	0.9917	0.3931	0.9000	0.1227s	0.3747	0.9010	0.8950
37
0233	0.1257	1.0000	0.3879	0.9040	0.1199s	0.3697	0.9060	0.9007
38
0234	0.1178	0.9917	0.3837	0.9040	0.1224s	0.3641	0.9100	0.9051
39
0235	0.1351	0.9667	0.3826	0.9040	0.1184s	0.3611	0.9100	0.9049
40
0236	0.1538	0.9917	0.3827	0.9040	0.1222s	0.3580	0.9100	0.9048
41
0237	0.1372	0.9917	0.3867	0.9020	0.1225s	0.3556	0.9090	0.9036
42
0238	0.1105	1.0000	0.3912	0.8960	0.1224s	0.3546	0.9060	0.9002
43
0239	0.1374	0.9917	0.3928	0.8960	0.1224s	0.3548	0.9020	0.8956
44
0240	0.1336	0.9917	0.3945	0.8980	0.1225s	0.3572	0.9030	0.8968
45
0241	0.1208	0.9750	0.3967	0.8940	0.1223s	0.3613	0.8980	0.8919
46
0242	0.1153	0.9917	0.3993	0.8940	0.1226s	0.3647	0.8980	0.8923
47
0243	0.1443	0.9833	0.3918	0.8980	0.1185s	0.3595	0.8990	0.8934
48
0244	0.1488	0.9833	0.3790	0.9100	0.1224s	0.3505	0.9040	0.8988
49
0245	0.1346	1.0000	0.3713	0.9100	0.1222s	0.3460	0.9090	0.9043
50
0246	0.1368	0.9917	0.3708	0.9100	0.1224s	0.3481	0.9080	0.9032
51
0247	0.1325	1.0000	0.3703	0.9080	0.1224s	0.3465	0.9070	0.9023
52
0248	0.1350	1.0000	0.3731	0.9080	0.1246s	0.3484	0.9040	0.8988
53
0249	0.1508	1.0000	0.3816	0.9020	0.1224s	0.3560	0.9000	0.8946
54
0250	0.1117	1.0000	0.3907	0.8980	0.1076s	0.3653	0.8960	0.8901
55
0251	0.1263	0.9917	0.3942	0.8980	0.1197s	0.3707	0.8970	0.8910
56
0252	0.1347	0.9667	0.3928	0.9000	0.1072s	0.3706	0.8980	0.8920
57
0253	0.1323	0.9750	0.3894	0.9000	0.1220s	0.3693	0.8990	0.8936
58
0254	0.1263	0.9750	0.3845	0.9020	0.1203s	0.3674	0.9000	0.8946
59
0255	0.1306	0.9917	0.3816	0.9000	0.1224s	0.3680	0.9020	0.8971
60
0256	0.1504	0.9583	0.3776	0.9040	0.1055s	0.3655	0.9070	0.9026
61
0257	0.1375	0.9833	0.3756	0.9060	0.1149s	0.3624	0.9050	0.9003
62
0258	0.1422	0.9750	0.3813	0.9040	0.1174s	0.3675	0.9010	0.8960
63
0259	0.1569	0.9917	0.3939	0.8960	0.1224s	0.3779	0.8950	0.8891
64
0260	0.1274	0.9833	0.4113	0.8920	0.1189s	0.3910	0.8880	0.8815
65
0261	0.1486	0.9667	0.4174	0.8900	0.1225s	0.3933	0.8890	0.8827
66
0262	0.1304	0.9750	0.4161	0.8960	0.1239s	0.3903	0.8870	0.8804
67
0263	0.1505	0.9833	0.4048	0.9040	0.1220s	0.3782	0.8920	0.8859
68
0264	0.1367	0.9917	0.3885	0.8980	0.1238s	0.3622	0.8960	0.8904
69
0265	0.1272	0.9833	0.3792	0.8980	0.1227s	0.3564	0.9010	0.8960
70
0266	0.1158	0.9917	0.3819	0.9020	0.1236s	0.3639	0.9010	0.8962
71
0267	0.1376	0.9583	0.3881	0.8960	0.1221s	0.3729	0.9040	0.8989
72
0268	0.1303	0.9917	0.3929	0.8920	0.1161s	0.3789	0.9010	0.8951
73
0269	0.1282	0.9750	0.3980	0.9000	0.1219s	0.3820	0.9010	0.8950
74
0270	0.1445	0.9833	0.4056	0.8940	0.1211s	0.3864	0.8940	0.8876
75
0271	0.1600	0.9917	0.4055	0.8940	0.1213s	0.3837	0.8980	0.8924
76
0272	0.1293	0.9500	0.4014	0.8940	0.1212s	0.3790	0.8990	0.8935
77
0273	0.1288	0.9833	0.3954	0.8980	0.1210s	0.3719	0.8980	0.8925
78
0274	0.1188	1.0000	0.3883	0.8980	0.1220s	0.3668	0.9020	0.8968
79
0275	0.1246	1.0000	0.3835	0.9020	0.1042s	0.3640	0.9030	0.8979
80
0276	0.1427	0.9667	0.3849	0.9000	0.1194s	0.3675	0.9060	0.9013
81
0277	0.1253	0.9833	0.3885	0.9000	0.1192s	0.3730	0.9030	0.8975
82
0278	0.1296	0.9917	0.3912	0.9040	0.1219s	0.3775	0.9000	0.8940
83
0279	0.1242	0.9917	0.3911	0.9040	0.1184s	0.3789	0.9020	0.8964
84
0280	0.1223	0.9417	0.3926	0.9000	0.0992s	0.3815	0.9030	0.8975
85
0281	0.1405	0.9583	0.3924	0.8960	0.0990s	0.3797	0.9000	0.8945
86
0282	0.1474	0.9750	0.3907	0.8960	0.1153s	0.3747	0.9030	0.8980
87
0283	0.1727	0.9667	0.3933	0.8960	0.1016s	0.3715	0.9020	0.8972
88
0284	0.1298	0.9667	0.3966	0.8980	0.1149s	0.3700	0.8990	0.8941
89
0285	0.1432	0.9667	0.4013	0.8920	0.1220s	0.3712	0.8980	0.8930
90
0286	0.1319	0.9917	0.3991	0.8960	0.1220s	0.3664	0.8990	0.8942
91
0287	0.1447	0.9583	0.3895	0.9000	0.1235s	0.3584	0.9030	0.8985
92
0288	0.1353	0.9833	0.3858	0.9040	0.1222s	0.3576	0.9030	0.8978
93
0289	0.1291	0.9833	0.3893	0.9000	0.1215s	0.3641	0.9030	0.8977
94
0290	0.1615	0.9667	0.3911	0.9020	0.1226s	0.3678	0.9030	0.8980
95
0291	0.1392	0.9667	0.3912	0.8980	0.1221s	0.3676	0.9040	0.8992
96
0292	0.1427	0.9917	0.3894	0.9020	0.1222s	0.3634	0.9030	0.8978
97
0293	0.1267	0.9917	0.3907	0.9020	0.1239s	0.3637	0.9040	0.8988
98
0294	0.1338	0.9750	0.3953	0.9000	0.1222s	0.3671	0.9000	0.8948
99
0295	0.1489	0.9917	0.3957	0.9000	0.1224s	0.3686	0.8990	0.8940
100
0296	0.1403	0.9917	0.3902	0.8980	0.1234s	0.3639	0.8980	0.8930
101
0297	0.1227	0.9667	0.3837	0.9000	0.1222s	0.3584	0.9050	0.9003
102
0298	0.1215	1.0000	0.3775	0.9040	0.1124s	0.3538	0.9080	0.9033
103
0299	0.1142	0.9917	0.3732	0.9060	0.1223s	0.3497	0.9070	0.9022
104
0300	0.1267	0.9750	0.3731	0.9080	0.1227s	0.3492	0.9080	0.9029
105
0301	0.1341	0.9833	0.3751	0.9060	0.1223s	0.3497	0.9120	0.9071
106
0302	0.1235	0.9917	0.3781	0.9060	0.1198s	0.3530	0.9100	0.9050
107
0303	0.1334	0.9667	0.3786	0.9020	0.1219s	0.3549	0.9090	0.9041
108
0304	0.1205	0.9583	0.3795	0.9040	0.1225s	0.3558	0.9110	0.9060
109
0305	0.1382	1.0000	0.3802	0.9040	0.1224s	0.3569	0.9110	0.9060
110
0306	0.1198	0.9833	0.3814	0.9040	0.1227s	0.3586	0.9130	0.9083
111
0307	0.1215	0.9750	0.3838	0.9040	0.1225s	0.3601	0.9080	0.9027
112
0308	0.1315	0.9583	0.3834	0.9040	0.1220s	0.3587	0.9080	0.9027
113
0309	0.1402	0.9833	0.3834	0.9040	0.1231s	0.3561	0.9080	0.9028
114
0310	0.1364	0.9750	0.3850	0.8960	0.1224s	0.3544	0.9070	0.9020
115
0311	0.1191	0.9917	0.3898	0.9000	0.1225s	0.3589	0.9010	0.8958
116
0312	0.1212	0.9917	0.3918	0.9020	0.1229s	0.3628	0.8980	0.8928
117
0313	0.1441	1.0000	0.3923	0.9040	0.1225s	0.3632	0.8970	0.8918
118
0314	0.1401	0.9833	0.3879	0.9020	0.1219s	0.3581	0.8990	0.8938
119
0315	0.1115	1.0000	0.3865	0.9020	0.1121s	0.3566	0.8990	0.8938
120
0316	0.1207	0.9750	0.3876	0.8980	0.1217s	0.3578	0.9040	0.8989
121
0317	0.1376	0.9833	0.3870	0.8980	0.1224s	0.3576	0.9020	0.8966
122
0318	0.1433	0.9750	0.3835	0.9000	0.1264s	0.3540	0.9040	0.8983
123
0319	0.1219	0.9833	0.3798	0.9060	0.1223s	0.3501	0.9060	0.9003
124
0320	0.1231	0.9917	0.3766	0.9040	0.1223s	0.3470	0.9060	0.9006
125
0321	0.1314	0.9667	0.3783	0.9000	0.1228s	0.3486	0.9050	0.8995
126
0322	0.1305	0.9917	0.3796	0.8980	0.1223s	0.3498	0.9030	0.8974
127
0323	0.1290	0.9833	0.3784	0.9000	0.1225s	0.3485	0.9010	0.8952
128
0324	0.1547	0.9917	0.3750	0.9020	0.1221s	0.3463	0.9000	0.8941
129
0325	0.1435	0.9833	0.3740	0.9000	0.1224s	0.3450	0.9020	0.8963
130
0326	0.1676	0.9583	0.3738	0.9000	0.1225s	0.3452	0.9060	0.9006
131
0327	0.1343	0.9833	0.3771	0.9000	0.1233s	0.3490	0.9050	0.8995
132
0328	0.1337	0.9917	0.3806	0.8960	0.1223s	0.3516	0.9020	0.8961
133
0329	0.1436	0.9750	0.3814	0.8960	0.1050s	0.3519	0.9020	0.8961
134
0330	0.1381	0.9917	0.3807	0.8980	0.1211s	0.3515	0.9010	0.8953
135
0331	0.1451	0.9750	0.3784	0.9000	0.1221s	0.3489	0.9010	0.8953
136
0332	0.1414	0.9500	0.3784	0.9040	0.1230s	0.3475	0.9020	0.8961
137
0333	0.1305	0.9917	0.3761	0.9040	0.1218s	0.3428	0.9000	0.8941
138
0334	0.1242	0.9917	0.3762	0.9040	0.1225s	0.3415	0.9020	0.8967
139
0335	0.1346	0.9667	0.3776	0.9020	0.1220s	0.3411	0.9030	0.8976
140
0336	0.1448	0.9917	0.3819	0.8980	0.1220s	0.3437	0.9030	0.8975
141
0337	0.1337	0.9667	0.3878	0.9000	0.1220s	0.3488	0.9010	0.8954
142
0338	0.1299	0.9750	0.3937	0.9000	0.1218s	0.3551	0.8960	0.8900
143
0339	0.1305	0.9833	0.3977	0.8940	0.1225s	0.3623	0.8950	0.8883
144
0340	0.1408	0.9583	0.3973	0.8880	0.1221s	0.3657	0.8910	0.8839
145
0341	0.1286	0.9667	0.3895	0.8940	0.1224s	0.3612	0.8960	0.8896
146
0342	0.1473	0.9833	0.3776	0.9000	0.1217s	0.3522	0.9000	0.8942
147
0343	0.1346	0.9917	0.3698	0.9020	0.1218s	0.3462	0.9010	0.8953
148
0344	0.1276	1.0000	0.3666	0.9020	0.1219s	0.3430	0.9040	0.8992
149
0345	0.1204	1.0000	0.3674	0.9040	0.1223s	0.3447	0.9040	0.8993
150
0346	0.1609	0.9583	0.3709	0.9040	0.1220s	0.3487	0.9040	0.8991
151
0347	0.1346	0.9833	0.3761	0.9020	0.1223s	0.3542	0.9050	0.8997
152
0348	0.1168	1.0000	0.3844	0.9000	0.1224s	0.3624	0.9010	0.8952
153
0349	0.1348	0.9833	0.3906	0.9020	0.1220s	0.3692	0.8980	0.8917
154
0350	0.1222	0.9833	0.3942	0.9020	0.1224s	0.3742	0.8990	0.8929
155
0351	0.1453	0.9833	0.3894	0.9060	0.1219s	0.3708	0.8950	0.8883
156
0352	0.1120	0.9917	0.3856	0.9080	0.1224s	0.3701	0.8940	0.8877
157
0353	0.1297	0.9833	0.3768	0.9060	0.1224s	0.3659	0.9000	0.8943
158
0354	0.1291	0.9667	0.3705	0.9060	0.1222s	0.3641	0.9010	0.8957
159
0355	0.1157	0.9917	0.3687	0.9060	0.1236s	0.3654	0.9000	0.8947
160
0356	0.1329	0.9833	0.3704	0.9040	0.1226s	0.3680	0.9030	0.8976
161
0357	0.1208	0.9750	0.3741	0.9020	0.1226s	0.3708	0.9010	0.8953
162
0358	0.1128	0.9833	0.3778	0.9000	0.1224s	0.3741	0.8990	0.8928
163
0359	0.1330	1.0000	0.3795	0.8980	0.1222s	0.3728	0.8990	0.8933
164
0360	0.1479	0.9833	0.3840	0.8940	0.1144s	0.3760	0.8990	0.8933
165
0361	0.1292	0.9833	0.3876	0.8960	0.1219s	0.3794	0.9020	0.8966
166
0362	0.1365	0.9750	0.3859	0.8960	0.1224s	0.3789	0.9030	0.8974
167
0363	0.1460	0.9833	0.3795	0.9020	0.1229s	0.3745	0.9050	0.8996
168
0364	0.1136	0.9917	0.3772	0.9080	0.1220s	0.3749	0.9070	0.9015
169
0365	0.1511	0.9750	0.3770	0.9080	0.1232s	0.3772	0.9030	0.8975
170
0366	0.1472	0.9917	0.3735	0.9060	0.1221s	0.3750	0.9050	0.9002
171
0367	0.1234	0.9750	0.3706	0.9080	0.1224s	0.3730	0.9050	0.8998
172
0368	0.1234	0.9833	0.3697	0.9060	0.1226s	0.3720	0.9010	0.8955
173
0369	0.1473	1.0000	0.3720	0.9020	0.1223s	0.3734	0.8980	0.8924
174
0370	0.1222	0.9917	0.3783	0.8980	0.1239s	0.3771	0.8980	0.8923
175
0371	0.1328	1.0000	0.3832	0.8960	0.1220s	0.3802	0.8980	0.8925
176
0372	0.1400	0.9833	0.3866	0.8980	0.1225s	0.3805	0.8930	0.8872
177
0373	0.1034	0.9833	0.3895	0.8960	0.1216s	0.3807	0.8920	0.8865
178
0374	0.1332	0.9833	0.3829	0.8980	0.1217s	0.3737	0.9010	0.8957
179
0375	0.1391	0.9750	0.3770	0.8980	0.1226s	0.3685	0.9020	0.8963
180
0376	0.1562	0.9750	0.3718	0.9000	0.1222s	0.3656	0.9020	0.8962
181
0377	0.1167	0.9917	0.3705	0.9020	0.1224s	0.3654	0.9030	0.8972
182
0378	0.1255	0.9917	0.3685	0.8980	0.1221s	0.3639	0.9050	0.8994
183
0379	0.1341	0.9750	0.3651	0.9040	0.1214s	0.3599	0.9080	0.9028
184
0380	0.1362	0.9750	0.3668	0.9020	0.1216s	0.3610	0.9030	0.8973
185
0381	0.1165	0.9750	0.3719	0.9020	0.1224s	0.3646	0.9010	0.8956
186
0382	0.1335	0.9750	0.3779	0.8980	0.1223s	0.3688	0.8980	0.8927
187
0383	0.1470	0.9750	0.3853	0.8960	0.1225s	0.3747	0.8960	0.8903
188
0384	0.1247	1.0000	0.3861	0.8940	0.1224s	0.3747	0.8970	0.8915
189
0385	0.1230	0.9833	0.3791	0.8960	0.1236s	0.3679	0.9000	0.8947
190
0386	0.1193	0.9917	0.3703	0.9020	0.1228s	0.3583	0.9020	0.8965
191
0387	0.1416	0.9917	0.3645	0.9020	0.1044s	0.3501	0.9050	0.9005
192
0388	0.1203	0.9750	0.3680	0.9000	0.1221s	0.3523	0.9080	0.9037
193
0389	0.1245	0.9833	0.3730	0.8980	0.1226s	0.3577	0.9060	0.9015
194
0390	0.1402	1.0000	0.3799	0.9000	0.1219s	0.3652	0.9070	0.9015
195
0391	0.1201	0.9667	0.3889	0.8960	0.1047s	0.3739	0.9030	0.8967
196
0392	0.1215	0.9750	0.4023	0.8880	0.1219s	0.3857	0.8990	0.8927
197
0393	0.1223	0.9833	0.4111	0.8860	0.1230s	0.3926	0.8940	0.8877
198
0394	0.1401	0.9667	0.4061	0.8920	0.1218s	0.3854	0.8950	0.8890
199
Early stop! Min loss:0.361478328704834,  Max accuracy:0.912
Early stop model validation loss:0.361478328704834,  accuracy:0.912
Optimization Finished!
Total time elapsed: 47.8730s
test max acc:0.9150
Loading 193th epoch
stru_node_to_hop attention:tensor([[0.2519, 0.2506, 0.2490, 0.2485],
        [0.2499, 0.2501, 0.2500, 0.2500],
        [0.2466, 0.2519, 0.2508, 0.2507],
        [0.2491, 0.2510, 0.2500, 0.2499],
        [0.2504, 0.2500, 0.2499, 0.2497],
        [0.2519, 0.2496, 0.2493, 0.2493],
        [0.2477, 0.2512, 0.2505, 0.2506],
        [0.2500, 0.2501, 0.2500, 0.2499],
        [0.2514, 0.2495, 0.2495, 0.2495],
        [0.2489, 0.2508, 0.2502, 0.2501],
        [0.2502, 0.2499, 0.2500, 0.2500],
        [0.2493, 0.2501, 0.2503, 0.2503],
        [0.2502, 0.2499, 0.2499, 0.2500],
        [0.2516, 0.2498, 0.2494, 0.2493],
        [0.2503, 0.2499, 0.2500, 0.2498],
        [0.2512, 0.2507, 0.2493, 0.2488],
        [0.2487, 0.2511, 0.2502, 0.2500],
        [0.2482, 0.2517, 0.2502, 0.2499],
        [0.2500, 0.2501, 0.2499, 0.2499],
        [0.2508, 0.2501, 0.2497, 0.2495],
        [0.2500, 0.2500, 0.2500, 0.2500],
        [0.2473, 0.2526, 0.2503, 0.2497],
        [0.2497, 0.2502, 0.2501, 0.2500],
        [0.2477, 0.2510, 0.2506, 0.2507],
        [0.2497, 0.2502, 0.2501, 0.2501],
        [0.2483, 0.2507, 0.2506, 0.2504],
        [0.2496, 0.2502, 0.2501, 0.2501],
        [0.2488, 0.2510, 0.2502, 0.2500],
        [0.2500, 0.2499, 0.2500, 0.2500],
        [0.2498, 0.2504, 0.2500, 0.2499],
        [0.2491, 0.2504, 0.2503, 0.2502],
        [0.2490, 0.2508, 0.2503, 0.2499],
        [0.2498, 0.2501, 0.2501, 0.2499],
        [0.2491, 0.2504, 0.2503, 0.2502],
        [0.2481, 0.2518, 0.2503, 0.2498],
        [0.2494, 0.2503, 0.2502, 0.2502],
        [0.2498, 0.2502, 0.2501, 0.2500],
        [0.2496, 0.2500, 0.2502, 0.2503],
        [0.2487, 0.2506, 0.2504, 0.2503],
        [0.2504, 0.2505, 0.2496, 0.2495],
        [0.2502, 0.2499, 0.2499, 0.2499],
        [0.2504, 0.2504, 0.2497, 0.2495],
        [0.2500, 0.2502, 0.2499, 0.2498],
        [0.2501, 0.2499, 0.2500, 0.2500],
        [0.2494, 0.2501, 0.2503, 0.2502],
        [0.1469, 0.1899, 0.2764, 0.3868],
        [0.2504, 0.2498, 0.2499, 0.2499],
        [0.2492, 0.2504, 0.2502, 0.2502],
        [0.2495, 0.2504, 0.2501, 0.2500],
        [0.2488, 0.2507, 0.2503, 0.2503],
        [0.2489, 0.2504, 0.2503, 0.2503],
        [0.2503, 0.2498, 0.2499, 0.2500],
        [0.2501, 0.2500, 0.2500, 0.2500],
        [0.2489, 0.2507, 0.2502, 0.2501],
        [0.2465, 0.2518, 0.2507, 0.2510],
        [0.2493, 0.2499, 0.2503, 0.2505],
        [0.2492, 0.2508, 0.2501, 0.2499],
        [0.2492, 0.2500, 0.2504, 0.2505],
        [0.2486, 0.2511, 0.2504, 0.2500],
        [0.2495, 0.2510, 0.2499, 0.2496],
        [0.2508, 0.2500, 0.2497, 0.2495],
        [0.2495, 0.2504, 0.2501, 0.2500],
        [0.2474, 0.2519, 0.2504, 0.2503],
        [0.2494, 0.2515, 0.2498, 0.2493],
        [0.2500, 0.2500, 0.2500, 0.2500],
        [0.2504, 0.2495, 0.2500, 0.2501],
        [0.2484, 0.2520, 0.2500, 0.2496],
        [0.2486, 0.2503, 0.2505, 0.2506],
        [0.2497, 0.2501, 0.2501, 0.2501],
        [0.2496, 0.2503, 0.2502, 0.2500],
        [0.2483, 0.2514, 0.2502, 0.2501],
        [0.2503, 0.2498, 0.2499, 0.2499],
        [0.2488, 0.2509, 0.2503, 0.2500],
        [0.2492, 0.2514, 0.2500, 0.2494],
        [0.2500, 0.2500, 0.2500, 0.2500],
        [0.2484, 0.2508, 0.2505, 0.2503],
        [0.2493, 0.2504, 0.2502, 0.2501],
        [0.2499, 0.2500, 0.2500, 0.2501],
        [0.2501, 0.2500, 0.2500, 0.2499],
        [0.2497, 0.2500, 0.2501, 0.2501],
        [0.2504, 0.2497, 0.2501, 0.2499],
        [0.2494, 0.2510, 0.2499, 0.2496],
        [0.2517, 0.2497, 0.2494, 0.2491],
        [0.2501, 0.2500, 0.2500, 0.2500],
        [0.2501, 0.2502, 0.2499, 0.2498],
        [0.2497, 0.2500, 0.2501, 0.2501],
        [0.2482, 0.2507, 0.2505, 0.2506],
        [0.2479, 0.2510, 0.2507, 0.2504],
        [0.2497, 0.2505, 0.2500, 0.2498],
        [0.2497, 0.2500, 0.2502, 0.2501],
        [0.2500, 0.2500, 0.2500, 0.2500],
        [0.2501, 0.2499, 0.2500, 0.2500],
        [0.2498, 0.2501, 0.2500, 0.2500],
        [0.2496, 0.2504, 0.2500, 0.2499],
        [0.2496, 0.2503, 0.2501, 0.2500],
        [0.2501, 0.2499, 0.2500, 0.2500],
        [0.2494, 0.2504, 0.2502, 0.2500],
        [0.2503, 0.2498, 0.2500, 0.2499],
        [0.2471, 0.2519, 0.2507, 0.2503],
        [0.2499, 0.2503, 0.2500, 0.2498]], device='cuda:1')
fea_node_to_hop attention:tensor([[0.3328, 0.3321, 0.3351],
        [0.3333, 0.3333, 0.3334],
        [0.3326, 0.3321, 0.3352],
        [0.3317, 0.3341, 0.3343],
        [0.3303, 0.3351, 0.3346],
        [0.3340, 0.3317, 0.3343],
        [0.3261, 0.3355, 0.3385],
        [0.3328, 0.3331, 0.3341],
        [0.3324, 0.3340, 0.3336],
        [0.3308, 0.3336, 0.3356],
        [0.3331, 0.3337, 0.3331],
        [0.3291, 0.3344, 0.3365],
        [0.3336, 0.3333, 0.3331],
        [0.3327, 0.3329, 0.3344],
        [0.3314, 0.3331, 0.3355],
        [0.3307, 0.3338, 0.3354],
        [0.3263, 0.3363, 0.3374],
        [0.3316, 0.3331, 0.3353],
        [0.3312, 0.3337, 0.3351],
        [0.3340, 0.3323, 0.3337],
        [0.3336, 0.3331, 0.3333],
        [0.3314, 0.3332, 0.3354],
        [0.3321, 0.3334, 0.3346],
        [0.3301, 0.3354, 0.3345],
        [0.3325, 0.3337, 0.3338],
        [0.3292, 0.3354, 0.3355],
        [0.3335, 0.3333, 0.3332],
        [0.3316, 0.3334, 0.3350],
        [0.3317, 0.3344, 0.3339],
        [0.3313, 0.3330, 0.3357],
        [0.3304, 0.3344, 0.3352],
        [0.3298, 0.3336, 0.3366],
        [0.3331, 0.3333, 0.3336],
        [0.3302, 0.3348, 0.3351],
        [0.3299, 0.3355, 0.3346],
        [0.3318, 0.3342, 0.3339],
        [0.3322, 0.3337, 0.3341],
        [0.3334, 0.3327, 0.3339],
        [0.3308, 0.3345, 0.3348],
        [0.3335, 0.3327, 0.3339],
        [0.3340, 0.3330, 0.3330],
        [0.3303, 0.3343, 0.3355],
        [0.3331, 0.3334, 0.3336],
        [0.3348, 0.3328, 0.3324],
        [0.3326, 0.3343, 0.3331],
        [0.3207, 0.3595, 0.3198],
        [0.3331, 0.3334, 0.3335],
        [0.3331, 0.3332, 0.3337],
        [0.3291, 0.3348, 0.3361],
        [0.3307, 0.3346, 0.3347],
        [0.3326, 0.3335, 0.3339],
        [0.3337, 0.3333, 0.3330],
        [0.3336, 0.3332, 0.3332],
        [0.3287, 0.3352, 0.3361],
        [0.3337, 0.3331, 0.3332],
        [0.3312, 0.3340, 0.3347],
        [0.3311, 0.3342, 0.3347],
        [0.3316, 0.3333, 0.3351],
        [0.3340, 0.3322, 0.3338],
        [0.3338, 0.3321, 0.3341],
        [0.3328, 0.3332, 0.3340],
        [0.3308, 0.3341, 0.3351],
        [0.3298, 0.3348, 0.3354],
        [0.3305, 0.3346, 0.3349],
        [0.3333, 0.3333, 0.3334],
        [0.3299, 0.3347, 0.3354],
        [0.3299, 0.3348, 0.3353],
        [0.3317, 0.3340, 0.3343],
        [0.3332, 0.3329, 0.3338],
        [0.3296, 0.3349, 0.3355],
        [0.3304, 0.3345, 0.3352],
        [0.3334, 0.3335, 0.3331],
        [0.3288, 0.3347, 0.3366],
        [0.3286, 0.3346, 0.3368],
        [0.3334, 0.3333, 0.3333],
        [0.3291, 0.3356, 0.3354],
        [0.3308, 0.3337, 0.3356],
        [0.3301, 0.3343, 0.3356],
        [0.3338, 0.3332, 0.3330],
        [0.3329, 0.3337, 0.3334],
        [0.3329, 0.3333, 0.3338],
        [0.3282, 0.3361, 0.3357],
        [0.3310, 0.3337, 0.3354],
        [0.3346, 0.3334, 0.3320],
        [0.3284, 0.3359, 0.3357],
        [0.3328, 0.3332, 0.3340],
        [0.3319, 0.3342, 0.3339],
        [0.3309, 0.3334, 0.3357],
        [0.3315, 0.3343, 0.3341],
        [0.3278, 0.3359, 0.3363],
        [0.3311, 0.3343, 0.3346],
        [0.3332, 0.3336, 0.3332],
        [0.3304, 0.3345, 0.3350],
        [0.3297, 0.3353, 0.3350],
        [0.3324, 0.3335, 0.3342],
        [0.3335, 0.3332, 0.3333],
        [0.3307, 0.3341, 0.3352],
        [0.3317, 0.3339, 0.3343],
        [0.3303, 0.3336, 0.3362],
        [0.3289, 0.3358, 0.3352]], device='cuda:1')
perception attention:tensor([0.5000, 0.5000], device='cuda:1')
Test set results: loss= 0.3564 accuracy= 0.9150 F1_score= 0.9110
