# epoch	loss_train	acc_train	loss_val	acc_val	time	acc_test	f1_test
0001	1.8006	0.1750	1.6891	0.4960	0.1218s	1.6781	0.5150	0.4044
0
0002	1.6891	0.5333	1.5279	0.5260	0.1224s	1.5003	0.5620	0.4312
0
0003	1.5191	0.4917	1.3500	0.6040	0.1223s	1.3183	0.6120	0.5135
0
0004	1.3261	0.5917	1.1555	0.7220	0.1213s	1.1288	0.7710	0.7433
0
0005	1.1306	0.7667	0.9828	0.8560	0.1207s	0.9597	0.8630	0.8518
0
0006	0.9758	0.7083	0.8499	0.8600	0.1196s	0.8306	0.8510	0.8448
0
0007	0.8357	0.9250	0.7342	0.8520	0.1236s	0.7171	0.8550	0.8524
0
0008	0.7032	0.8583	0.6301	0.8720	0.1226s	0.6089	0.8660	0.8588
0
0009	0.6045	0.8833	0.5596	0.8880	0.1227s	0.5321	0.8940	0.8875
0
0010	0.5184	0.8917	0.5166	0.8860	0.1223s	0.4860	0.8940	0.8870
0
0011	0.4361	0.9333	0.4729	0.8880	0.1153s	0.4422	0.9000	0.8931
0
0012	0.4074	0.9250	0.4324	0.8900	0.1225s	0.4022	0.9010	0.8954
0
0013	0.3434	0.9167	0.4084	0.8980	0.1223s	0.3769	0.9030	0.8976
0
0014	0.3084	0.9250	0.3986	0.8880	0.1218s	0.3651	0.9010	0.8948
0
0015	0.2942	0.9500	0.3988	0.8820	0.1201s	0.3627	0.8910	0.8835
0
0016	0.2640	0.9667	0.3975	0.8860	0.1237s	0.3588	0.8920	0.8855
1
0017	0.2621	0.9750	0.3968	0.8900	0.1220s	0.3553	0.8970	0.8910
0
0018	0.2525	0.9500	0.3961	0.8920	0.1219s	0.3526	0.8990	0.8931
0
0019	0.1995	0.9333	0.3894	0.8940	0.1119s	0.3451	0.9020	0.8960
0
0020	0.2265	0.9583	0.3855	0.8940	0.1224s	0.3406	0.8970	0.8907
0
0021	0.2121	0.9583	0.3840	0.8980	0.1220s	0.3394	0.9000	0.8939
0
0022	0.2210	0.9250	0.3847	0.8960	0.1233s	0.3422	0.8950	0.8886
0
0023	0.1908	0.9750	0.3917	0.8880	0.1223s	0.3512	0.8940	0.8871
1
0024	0.1894	0.9333	0.4012	0.8760	0.1226s	0.3623	0.8940	0.8867
2
0025	0.2013	0.9667	0.4004	0.8760	0.1229s	0.3616	0.8900	0.8828
3
0026	0.1752	0.9500	0.3967	0.8880	0.1221s	0.3567	0.8930	0.8861
4
0027	0.1859	0.9583	0.3961	0.8960	0.1225s	0.3539	0.8950	0.8882
5
0028	0.1691	0.9667	0.3983	0.9000	0.1174s	0.3533	0.8950	0.8882
6
0029	0.1361	0.9917	0.4042	0.9000	0.1198s	0.3576	0.8930	0.8856
0
0030	0.2196	0.9250	0.4088	0.9020	0.1196s	0.3621	0.8960	0.8888
0
0031	0.1992	0.9833	0.4076	0.9020	0.1224s	0.3629	0.8960	0.8886
0
0032	0.1639	0.9667	0.4036	0.8960	0.1223s	0.3614	0.8910	0.8835
0
0033	0.1618	0.9583	0.3966	0.8960	0.1220s	0.3566	0.8900	0.8832
1
0034	0.1861	0.9583	0.3954	0.8980	0.1220s	0.3580	0.8910	0.8845
2
0035	0.1699	0.9667	0.3941	0.8960	0.1222s	0.3584	0.8910	0.8845
3
0036	0.1841	0.9750	0.3947	0.8960	0.1221s	0.3593	0.8890	0.8821
4
0037	0.1630	0.9917	0.3952	0.8960	0.1194s	0.3576	0.8900	0.8834
5
0038	0.1436	0.9833	0.3967	0.9000	0.1225s	0.3554	0.8920	0.8861
6
0039	0.1492	0.9833	0.4070	0.9020	0.1232s	0.3618	0.8900	0.8825
7
0040	0.1787	0.9750	0.4144	0.8980	0.1223s	0.3673	0.8860	0.8783
0
0041	0.1556	0.9917	0.4166	0.8980	0.1211s	0.3688	0.8870	0.8788
1
0042	0.1682	0.9750	0.4128	0.8980	0.1224s	0.3653	0.8870	0.8790
2
0043	0.1577	0.9833	0.4057	0.8980	0.1225s	0.3605	0.8930	0.8859
3
0044	0.1690	0.9833	0.3986	0.8940	0.1225s	0.3565	0.8930	0.8860
4
0045	0.1348	0.9917	0.3942	0.8920	0.1225s	0.3548	0.8930	0.8864
5
0046	0.1741	0.9500	0.3910	0.8920	0.1174s	0.3526	0.8920	0.8855
6
0047	0.1480	0.9833	0.3878	0.8960	0.1221s	0.3486	0.8940	0.8879
7
0048	0.1522	0.9750	0.3861	0.9000	0.1223s	0.3457	0.8970	0.8914
8
0049	0.1721	0.9833	0.3858	0.8980	0.1175s	0.3449	0.8940	0.8882
9
0050	0.1582	0.9583	0.3878	0.9020	0.1227s	0.3462	0.8940	0.8879
10
0051	0.1616	0.9583	0.3890	0.9000	0.1224s	0.3476	0.8940	0.8879
0
0052	0.1656	0.9750	0.3929	0.8980	0.1254s	0.3521	0.8960	0.8896
1
0053	0.1456	0.9750	0.3985	0.8960	0.1220s	0.3577	0.8940	0.8872
2
0054	0.1377	0.9833	0.4031	0.8880	0.1219s	0.3624	0.8900	0.8825
3
0055	0.1667	0.9667	0.4004	0.8880	0.1220s	0.3604	0.8900	0.8825
4
0056	0.1397	0.9833	0.3919	0.8920	0.1221s	0.3526	0.8950	0.8881
5
0057	0.1468	0.9917	0.3819	0.9000	0.1221s	0.3442	0.8990	0.8929
6
0058	0.1756	0.9667	0.3752	0.9060	0.1223s	0.3387	0.9020	0.8962
0
0059	0.1611	0.9917	0.3698	0.9060	0.1226s	0.3343	0.9030	0.8976
0
0060	0.1543	0.9917	0.3661	0.9080	0.1226s	0.3329	0.9060	0.9010
0
0061	0.1602	0.9583	0.3664	0.9080	0.1223s	0.3350	0.9060	0.9012
0
0062	0.1489	1.0000	0.3688	0.9080	0.1230s	0.3387	0.9000	0.8945
0
0063	0.1746	0.9917	0.3725	0.9040	0.1222s	0.3422	0.8960	0.8901
0
0064	0.1478	0.9750	0.3783	0.9040	0.1221s	0.3475	0.8960	0.8901
1
0065	0.1526	0.9667	0.3843	0.9040	0.1225s	0.3534	0.8950	0.8886
2
0066	0.1349	0.9750	0.3857	0.9020	0.1219s	0.3548	0.8910	0.8842
3
0067	0.1671	0.9750	0.3820	0.9040	0.1047s	0.3519	0.8960	0.8896
4
0068	0.1557	0.9750	0.3745	0.9100	0.1218s	0.3456	0.9050	0.9002
5
0069	0.1465	0.9750	0.3662	0.9100	0.1220s	0.3392	0.9040	0.8993
0
0070	0.1443	0.9917	0.3600	0.9120	0.1216s	0.3347	0.9070	0.9025
0
0071	0.1578	0.9750	0.3581	0.9060	0.1174s	0.3351	0.9100	0.9058
0
0072	0.1530	0.9750	0.3595	0.9020	0.1227s	0.3368	0.9080	0.9035
0
0073	0.1368	0.9917	0.3612	0.9020	0.1223s	0.3378	0.9100	0.9051
1
0074	0.1488	0.9750	0.3644	0.9040	0.1225s	0.3403	0.9050	0.8992
2
0075	0.1531	0.9917	0.3707	0.9060	0.1197s	0.3442	0.8960	0.8899
3
0076	0.1631	0.9667	0.3870	0.8920	0.1219s	0.3586	0.8850	0.8778
4
0077	0.1454	0.9833	0.3990	0.8900	0.1197s	0.3687	0.8870	0.8801
5
0078	0.1738	0.9917	0.3893	0.8940	0.1222s	0.3598	0.8930	0.8867
6
0079	0.1359	0.9917	0.3752	0.9040	0.1223s	0.3475	0.9010	0.8956
7
0080	0.1426	0.9750	0.3673	0.9060	0.1223s	0.3412	0.9050	0.8998
8
0081	0.1575	0.9917	0.3606	0.9160	0.1224s	0.3362	0.9090	0.9044
9
0082	0.1418	0.9833	0.3606	0.9180	0.1236s	0.3364	0.9090	0.9045
0
0083	0.1467	0.9833	0.3608	0.9180	0.1218s	0.3358	0.9090	0.9044
0
0084	0.1384	0.9833	0.3631	0.9120	0.1224s	0.3370	0.9110	0.9065
0
0085	0.1697	0.9750	0.3751	0.9060	0.1221s	0.3469	0.8990	0.8932
1
0086	0.1572	0.9750	0.3957	0.8940	0.1218s	0.3662	0.8900	0.8831
2
0087	0.1480	0.9750	0.4167	0.8860	0.1224s	0.3868	0.8860	0.8788
3
0088	0.1358	0.9583	0.4233	0.8820	0.1221s	0.3939	0.8830	0.8757
4
0089	0.1439	0.9833	0.4074	0.8920	0.1224s	0.3802	0.8820	0.8747
5
0090	0.1533	0.9750	0.3864	0.9000	0.1221s	0.3603	0.8910	0.8848
6
0091	0.1381	0.9667	0.3682	0.9120	0.1225s	0.3425	0.9030	0.8978
7
0092	0.1515	0.9750	0.3627	0.9140	0.1238s	0.3370	0.9080	0.9035
8
0093	0.1454	1.0000	0.3645	0.9160	0.1217s	0.3383	0.9070	0.9026
9
0094	0.1535	0.9750	0.3651	0.9140	0.1219s	0.3374	0.9090	0.9046
10
0095	0.1452	0.9833	0.3662	0.9120	0.1223s	0.3387	0.9120	0.9074
11
0096	0.1362	0.9750	0.3695	0.9120	0.1220s	0.3431	0.9120	0.9073
12
0097	0.1380	0.9750	0.3775	0.9080	0.1221s	0.3524	0.9040	0.8985
13
0098	0.1269	0.9833	0.3840	0.9080	0.1227s	0.3579	0.8950	0.8892
14
0099	0.1399	0.9833	0.3917	0.9020	0.1218s	0.3634	0.8920	0.8858
15
0100	0.1671	0.9833	0.3919	0.9000	0.1155s	0.3598	0.8930	0.8868
16
0101	0.1415	0.9917	0.3879	0.9020	0.1222s	0.3547	0.8990	0.8928
17
0102	0.1533	0.9917	0.3837	0.9080	0.1198s	0.3519	0.9010	0.8955
18
0103	0.1599	0.9583	0.3787	0.9120	0.1226s	0.3482	0.9050	0.8998
19
0104	0.1459	0.9833	0.3738	0.9140	0.1200s	0.3434	0.9100	0.9054
20
0105	0.1390	0.9833	0.3710	0.9160	0.1221s	0.3389	0.9120	0.9074
21
0106	0.1619	1.0000	0.3702	0.9160	0.1217s	0.3349	0.9130	0.9087
22
0107	0.1384	0.9583	0.3736	0.9100	0.1218s	0.3371	0.9080	0.9030
23
0108	0.1337	0.9917	0.3791	0.9020	0.1197s	0.3421	0.9050	0.8994
24
0109	0.1515	0.9750	0.3809	0.9000	0.1220s	0.3427	0.9050	0.8994
25
0110	0.1399	0.9750	0.3809	0.9040	0.1199s	0.3425	0.9030	0.8974
26
0111	0.1347	0.9833	0.3803	0.9040	0.1225s	0.3422	0.9000	0.8943
27
0112	0.1379	0.9667	0.3802	0.9100	0.1227s	0.3423	0.9010	0.8955
28
0113	0.1354	0.9750	0.3823	0.9120	0.1226s	0.3448	0.9030	0.8980
29
0114	0.1506	0.9833	0.3790	0.9120	0.1221s	0.3411	0.9050	0.9002
30
0115	0.1420	0.9750	0.3749	0.9100	0.1220s	0.3365	0.9100	0.9050
31
0116	0.1588	0.9667	0.3697	0.9140	0.1216s	0.3300	0.9150	0.9099
32
0117	0.1313	0.9917	0.3678	0.9100	0.1223s	0.3255	0.9160	0.9115
33
0118	0.1362	0.9750	0.3673	0.9100	0.1223s	0.3254	0.9150	0.9105
34
0119	0.1489	0.9917	0.3681	0.9140	0.1225s	0.3263	0.9160	0.9112
35
0120	0.1358	0.9667	0.3709	0.9120	0.1221s	0.3309	0.9130	0.9079
36
0121	0.1448	0.9667	0.3725	0.9100	0.1226s	0.3352	0.9080	0.9028
37
0122	0.1406	0.9667	0.3723	0.9100	0.1223s	0.3372	0.9080	0.9027
38
0123	0.1355	1.0000	0.3719	0.9100	0.1048s	0.3386	0.9050	0.8997
39
0124	0.1717	0.9667	0.3730	0.9080	0.1043s	0.3414	0.9030	0.8975
40
0125	0.1435	0.9417	0.3706	0.9060	0.1186s	0.3395	0.9080	0.9030
41
0126	0.1428	0.9750	0.3699	0.9040	0.1215s	0.3400	0.9070	0.9015
42
0127	0.1472	0.9750	0.3671	0.9100	0.1220s	0.3387	0.9080	0.9025
43
0128	0.1418	0.9833	0.3650	0.9120	0.1206s	0.3369	0.9120	0.9070
44
0129	0.1180	0.9833	0.3624	0.9160	0.1221s	0.3355	0.9120	0.9073
45
0130	0.1423	0.9833	0.3610	0.9220	0.1224s	0.3359	0.9120	0.9072
46
0131	0.1279	0.9917	0.3582	0.9180	0.1095s	0.3338	0.9150	0.9105
0
0132	0.1401	0.9833	0.3556	0.9160	0.1193s	0.3323	0.9150	0.9102
1
0133	0.1396	0.9833	0.3560	0.9180	0.1201s	0.3339	0.9130	0.9082
0
0134	0.1742	0.9750	0.3591	0.9120	0.1223s	0.3389	0.9150	0.9104
1
0135	0.1550	0.9583	0.3622	0.9080	0.1198s	0.3452	0.9110	0.9063
2
0136	0.1292	0.9667	0.3648	0.9100	0.1223s	0.3507	0.9090	0.9042
3
0137	0.1290	0.9917	0.3637	0.9100	0.1222s	0.3510	0.9090	0.9042
4
0138	0.1468	1.0000	0.3585	0.9100	0.1226s	0.3464	0.9120	0.9076
5
0139	0.1236	0.9917	0.3571	0.9160	0.1227s	0.3452	0.9130	0.9086
6
0140	0.1198	0.9667	0.3605	0.9120	0.1223s	0.3487	0.9130	0.9087
7
0141	0.1576	0.9667	0.3663	0.9080	0.1227s	0.3555	0.9130	0.9087
8
0142	0.1215	1.0000	0.3743	0.9060	0.1219s	0.3644	0.9080	0.9030
9
0143	0.1286	0.9833	0.3741	0.9040	0.1178s	0.3654	0.9080	0.9029
10
0144	0.1150	0.9917	0.3720	0.9040	0.1191s	0.3631	0.9080	0.9034
11
0145	0.1656	0.9750	0.3653	0.9120	0.1223s	0.3528	0.9130	0.9088
12
0146	0.1312	0.9917	0.3592	0.9140	0.1213s	0.3425	0.9110	0.9065
13
0147	0.1185	0.9917	0.3593	0.9120	0.1163s	0.3382	0.9130	0.9090
14
0148	0.1309	0.9917	0.3630	0.9140	0.1216s	0.3388	0.9150	0.9109
15
0149	0.1428	0.9583	0.3634	0.9080	0.1224s	0.3390	0.9140	0.9098
16
0150	0.1567	0.9667	0.3647	0.9080	0.1219s	0.3418	0.9140	0.9096
17
0151	0.1526	0.9833	0.3709	0.9020	0.1221s	0.3494	0.9150	0.9105
18
0152	0.1565	0.9750	0.3803	0.8980	0.1223s	0.3577	0.9140	0.9092
19
0153	0.1350	0.9417	0.3862	0.8960	0.1225s	0.3619	0.9090	0.9038
20
0154	0.1200	0.9833	0.3837	0.9040	0.1198s	0.3576	0.9080	0.9033
21
0155	0.1301	0.9750	0.3810	0.9100	0.1223s	0.3513	0.9080	0.9036
22
0156	0.1302	0.9750	0.3791	0.9080	0.1223s	0.3454	0.9090	0.9050
23
0157	0.1454	0.9833	0.3798	0.9080	0.1222s	0.3454	0.9110	0.9071
24
0158	0.1475	0.9833	0.3767	0.9120	0.1176s	0.3433	0.9170	0.9133
25
0159	0.1285	0.9750	0.3768	0.9120	0.1228s	0.3458	0.9160	0.9120
26
0160	0.1249	0.9750	0.3808	0.9060	0.1198s	0.3514	0.9150	0.9107
27
0161	0.1229	0.9750	0.3880	0.9000	0.1226s	0.3596	0.9090	0.9039
28
0162	0.1302	0.9833	0.3970	0.8940	0.1223s	0.3679	0.9090	0.9036
29
0163	0.1350	0.9750	0.3999	0.8960	0.1218s	0.3691	0.9110	0.9056
30
0164	0.1471	0.9667	0.3988	0.8980	0.1222s	0.3662	0.9110	0.9055
31
0165	0.1277	0.9667	0.3934	0.8980	0.1223s	0.3593	0.9130	0.9081
32
0166	0.1593	0.9667	0.3894	0.9020	0.1218s	0.3550	0.9080	0.9033
33
0167	0.1289	0.9750	0.3922	0.9000	0.1223s	0.3562	0.9100	0.9056
34
0168	0.1391	0.9500	0.3911	0.9020	0.1219s	0.3560	0.9080	0.9035
35
0169	0.1420	0.9917	0.3876	0.9020	0.1219s	0.3556	0.9090	0.9047
36
0170	0.1527	0.9583	0.3810	0.9100	0.1222s	0.3525	0.9110	0.9067
37
0171	0.1389	0.9917	0.3784	0.9060	0.1237s	0.3525	0.9130	0.9089
38
0172	0.1890	0.9500	0.3779	0.9020	0.1197s	0.3521	0.9170	0.9130
39
0173	0.1456	0.9750	0.3817	0.9000	0.1221s	0.3563	0.9140	0.9091
40
0174	0.1351	0.9750	0.3849	0.8980	0.1178s	0.3597	0.9110	0.9057
41
0175	0.1269	0.9833	0.3868	0.8980	0.1225s	0.3609	0.9060	0.9008
42
0176	0.1472	0.9667	0.3858	0.8980	0.1174s	0.3586	0.9070	0.9024
43
0177	0.1226	0.9833	0.3841	0.8980	0.1196s	0.3556	0.9080	0.9035
44
0178	0.1373	0.9750	0.3750	0.9000	0.1219s	0.3464	0.9120	0.9074
45
0179	0.1428	0.9583	0.3689	0.9060	0.1129s	0.3419	0.9170	0.9128
46
0180	0.1260	1.0000	0.3668	0.9060	0.1222s	0.3421	0.9160	0.9120
47
0181	0.1451	0.9833	0.3694	0.9060	0.1241s	0.3476	0.9150	0.9113
48
0182	0.1535	0.9500	0.3705	0.9060	0.1224s	0.3496	0.9150	0.9113
49
0183	0.1453	0.9750	0.3714	0.9060	0.1106s	0.3522	0.9090	0.9043
50
0184	0.1252	0.9750	0.3732	0.9000	0.1226s	0.3552	0.9090	0.9036
51
0185	0.1398	0.9750	0.3793	0.8960	0.1219s	0.3612	0.9090	0.9036
52
0186	0.1550	0.9583	0.3801	0.8980	0.1225s	0.3623	0.9050	0.8998
53
0187	0.1456	0.9583	0.3807	0.8980	0.1223s	0.3624	0.9060	0.9011
54
0188	0.1328	0.9750	0.3778	0.9000	0.1222s	0.3593	0.9080	0.9033
55
0189	0.1437	0.9833	0.3698	0.8980	0.1225s	0.3514	0.9080	0.9031
56
0190	0.1360	0.9750	0.3628	0.8980	0.1222s	0.3462	0.9130	0.9085
57
0191	0.1446	0.9917	0.3556	0.9060	0.1224s	0.3399	0.9160	0.9118
58
0192	0.1108	0.9917	0.3523	0.9080	0.1222s	0.3366	0.9160	0.9121
0
0193	0.1476	0.9500	0.3536	0.9100	0.1222s	0.3391	0.9120	0.9080
0
0194	0.1203	1.0000	0.3559	0.9080	0.1220s	0.3436	0.9110	0.9065
1
0195	0.1457	0.9750	0.3617	0.9040	0.1220s	0.3502	0.9110	0.9063
2
0196	0.1225	0.9667	0.3711	0.9000	0.1221s	0.3597	0.9050	0.8997
3
0197	0.1307	0.9917	0.3828	0.8960	0.1221s	0.3711	0.9020	0.8961
4
0198	0.1331	0.9667	0.3901	0.8860	0.1219s	0.3774	0.8990	0.8934
5
0199	0.1261	0.9833	0.3872	0.8880	0.1225s	0.3751	0.9000	0.8942
6
0200	0.1400	0.9833	0.3753	0.9020	0.1074s	0.3642	0.9040	0.8988
7
0201	0.1293	0.9833	0.3661	0.9060	0.1219s	0.3569	0.9070	0.9020
8
0202	0.1236	0.9917	0.3619	0.9080	0.1220s	0.3541	0.9090	0.9040
9
0203	0.1333	0.9917	0.3608	0.9060	0.1222s	0.3544	0.9120	0.9071
10
0204	0.1171	0.9833	0.3593	0.9060	0.1216s	0.3532	0.9090	0.9042
11
0205	0.1294	0.9750	0.3596	0.9040	0.1045s	0.3533	0.9120	0.9074
12
0206	0.1339	0.9667	0.3606	0.9080	0.1223s	0.3533	0.9100	0.9051
13
0207	0.1678	0.9583	0.3630	0.9040	0.1216s	0.3549	0.9110	0.9061
14
0208	0.1384	0.9833	0.3679	0.9100	0.1221s	0.3601	0.9080	0.9029
15
0209	0.1384	0.9917	0.3799	0.9040	0.1207s	0.3733	0.8980	0.8918
16
0210	0.1328	0.9750	0.3904	0.9000	0.1220s	0.3834	0.8940	0.8875
17
0211	0.1393	0.9833	0.3926	0.9040	0.1223s	0.3844	0.8930	0.8864
18
0212	0.1455	0.9417	0.3793	0.8960	0.1221s	0.3703	0.9070	0.9028
19
0213	0.1514	0.9667	0.3704	0.8980	0.1217s	0.3564	0.9120	0.9083
20
0214	0.1326	0.9667	0.3667	0.9080	0.1221s	0.3463	0.9130	0.9094
21
0215	0.1579	0.9917	0.3677	0.9120	0.1217s	0.3420	0.9160	0.9125
22
0216	0.1492	1.0000	0.3697	0.9060	0.1221s	0.3445	0.9140	0.9103
23
0217	0.1367	0.9833	0.3790	0.9080	0.1222s	0.3566	0.9010	0.8964
24
0218	0.1384	0.9917	0.3937	0.9040	0.1218s	0.3734	0.8940	0.8888
25
0219	0.1418	0.9917	0.4023	0.9020	0.1225s	0.3816	0.8910	0.8854
26
0220	0.1418	0.9833	0.4055	0.8980	0.1222s	0.3847	0.8870	0.8814
27
0221	0.1498	0.9500	0.4028	0.8920	0.1223s	0.3813	0.8930	0.8871
28
0222	0.1401	0.9750	0.3991	0.8960	0.1050s	0.3748	0.8970	0.8917
29
0223	0.1493	0.9750	0.3985	0.9000	0.1215s	0.3712	0.8960	0.8914
30
0224	0.1392	0.9667	0.3954	0.8960	0.1057s	0.3660	0.9010	0.8973
31
0225	0.1362	0.9750	0.3887	0.8960	0.1221s	0.3581	0.9030	0.8988
32
0226	0.1323	1.0000	0.3833	0.8920	0.1213s	0.3523	0.9050	0.9002
33
0227	0.1258	0.9750	0.3853	0.8940	0.1209s	0.3544	0.8990	0.8931
34
0228	0.1149	0.9917	0.3957	0.8980	0.1207s	0.3644	0.8930	0.8870
35
0229	0.1473	0.9833	0.4006	0.8960	0.1211s	0.3693	0.8890	0.8832
36
0230	0.1221	0.9917	0.3986	0.8980	0.1206s	0.3664	0.8910	0.8856
37
0231	0.1451	1.0000	0.3876	0.9040	0.1211s	0.3545	0.8990	0.8945
38
0232	0.1353	0.9917	0.3802	0.9000	0.1219s	0.3459	0.9020	0.8970
39
0233	0.1331	0.9833	0.3781	0.9020	0.1220s	0.3452	0.9040	0.8990
40
0234	0.1160	1.0000	0.3832	0.8960	0.1221s	0.3516	0.9020	0.8968
41
0235	0.1273	0.9833	0.3875	0.9000	0.1217s	0.3580	0.9030	0.8979
42
0236	0.1455	1.0000	0.3917	0.8980	0.1217s	0.3654	0.9040	0.8989
43
0237	0.1359	0.9917	0.3921	0.8980	0.1220s	0.3676	0.9030	0.8980
44
0238	0.1453	0.9833	0.3897	0.8940	0.1054s	0.3667	0.9050	0.8997
45
0239	0.1426	0.9750	0.3903	0.8940	0.1170s	0.3662	0.9060	0.9007
46
0240	0.1380	0.9833	0.3951	0.8960	0.1223s	0.3681	0.9010	0.8954
47
0241	0.1333	0.9917	0.3956	0.8980	0.1225s	0.3663	0.8990	0.8937
48
0242	0.1332	0.9750	0.3991	0.8980	0.1222s	0.3689	0.8970	0.8917
49
0243	0.1223	0.9750	0.3984	0.9020	0.1220s	0.3685	0.8980	0.8921
50
0244	0.1386	0.9917	0.3922	0.9020	0.1219s	0.3631	0.9060	0.9007
51
0245	0.1345	0.9917	0.3885	0.9020	0.1220s	0.3601	0.9060	0.9008
52
0246	0.1315	0.9750	0.3883	0.8980	0.1129s	0.3587	0.9060	0.9007
53
0247	0.1308	0.9500	0.3884	0.8980	0.1221s	0.3580	0.9100	0.9052
54
0248	0.1420	0.9917	0.3890	0.9020	0.1219s	0.3586	0.9090	0.9044
55
0249	0.1479	0.9917	0.3918	0.8980	0.1224s	0.3638	0.9070	0.9021
56
0250	0.1419	0.9917	0.3916	0.8960	0.1216s	0.3663	0.9080	0.9026
57
0251	0.1267	0.9833	0.3939	0.8920	0.1220s	0.3697	0.9080	0.9018
58
0252	0.1317	0.9750	0.3916	0.8980	0.1221s	0.3668	0.9060	0.8998
59
0253	0.1660	0.9583	0.3846	0.9020	0.1218s	0.3579	0.9010	0.8953
60
0254	0.1247	0.9750	0.3816	0.9080	0.1224s	0.3525	0.9090	0.9044
61
0255	0.1649	0.9583	0.3795	0.9060	0.1226s	0.3503	0.9060	0.9011
62
0256	0.1294	0.9750	0.3810	0.9080	0.1218s	0.3520	0.9060	0.9008
63
0257	0.1290	0.9917	0.3820	0.9020	0.1225s	0.3550	0.9030	0.8982
64
0258	0.1384	0.9500	0.3786	0.9040	0.1226s	0.3558	0.9060	0.9015
65
0259	0.1337	0.9833	0.3743	0.9060	0.1046s	0.3552	0.9070	0.9031
66
0260	0.1588	0.9917	0.3740	0.9060	0.1214s	0.3593	0.9080	0.9041
67
0261	0.1203	0.9833	0.3687	0.9060	0.1225s	0.3557	0.9090	0.9054
68
0262	0.1503	0.9750	0.3634	0.9060	0.1219s	0.3524	0.9080	0.9037
69
0263	0.1503	0.9750	0.3566	0.9060	0.1214s	0.3448	0.9100	0.9061
70
0264	0.1294	0.9917	0.3530	0.9080	0.1221s	0.3390	0.9100	0.9061
71
0265	0.1238	0.9833	0.3552	0.9100	0.1218s	0.3388	0.9080	0.9036
72
0266	0.1396	0.9833	0.3608	0.9040	0.1221s	0.3416	0.9030	0.8980
73
0267	0.1127	1.0000	0.3761	0.9000	0.1221s	0.3551	0.8960	0.8899
74
0268	0.1391	0.9583	0.3863	0.8940	0.1223s	0.3650	0.8950	0.8887
75
0269	0.1332	0.9833	0.3883	0.8920	0.1218s	0.3671	0.8920	0.8857
76
0270	0.1563	0.9750	0.3801	0.9000	0.1219s	0.3594	0.8960	0.8904
77
0271	0.1304	0.9750	0.3702	0.9040	0.1221s	0.3491	0.8990	0.8947
78
0272	0.1427	0.9833	0.3584	0.9100	0.1224s	0.3384	0.9080	0.9044
79
0273	0.1472	0.9667	0.3529	0.9080	0.1218s	0.3343	0.9130	0.9097
80
0274	0.1630	0.9667	0.3500	0.9040	0.1222s	0.3322	0.9150	0.9112
81
0275	0.1293	0.9833	0.3505	0.9120	0.1221s	0.3353	0.9150	0.9108
0
0276	0.1108	1.0000	0.3580	0.9060	0.1220s	0.3440	0.9100	0.9056
1
0277	0.1243	0.9833	0.3698	0.9000	0.1219s	0.3569	0.9010	0.8959
2
0278	0.1368	0.9833	0.3748	0.9000	0.1218s	0.3634	0.9010	0.8956
3
0279	0.1284	0.9917	0.3730	0.8960	0.1221s	0.3609	0.9010	0.8954
4
0280	0.1417	0.9917	0.3650	0.8980	0.1221s	0.3528	0.9040	0.8986
5
0281	0.1323	0.9667	0.3617	0.9000	0.1221s	0.3488	0.9080	0.9032
6
0282	0.1548	0.9583	0.3607	0.8980	0.1220s	0.3453	0.9110	0.9071
7
0283	0.1472	0.9667	0.3624	0.9000	0.1222s	0.3442	0.9120	0.9087
8
0284	0.1307	0.9917	0.3630	0.9020	0.1218s	0.3432	0.9090	0.9053
9
0285	0.1266	0.9917	0.3624	0.9020	0.1219s	0.3436	0.9100	0.9058
10
0286	0.1497	1.0000	0.3585	0.9100	0.1221s	0.3416	0.9080	0.9034
11
0287	0.1352	0.9667	0.3592	0.9060	0.1221s	0.3433	0.9100	0.9060
12
0288	0.1307	1.0000	0.3586	0.9060	0.1174s	0.3432	0.9090	0.9043
13
0289	0.1464	0.9917	0.3565	0.9080	0.1219s	0.3407	0.9120	0.9077
14
0290	0.1263	0.9750	0.3554	0.9080	0.1223s	0.3396	0.9110	0.9065
15
0291	0.1419	0.9667	0.3527	0.9100	0.1218s	0.3355	0.9140	0.9094
16
0292	0.1493	0.9750	0.3524	0.9080	0.1221s	0.3331	0.9130	0.9082
17
0293	0.1659	0.9833	0.3578	0.9040	0.1221s	0.3360	0.9110	0.9059
18
0294	0.1129	0.9917	0.3638	0.9040	0.1219s	0.3417	0.9080	0.9030
19
0295	0.1506	0.9833	0.3749	0.9020	0.1222s	0.3530	0.9070	0.9019
20
0296	0.1070	0.9917	0.3783	0.9000	0.1226s	0.3582	0.9060	0.9007
21
0297	0.1219	0.9917	0.3753	0.8980	0.1214s	0.3582	0.9060	0.9004
22
0298	0.1475	0.9667	0.3659	0.9060	0.1219s	0.3530	0.9060	0.9005
23
0299	0.1169	0.9750	0.3575	0.9120	0.1220s	0.3481	0.9100	0.9048
24
0300	0.1266	0.9833	0.3548	0.9080	0.1218s	0.3479	0.9080	0.9024
25
0301	0.1277	0.9833	0.3517	0.9080	0.1222s	0.3451	0.9080	0.9028
26
0302	0.1235	0.9833	0.3508	0.9040	0.1219s	0.3437	0.9070	0.9019
27
0303	0.1415	0.9750	0.3529	0.9040	0.1216s	0.3438	0.9080	0.9032
28
0304	0.1358	0.9833	0.3561	0.9020	0.1220s	0.3455	0.9100	0.9056
29
0305	0.1174	0.9833	0.3603	0.9060	0.1220s	0.3487	0.9080	0.9032
30
0306	0.1315	0.9667	0.3674	0.9040	0.1220s	0.3545	0.9040	0.8989
31
0307	0.1313	1.0000	0.3721	0.9040	0.1219s	0.3575	0.9020	0.8965
32
0308	0.1332	0.9750	0.3827	0.9020	0.1225s	0.3656	0.8950	0.8886
33
0309	0.1399	0.9833	0.3789	0.9040	0.1214s	0.3622	0.8980	0.8918
34
0310	0.1427	0.9583	0.3689	0.9100	0.1220s	0.3541	0.9040	0.8986
35
0311	0.1665	0.9417	0.3573	0.9100	0.1221s	0.3439	0.9000	0.8942
36
0312	0.1344	0.9750	0.3533	0.9100	0.1225s	0.3395	0.9060	0.9009
37
0313	0.1503	0.9667	0.3570	0.9080	0.1217s	0.3411	0.9050	0.8997
38
0314	0.1335	0.9583	0.3639	0.9060	0.1220s	0.3455	0.9040	0.8985
39
0315	0.1385	0.9750	0.3700	0.9060	0.1220s	0.3505	0.9060	0.9007
40
0316	0.1308	0.9833	0.3760	0.9120	0.1216s	0.3554	0.9050	0.9001
41
0317	0.1218	1.0000	0.3814	0.9060	0.1217s	0.3591	0.9040	0.8989
42
0318	0.1208	1.0000	0.3845	0.9020	0.1225s	0.3605	0.9030	0.8976
43
0319	0.1367	0.9833	0.3861	0.8980	0.1221s	0.3612	0.9060	0.9011
44
0320	0.1546	0.9750	0.3821	0.8980	0.1221s	0.3576	0.9070	0.9021
45
0321	0.1450	0.9917	0.3766	0.9020	0.1225s	0.3532	0.9070	0.9020
46
0322	0.1291	0.9750	0.3701	0.9040	0.1217s	0.3481	0.9040	0.8987
47
0323	0.1344	0.9833	0.3670	0.9080	0.1226s	0.3464	0.9060	0.9009
48
0324	0.1291	0.9917	0.3669	0.9060	0.1223s	0.3465	0.9070	0.9021
49
0325	0.1304	0.9750	0.3682	0.9060	0.1224s	0.3477	0.9080	0.9031
50
0326	0.1282	0.9833	0.3745	0.9040	0.1217s	0.3540	0.9000	0.8946
51
0327	0.1348	0.9750	0.3830	0.9020	0.1220s	0.3619	0.8930	0.8869
52
0328	0.1347	0.9750	0.3900	0.8940	0.1249s	0.3683	0.8940	0.8882
53
0329	0.1420	0.9833	0.3892	0.8980	0.1221s	0.3666	0.8960	0.8903
54
0330	0.1277	0.9833	0.3820	0.9000	0.1220s	0.3588	0.9050	0.8994
55
0331	0.1257	1.0000	0.3734	0.9040	0.1222s	0.3491	0.9020	0.8965
56
0332	0.1372	1.0000	0.3714	0.9040	0.1220s	0.3473	0.9040	0.8988
57
0333	0.1140	0.9917	0.3695	0.9060	0.1221s	0.3459	0.9040	0.8986
58
0334	0.1318	0.9583	0.3682	0.9080	0.1224s	0.3459	0.9060	0.9011
59
0335	0.1480	0.9833	0.3664	0.9080	0.1223s	0.3463	0.9060	0.9010
60
0336	0.1312	0.9750	0.3674	0.9100	0.1220s	0.3497	0.9020	0.8967
61
0337	0.1135	0.9917	0.3748	0.9020	0.1224s	0.3588	0.8990	0.8931
62
0338	0.1508	0.9750	0.3926	0.8980	0.1220s	0.3759	0.8950	0.8888
63
0339	0.1355	1.0000	0.4018	0.8960	0.1222s	0.3836	0.8920	0.8853
64
0340	0.1566	0.9917	0.4007	0.8940	0.1216s	0.3809	0.8930	0.8863
65
0341	0.1322	0.9750	0.3947	0.9000	0.1218s	0.3730	0.8950	0.8885
66
0342	0.1504	0.9833	0.3813	0.9060	0.1218s	0.3581	0.9050	0.8993
67
0343	0.1235	0.9833	0.3714	0.9100	0.1219s	0.3470	0.9070	0.9020
68
0344	0.1313	0.9667	0.3670	0.9120	0.1218s	0.3421	0.9090	0.9045
69
0345	0.1115	0.9750	0.3661	0.9080	0.1215s	0.3417	0.9070	0.9025
70
0346	0.1412	0.9833	0.3660	0.9060	0.1234s	0.3436	0.9080	0.9037
71
0347	0.1527	0.9917	0.3710	0.9080	0.1223s	0.3502	0.9020	0.8965
72
0348	0.1195	0.9750	0.3878	0.9020	0.1212s	0.3663	0.8970	0.8906
73
0349	0.1557	1.0000	0.4134	0.8860	0.1219s	0.3900	0.8900	0.8827
74
0350	0.1441	0.9917	0.4248	0.8840	0.1223s	0.4012	0.8850	0.8776
75
0351	0.1423	0.9917	0.4080	0.8900	0.1213s	0.3861	0.8910	0.8838
76
0352	0.1338	0.9667	0.3895	0.9040	0.1223s	0.3680	0.9000	0.8942
77
0353	0.1252	0.9833	0.3757	0.9040	0.1221s	0.3535	0.9060	0.9007
78
0354	0.1273	0.9833	0.3697	0.9060	0.1215s	0.3464	0.9110	0.9066
79
0355	0.1382	0.9833	0.3682	0.9060	0.1223s	0.3457	0.9080	0.9032
80
0356	0.1165	0.9833	0.3694	0.9060	0.1217s	0.3489	0.9050	0.8998
81
0357	0.1328	0.9833	0.3743	0.9040	0.1221s	0.3550	0.9050	0.8998
82
0358	0.1271	0.9833	0.3795	0.9040	0.1220s	0.3602	0.9020	0.8962
83
0359	0.1688	0.9417	0.3830	0.9020	0.1222s	0.3618	0.9020	0.8961
84
0360	0.1705	0.9667	0.3860	0.9020	0.1220s	0.3630	0.9040	0.8985
85
0361	0.1364	0.9750	0.3889	0.9020	0.1219s	0.3645	0.9010	0.8954
86
0362	0.1272	0.9917	0.3887	0.9000	0.1218s	0.3638	0.9010	0.8952
87
0363	0.1350	0.9917	0.3795	0.9080	0.1221s	0.3559	0.9040	0.8986
88
0364	0.1248	0.9833	0.3710	0.9060	0.1221s	0.3493	0.9060	0.9006
89
0365	0.1156	0.9750	0.3670	0.9080	0.1245s	0.3469	0.9060	0.9008
90
0366	0.1367	0.9750	0.3640	0.9080	0.1219s	0.3461	0.9100	0.9054
91
0367	0.1189	1.0000	0.3648	0.9080	0.1219s	0.3488	0.9060	0.9013
92
0368	0.1353	0.9833	0.3695	0.9040	0.1220s	0.3546	0.9060	0.9008
93
0369	0.1383	0.9833	0.3750	0.9020	0.1221s	0.3592	0.8980	0.8925
94
0370	0.1450	0.9750	0.3738	0.9020	0.1206s	0.3563	0.8990	0.8937
95
0371	0.1501	0.9750	0.3693	0.9100	0.1221s	0.3500	0.9020	0.8968
96
0372	0.1348	0.9667	0.3681	0.9100	0.1220s	0.3462	0.8990	0.8930
97
0373	0.1212	1.0000	0.3740	0.9140	0.1222s	0.3497	0.9000	0.8941
98
0374	0.1378	0.9917	0.3766	0.9140	0.1227s	0.3505	0.9020	0.8966
99
0375	0.1214	0.9833	0.3782	0.9160	0.1220s	0.3516	0.9020	0.8967
100
0376	0.1159	0.9917	0.3756	0.9120	0.1218s	0.3508	0.9020	0.8967
101
0377	0.1349	0.9833	0.3713	0.9100	0.1219s	0.3488	0.8970	0.8916
102
0378	0.1285	0.9917	0.3673	0.9060	0.1228s	0.3474	0.9010	0.8959
103
0379	0.1224	0.9917	0.3701	0.9080	0.1222s	0.3504	0.9010	0.8957
104
0380	0.1457	0.9667	0.3757	0.9040	0.1220s	0.3542	0.9040	0.8989
105
0381	0.1386	0.9833	0.3790	0.9020	0.1219s	0.3554	0.9040	0.8995
106
0382	0.1538	0.9667	0.3721	0.9080	0.1221s	0.3456	0.9030	0.8978
107
0383	0.1361	0.9750	0.3692	0.9120	0.1221s	0.3398	0.9080	0.9031
108
0384	0.1371	0.9750	0.3715	0.9120	0.1223s	0.3405	0.9060	0.9008
109
0385	0.1232	0.9833	0.3748	0.9060	0.1224s	0.3433	0.9050	0.8998
110
0386	0.1100	1.0000	0.3766	0.9080	0.1048s	0.3452	0.9070	0.9022
111
0387	0.1298	0.9583	0.3796	0.9020	0.1262s	0.3475	0.9040	0.8991
112
0388	0.1259	0.9750	0.3829	0.9000	0.1226s	0.3508	0.9050	0.9000
113
0389	0.1412	0.9750	0.3871	0.8980	0.1206s	0.3551	0.8980	0.8925
114
0390	0.1232	0.9500	0.3875	0.8980	0.1222s	0.3564	0.9000	0.8949
115
0391	0.1281	0.9917	0.3815	0.8980	0.1217s	0.3520	0.9020	0.8971
116
0392	0.1294	0.9750	0.3774	0.8980	0.1220s	0.3482	0.9040	0.8992
117
0393	0.1219	0.9583	0.3777	0.9000	0.1219s	0.3471	0.9050	0.9004
118
0394	0.1327	0.9750	0.3819	0.8980	0.1222s	0.3493	0.8990	0.8935
119
0395	0.1369	0.9917	0.3851	0.9000	0.1203s	0.3508	0.8990	0.8933
120
0396	0.1223	0.9917	0.3879	0.8980	0.1217s	0.3528	0.8990	0.8929
121
0397	0.1671	0.9667	0.3881	0.8980	0.1222s	0.3522	0.9010	0.8949
122
0398	0.1225	0.9917	0.3852	0.8980	0.1214s	0.3505	0.9010	0.8952
123
0399	0.1147	0.9917	0.3819	0.9000	0.1214s	0.3492	0.9040	0.8988
124
0400	0.1158	0.9833	0.3798	0.9000	0.1219s	0.3489	0.9030	0.8977
125
0401	0.1196	0.9917	0.3798	0.9020	0.1219s	0.3503	0.9050	0.9000
126
0402	0.1379	0.9917	0.3813	0.9000	0.1216s	0.3529	0.9030	0.8979
127
0403	0.1391	0.9833	0.3845	0.9020	0.1216s	0.3563	0.9030	0.8982
128
0404	0.1544	0.9833	0.3898	0.8980	0.1220s	0.3596	0.9020	0.8970
129
0405	0.1272	0.9917	0.3990	0.8920	0.1220s	0.3654	0.8930	0.8870
130
0406	0.1363	0.9833	0.4023	0.8920	0.1045s	0.3664	0.8940	0.8880
131
0407	0.1413	0.9667	0.3986	0.8960	0.1216s	0.3626	0.8970	0.8907
132
0408	0.1502	0.9833	0.3927	0.8960	0.1224s	0.3580	0.9030	0.8970
133
0409	0.1193	0.9833	0.3883	0.9000	0.1219s	0.3555	0.9060	0.9007
134
0410	0.1218	1.0000	0.3835	0.8940	0.1223s	0.3526	0.9080	0.9026
135
0411	0.1322	1.0000	0.3821	0.9000	0.1225s	0.3530	0.9060	0.9006
136
0412	0.1147	0.9917	0.3831	0.8980	0.1225s	0.3547	0.9060	0.9010
137
0413	0.1390	0.9750	0.3841	0.9020	0.1223s	0.3551	0.9050	0.8999
138
0414	0.1231	0.9917	0.3845	0.9000	0.1219s	0.3551	0.9050	0.8997
139
0415	0.1519	0.9583	0.3827	0.9000	0.1217s	0.3519	0.9070	0.9023
140
0416	0.1209	0.9833	0.3813	0.8980	0.1219s	0.3487	0.9070	0.9020
141
0417	0.1561	0.9917	0.3820	0.9000	0.1217s	0.3468	0.9060	0.9007
142
0418	0.1156	1.0000	0.3862	0.8980	0.1222s	0.3479	0.9060	0.9006
143
0419	0.1335	0.9750	0.3909	0.8940	0.1219s	0.3500	0.9050	0.8995
144
0420	0.1167	0.9750	0.3940	0.8960	0.1215s	0.3519	0.9060	0.9008
145
0421	0.1256	0.9833	0.4004	0.8940	0.1222s	0.3577	0.9050	0.8998
146
0422	0.1378	0.9750	0.4047	0.8920	0.1221s	0.3617	0.9010	0.8950
147
0423	0.1340	0.9917	0.3959	0.8960	0.1232s	0.3537	0.9030	0.8978
148
0424	0.1274	0.9667	0.3884	0.8940	0.1219s	0.3466	0.9090	0.9039
149
0425	0.1224	0.9833	0.3838	0.8940	0.1217s	0.3437	0.9100	0.9049
150
0426	0.1323	0.9833	0.3816	0.8980	0.1223s	0.3433	0.9080	0.9027
151
0427	0.1344	0.9917	0.3830	0.8940	0.1207s	0.3452	0.9070	0.9015
152
0428	0.1441	0.9750	0.3844	0.8980	0.1213s	0.3473	0.9050	0.8996
153
0429	0.1391	0.9667	0.3907	0.8920	0.1246s	0.3540	0.9070	0.9014
154
0430	0.1340	0.9917	0.3941	0.8940	0.1248s	0.3584	0.9060	0.9004
155
0431	0.1549	0.9583	0.3928	0.8940	0.1254s	0.3574	0.9040	0.8983
156
0432	0.1190	0.9583	0.3889	0.9000	0.1248s	0.3534	0.9010	0.8950
157
0433	0.1272	0.9917	0.3860	0.9020	0.1215s	0.3503	0.9020	0.8965
158
0434	0.1110	0.9917	0.3841	0.9040	0.1221s	0.3480	0.9020	0.8967
159
0435	0.1310	0.9917	0.3871	0.9040	0.1222s	0.3504	0.9020	0.8968
160
0436	0.1439	0.9667	0.3899	0.8980	0.1216s	0.3540	0.9050	0.8996
161
0437	0.1212	0.9833	0.3913	0.8900	0.1219s	0.3580	0.9020	0.8960
162
0438	0.1480	0.9917	0.3959	0.8920	0.1218s	0.3648	0.9040	0.8981
163
0439	0.1391	0.9667	0.3961	0.8880	0.1217s	0.3666	0.9030	0.8972
164
0440	0.1402	0.9750	0.3929	0.8880	0.1220s	0.3651	0.9020	0.8961
165
0441	0.1484	0.9750	0.3862	0.8960	0.1220s	0.3593	0.9020	0.8962
166
0442	0.1254	0.9833	0.3787	0.9000	0.1225s	0.3514	0.9030	0.8974
167
0443	0.1484	0.9750	0.3763	0.9020	0.1221s	0.3481	0.9010	0.8952
168
0444	0.1379	0.9750	0.3766	0.8980	0.1226s	0.3484	0.9020	0.8964
169
0445	0.1162	0.9917	0.3772	0.8960	0.1221s	0.3487	0.9020	0.8965
170
0446	0.1273	0.9833	0.3791	0.8980	0.1221s	0.3520	0.8980	0.8920
171
0447	0.1200	0.9833	0.3801	0.9000	0.1220s	0.3548	0.9000	0.8939
172
0448	0.1223	1.0000	0.3807	0.8980	0.1218s	0.3565	0.9020	0.8964
173
0449	0.1329	0.9917	0.3790	0.8980	0.1218s	0.3561	0.9000	0.8941
174
0450	0.1398	0.9667	0.3795	0.8980	0.1214s	0.3563	0.9010	0.8954
175
0451	0.1301	0.9833	0.3800	0.9000	0.1214s	0.3553	0.8980	0.8922
176
0452	0.1354	0.9833	0.3777	0.9000	0.1211s	0.3520	0.9000	0.8945
177
0453	0.1314	0.9667	0.3750	0.9000	0.1222s	0.3483	0.9050	0.8996
178
0454	0.1238	0.9833	0.3722	0.9020	0.1218s	0.3451	0.9070	0.9015
179
0455	0.1298	0.9583	0.3705	0.9020	0.1220s	0.3423	0.9050	0.8993
180
0456	0.1164	0.9833	0.3707	0.8980	0.1043s	0.3405	0.9010	0.8955
181
0457	0.1240	0.9917	0.3741	0.8980	0.1198s	0.3431	0.9000	0.8945
182
0458	0.1336	0.9917	0.3800	0.8960	0.1222s	0.3486	0.8940	0.8881
183
0459	0.1330	0.9750	0.3809	0.9000	0.1222s	0.3502	0.8930	0.8870
184
0460	0.1368	0.9750	0.3799	0.8920	0.1217s	0.3508	0.8980	0.8924
185
0461	0.1468	0.9833	0.3733	0.8980	0.1217s	0.3449	0.9020	0.8968
186
0462	0.1332	0.9667	0.3654	0.9060	0.1220s	0.3371	0.8980	0.8924
187
0463	0.1361	0.9750	0.3608	0.9100	0.1224s	0.3317	0.9030	0.8978
188
0464	0.1194	1.0000	0.3600	0.9080	0.1220s	0.3298	0.9080	0.9036
189
0465	0.1711	0.9500	0.3601	0.9060	0.1226s	0.3316	0.9070	0.9027
190
0466	0.1376	0.9833	0.3627	0.9060	0.1221s	0.3355	0.9030	0.8984
191
0467	0.1168	0.9833	0.3719	0.9020	0.1224s	0.3463	0.8990	0.8933
192
0468	0.1355	0.9500	0.3839	0.9000	0.1045s	0.3594	0.8990	0.8933
193
0469	0.1179	0.9917	0.3942	0.8900	0.1219s	0.3699	0.8990	0.8929
194
0470	0.1364	0.9833	0.3922	0.8940	0.1218s	0.3676	0.8980	0.8919
195
0471	0.1272	0.9750	0.3863	0.8980	0.1219s	0.3613	0.8990	0.8932
196
0472	0.1346	1.0000	0.3852	0.9040	0.1220s	0.3599	0.8990	0.8935
197
0473	0.1408	0.9583	0.3837	0.8980	0.1218s	0.3593	0.8990	0.8936
198
0474	0.1297	0.9917	0.3822	0.9000	0.1222s	0.3598	0.8950	0.8891
199
Early stop! Min loss:0.3500388264656067,  Max accuracy:0.922
Early stop model validation loss:0.3500388264656067,  accuracy:0.904
Optimization Finished!
Total time elapsed: 58.1884s
test max acc:0.9170
Loading 273th epoch
stru_node_to_hop attention:tensor([[0.2488, 0.2509, 0.2502, 0.2501],
        [0.2494, 0.2503, 0.2502, 0.2502],
        [0.2491, 0.2506, 0.2502, 0.2501],
        [0.2486, 0.2503, 0.2505, 0.2506],
        [0.2476, 0.2508, 0.2507, 0.2509],
        [0.2506, 0.2495, 0.2499, 0.2500],
        [0.2503, 0.2499, 0.2499, 0.2499],
        [0.2486, 0.2505, 0.2504, 0.2504],
        [0.2499, 0.2505, 0.2499, 0.2497],
        [0.2493, 0.2503, 0.2502, 0.2502],
        [0.2504, 0.2498, 0.2499, 0.2499],
        [0.2490, 0.2502, 0.2504, 0.2504],
        [0.2494, 0.2505, 0.2501, 0.2500],
        [0.2514, 0.2504, 0.2494, 0.2489],
        [0.2514, 0.2499, 0.2495, 0.2492],
        [0.2507, 0.2505, 0.2496, 0.2492],
        [0.2496, 0.2505, 0.2501, 0.2498],
        [0.2492, 0.2508, 0.2502, 0.2499],
        [0.2500, 0.2500, 0.2500, 0.2500],
        [0.2508, 0.2502, 0.2496, 0.2494],
        [0.2500, 0.2500, 0.2500, 0.2500],
        [0.2476, 0.2519, 0.2503, 0.2501],
        [0.2503, 0.2501, 0.2499, 0.2497],
        [0.2485, 0.2510, 0.2503, 0.2502],
        [0.2495, 0.2503, 0.2501, 0.2501],
        [0.2486, 0.2509, 0.2503, 0.2502],
        [0.2478, 0.2514, 0.2505, 0.2503],
        [0.2486, 0.2511, 0.2503, 0.2500],
        [0.2500, 0.2501, 0.2500, 0.2499],
        [0.2487, 0.2508, 0.2503, 0.2503],
        [0.2476, 0.2514, 0.2506, 0.2504],
        [0.2481, 0.2513, 0.2504, 0.2502],
        [0.2499, 0.2502, 0.2499, 0.2500],
        [0.2502, 0.2499, 0.2500, 0.2499],
        [0.2481, 0.2501, 0.2508, 0.2510],
        [0.2499, 0.2500, 0.2500, 0.2500],
        [0.2498, 0.2501, 0.2501, 0.2501],
        [0.2497, 0.2500, 0.2501, 0.2503],
        [0.2495, 0.2503, 0.2501, 0.2501],
        [0.2515, 0.2498, 0.2494, 0.2493],
        [0.2501, 0.2499, 0.2500, 0.2500],
        [0.2503, 0.2501, 0.2498, 0.2497],
        [0.2497, 0.2502, 0.2501, 0.2501],
        [0.2498, 0.2501, 0.2501, 0.2501],
        [0.2485, 0.2508, 0.2504, 0.2503],
        [0.1446, 0.1940, 0.2786, 0.3828],
        [0.2503, 0.2497, 0.2500, 0.2500],
        [0.2486, 0.2510, 0.2503, 0.2501],
        [0.2511, 0.2497, 0.2496, 0.2496],
        [0.2502, 0.2499, 0.2499, 0.2500],
        [0.2477, 0.2509, 0.2506, 0.2508],
        [0.2508, 0.2496, 0.2498, 0.2498],
        [0.2500, 0.2500, 0.2500, 0.2500],
        [0.2505, 0.2499, 0.2498, 0.2498],
        [0.2486, 0.2509, 0.2502, 0.2504],
        [0.2493, 0.2505, 0.2501, 0.2501],
        [0.2487, 0.2514, 0.2501, 0.2498],
        [0.2485, 0.2506, 0.2504, 0.2504],
        [0.2488, 0.2508, 0.2503, 0.2501],
        [0.2500, 0.2499, 0.2501, 0.2500],
        [0.2477, 0.2515, 0.2505, 0.2503],
        [0.2495, 0.2502, 0.2502, 0.2501],
        [0.2503, 0.2509, 0.2495, 0.2493],
        [0.2492, 0.2492, 0.2507, 0.2510],
        [0.2499, 0.2501, 0.2500, 0.2500],
        [0.2486, 0.2508, 0.2504, 0.2503],
        [0.2478, 0.2499, 0.2511, 0.2513],
        [0.2485, 0.2501, 0.2506, 0.2508],
        [0.2486, 0.2506, 0.2504, 0.2503],
        [0.2493, 0.2504, 0.2502, 0.2501],
        [0.2495, 0.2507, 0.2499, 0.2499],
        [0.2498, 0.2500, 0.2501, 0.2501],
        [0.2501, 0.2503, 0.2499, 0.2497],
        [0.2487, 0.2512, 0.2503, 0.2499],
        [0.2501, 0.2500, 0.2500, 0.2500],
        [0.2493, 0.2506, 0.2501, 0.2500],
        [0.2512, 0.2504, 0.2494, 0.2490],
        [0.2523, 0.2490, 0.2494, 0.2493],
        [0.2505, 0.2500, 0.2498, 0.2498],
        [0.2492, 0.2502, 0.2503, 0.2503],
        [0.2495, 0.2502, 0.2502, 0.2501],
        [0.2476, 0.2513, 0.2507, 0.2504],
        [0.2499, 0.2500, 0.2501, 0.2499],
        [0.2503, 0.2499, 0.2499, 0.2499],
        [0.2500, 0.2502, 0.2499, 0.2499],
        [0.2490, 0.2503, 0.2503, 0.2503],
        [0.2478, 0.2507, 0.2507, 0.2507],
        [0.2481, 0.2510, 0.2506, 0.2503],
        [0.2494, 0.2508, 0.2500, 0.2498],
        [0.2537, 0.2492, 0.2488, 0.2484],
        [0.2479, 0.2508, 0.2506, 0.2506],
        [0.2491, 0.2505, 0.2502, 0.2502],
        [0.2501, 0.2500, 0.2500, 0.2500],
        [0.2506, 0.2497, 0.2498, 0.2499],
        [0.2495, 0.2502, 0.2502, 0.2501],
        [0.2500, 0.2500, 0.2500, 0.2500],
        [0.2495, 0.2502, 0.2501, 0.2501],
        [0.2505, 0.2499, 0.2498, 0.2498],
        [0.2487, 0.2505, 0.2504, 0.2503],
        [0.2491, 0.2507, 0.2502, 0.2500]], device='cuda:1')
fea_node_to_hop attention:tensor([[0.3332, 0.3322, 0.3346],
        [0.3311, 0.3343, 0.3346],
        [0.3328, 0.3323, 0.3349],
        [0.3325, 0.3327, 0.3348],
        [0.3309, 0.3343, 0.3348],
        [0.3343, 0.3320, 0.3337],
        [0.3350, 0.3323, 0.3327],
        [0.3308, 0.3344, 0.3347],
        [0.3313, 0.3339, 0.3348],
        [0.3328, 0.3324, 0.3347],
        [0.3344, 0.3324, 0.3332],
        [0.3312, 0.3336, 0.3353],
        [0.3315, 0.3335, 0.3350],
        [0.3299, 0.3349, 0.3352],
        [0.3281, 0.3358, 0.3361],
        [0.3328, 0.3326, 0.3346],
        [0.3294, 0.3346, 0.3361],
        [0.3301, 0.3350, 0.3349],
        [0.3334, 0.3333, 0.3333],
        [0.3322, 0.3330, 0.3348],
        [0.3332, 0.3334, 0.3334],
        [0.3336, 0.3321, 0.3343],
        [0.3322, 0.3335, 0.3342],
        [0.3317, 0.3341, 0.3342],
        [0.3331, 0.3338, 0.3332],
        [0.3310, 0.3344, 0.3347],
        [0.3312, 0.3348, 0.3341],
        [0.3318, 0.3335, 0.3347],
        [0.3336, 0.3338, 0.3326],
        [0.3320, 0.3350, 0.3331],
        [0.3306, 0.3340, 0.3354],
        [0.3311, 0.3337, 0.3353],
        [0.3324, 0.3344, 0.3332],
        [0.3338, 0.3327, 0.3335],
        [0.3319, 0.3334, 0.3347],
        [0.3342, 0.3329, 0.3329],
        [0.3301, 0.3351, 0.3347],
        [0.3322, 0.3332, 0.3347],
        [0.3318, 0.3334, 0.3348],
        [0.3326, 0.3336, 0.3338],
        [0.3335, 0.3332, 0.3333],
        [0.3323, 0.3321, 0.3356],
        [0.3327, 0.3336, 0.3338],
        [0.3327, 0.3339, 0.3334],
        [0.3359, 0.3317, 0.3324],
        [0.3103, 0.3442, 0.3454],
        [0.3322, 0.3335, 0.3344],
        [0.3274, 0.3358, 0.3368],
        [0.3328, 0.3333, 0.3338],
        [0.3343, 0.3325, 0.3331],
        [0.3336, 0.3326, 0.3339],
        [0.3324, 0.3327, 0.3349],
        [0.3334, 0.3333, 0.3333],
        [0.3324, 0.3338, 0.3337],
        [0.3322, 0.3341, 0.3338],
        [0.3304, 0.3345, 0.3351],
        [0.3285, 0.3351, 0.3364],
        [0.3296, 0.3353, 0.3351],
        [0.3332, 0.3327, 0.3340],
        [0.3322, 0.3346, 0.3332],
        [0.3279, 0.3360, 0.3361],
        [0.3319, 0.3338, 0.3342],
        [0.3288, 0.3351, 0.3361],
        [0.3317, 0.3336, 0.3347],
        [0.3326, 0.3338, 0.3336],
        [0.3293, 0.3352, 0.3355],
        [0.3318, 0.3344, 0.3337],
        [0.3325, 0.3340, 0.3336],
        [0.3314, 0.3338, 0.3348],
        [0.3311, 0.3345, 0.3343],
        [0.3305, 0.3350, 0.3344],
        [0.3334, 0.3329, 0.3337],
        [0.3306, 0.3347, 0.3347],
        [0.3314, 0.3339, 0.3347],
        [0.3334, 0.3333, 0.3333],
        [0.3294, 0.3348, 0.3358],
        [0.3314, 0.3335, 0.3351],
        [0.3296, 0.3345, 0.3358],
        [0.3354, 0.3326, 0.3320],
        [0.3321, 0.3337, 0.3342],
        [0.3339, 0.3334, 0.3326],
        [0.3288, 0.3368, 0.3344],
        [0.3307, 0.3351, 0.3343],
        [0.3330, 0.3340, 0.3330],
        [0.3328, 0.3330, 0.3342],
        [0.3323, 0.3327, 0.3351],
        [0.3314, 0.3348, 0.3338],
        [0.3311, 0.3336, 0.3353],
        [0.3334, 0.3330, 0.3336],
        [0.3275, 0.3360, 0.3365],
        [0.3336, 0.3335, 0.3330],
        [0.3324, 0.3339, 0.3337],
        [0.3339, 0.3333, 0.3328],
        [0.3352, 0.3324, 0.3324],
        [0.3330, 0.3335, 0.3335],
        [0.3335, 0.3333, 0.3332],
        [0.3324, 0.3342, 0.3334],
        [0.3329, 0.3324, 0.3348],
        [0.3304, 0.3353, 0.3343],
        [0.3338, 0.3328, 0.3334]], device='cuda:1')
perception attention:tensor([0.5000, 0.5000], device='cuda:1')
Test set results: loss= 0.3322 accuracy= 0.9150 F1_score= 0.9112
