# epoch	loss_train	acc_train	loss_val	acc_val	time	acc_test	f1_test
0001	1.7988	0.1750	1.6937	0.4360	0.1218s	1.6831	0.4550	0.3386
0
0002	1.6987	0.3917	1.5357	0.5300	0.1225s	1.5094	0.5590	0.4215
0
0003	1.5269	0.5167	1.3621	0.6100	0.1222s	1.3317	0.6200	0.5172
0
0004	1.3493	0.6500	1.1685	0.7600	0.1225s	1.1457	0.7810	0.7529
0
0005	1.1512	0.7500	0.9868	0.8840	0.1221s	0.9714	0.8710	0.8622
0
0006	0.9610	0.8917	0.8478	0.8640	0.1216s	0.8371	0.8620	0.8571
0
0007	0.8541	0.8083	0.7285	0.8620	0.1153s	0.7190	0.8570	0.8512
0
0008	0.7133	0.8667	0.6284	0.8760	0.1198s	0.6157	0.8730	0.8639
0
0009	0.5934	0.8917	0.5573	0.8880	0.1234s	0.5406	0.8810	0.8712
0
0010	0.5422	0.8667	0.5031	0.8980	0.1221s	0.4829	0.8950	0.8880
0
0011	0.4455	0.9250	0.4599	0.8920	0.1150s	0.4378	0.8930	0.8866
0
0012	0.4066	0.9000	0.4263	0.8920	0.1223s	0.4039	0.9010	0.8948
0
0013	0.4032	0.9250	0.4104	0.8860	0.1222s	0.3884	0.8980	0.8916
0
0014	0.3174	0.9250	0.4030	0.8800	0.1186s	0.3800	0.8950	0.8873
0
0015	0.3297	0.9083	0.3886	0.8860	0.1046s	0.3637	0.8970	0.8904
0
0016	0.2635	0.9583	0.3749	0.8960	0.1223s	0.3476	0.9010	0.8950
0
0017	0.2632	0.9250	0.3687	0.8960	0.1214s	0.3397	0.9000	0.8940
0
0018	0.2211	0.9750	0.3671	0.8940	0.1113s	0.3374	0.9010	0.8952
0
0019	0.2321	0.9417	0.3717	0.8940	0.1049s	0.3412	0.8970	0.8912
0
0020	0.2295	0.9583	0.3856	0.8860	0.1091s	0.3541	0.8980	0.8929
1
0021	0.2242	0.9583	0.3974	0.8820	0.1138s	0.3637	0.8920	0.8861
2
0022	0.2061	0.9667	0.4046	0.8820	0.1046s	0.3706	0.8890	0.8826
3
0023	0.2073	0.9500	0.3984	0.8880	0.1181s	0.3646	0.8950	0.8882
4
0024	0.1893	0.9500	0.3855	0.8880	0.1044s	0.3516	0.8970	0.8909
5
0025	0.1593	0.9667	0.3820	0.9000	0.1091s	0.3468	0.8970	0.8912
6
0026	0.1811	0.9667	0.3848	0.8980	0.1220s	0.3490	0.8950	0.8891
0
0027	0.1881	0.9583	0.3856	0.9000	0.1219s	0.3521	0.8960	0.8899
1
0028	0.1585	0.9583	0.3887	0.8940	0.1231s	0.3574	0.8940	0.8881
0
0029	0.1792	0.9417	0.4004	0.8880	0.1220s	0.3722	0.8940	0.8881
1
0030	0.1583	0.9750	0.4190	0.8860	0.1225s	0.3918	0.8890	0.8814
2
0031	0.1713	0.9583	0.4392	0.8720	0.1221s	0.4114	0.8810	0.8733
3
0032	0.1876	0.9667	0.4389	0.8720	0.1224s	0.4116	0.8810	0.8733
4
0033	0.1769	0.9750	0.4266	0.8740	0.1226s	0.3998	0.8840	0.8770
5
0034	0.2075	0.9833	0.4031	0.8940	0.1229s	0.3763	0.8940	0.8877
6
0035	0.1799	0.9750	0.3937	0.8980	0.1228s	0.3654	0.8940	0.8880
7
0036	0.1439	0.9833	0.3936	0.8940	0.1227s	0.3641	0.8930	0.8870
8
0037	0.1460	0.9750	0.3961	0.8900	0.1167s	0.3661	0.8900	0.8839
9
0038	0.1593	0.9750	0.4016	0.8920	0.1220s	0.3724	0.8910	0.8842
10
0039	0.1674	0.9583	0.4119	0.8860	0.1222s	0.3839	0.8870	0.8798
11
0040	0.1769	0.9667	0.4221	0.8780	0.1215s	0.3957	0.8900	0.8826
12
0041	0.1889	0.9917	0.4243	0.8800	0.1222s	0.3984	0.8870	0.8794
13
0042	0.1554	0.9833	0.4195	0.8860	0.1222s	0.3938	0.8920	0.8850
14
0043	0.1743	0.9750	0.4123	0.8900	0.1220s	0.3866	0.8940	0.8880
15
0044	0.1439	0.9917	0.4054	0.8880	0.1221s	0.3797	0.8940	0.8881
16
0045	0.1679	0.9750	0.4001	0.8880	0.1222s	0.3746	0.8930	0.8871
17
0046	0.1504	0.9917	0.3967	0.8920	0.1219s	0.3714	0.8980	0.8917
18
0047	0.1688	0.9750	0.3955	0.8980	0.1225s	0.3705	0.8940	0.8874
19
0048	0.1819	0.9750	0.3975	0.8860	0.1218s	0.3737	0.8900	0.8833
20
0049	0.1614	0.9583	0.4028	0.8860	0.1220s	0.3793	0.8870	0.8800
21
0050	0.1437	0.9583	0.4046	0.8840	0.1216s	0.3806	0.8850	0.8781
22
0051	0.1638	0.9750	0.4010	0.8820	0.1250s	0.3768	0.8900	0.8836
23
0052	0.1587	0.9500	0.3919	0.8900	0.1218s	0.3679	0.8910	0.8844
24
0053	0.1539	0.9917	0.3873	0.8940	0.1045s	0.3634	0.8970	0.8907
25
0054	0.1498	0.9667	0.3885	0.8960	0.1194s	0.3647	0.9000	0.8940
26
0055	0.1623	0.9833	0.3884	0.8960	0.1219s	0.3641	0.9020	0.8965
27
0056	0.1572	0.9833	0.3900	0.8920	0.1223s	0.3653	0.9030	0.8975
28
0057	0.1460	0.9833	0.3896	0.8920	0.1223s	0.3647	0.9030	0.8971
29
0058	0.1503	0.9917	0.3901	0.8920	0.1221s	0.3641	0.9030	0.8971
30
0059	0.1440	0.9750	0.3927	0.8900	0.1220s	0.3655	0.8990	0.8929
31
0060	0.1510	0.9750	0.4000	0.8840	0.1220s	0.3713	0.8880	0.8807
32
0061	0.1888	0.9833	0.4031	0.8820	0.1218s	0.3732	0.8860	0.8790
33
0062	0.1669	0.9583	0.3970	0.8860	0.1223s	0.3665	0.8920	0.8853
34
0063	0.1496	0.9667	0.3889	0.8920	0.1226s	0.3590	0.8940	0.8872
35
0064	0.1422	0.9833	0.3830	0.8980	0.1218s	0.3550	0.8990	0.8929
36
0065	0.1649	0.9750	0.3815	0.8920	0.1220s	0.3547	0.9030	0.8969
37
0066	0.1466	0.9833	0.3818	0.8960	0.1243s	0.3575	0.9030	0.8974
38
0067	0.1485	0.9917	0.3819	0.8920	0.1222s	0.3594	0.9010	0.8955
39
0068	0.1349	0.9750	0.3846	0.8860	0.1222s	0.3623	0.8970	0.8910
40
0069	0.1458	0.9833	0.3879	0.8860	0.1250s	0.3641	0.8920	0.8857
41
0070	0.1532	0.9583	0.3898	0.8840	0.1223s	0.3644	0.8880	0.8813
42
0071	0.1403	0.9750	0.3882	0.8900	0.1223s	0.3613	0.8900	0.8833
43
0072	0.1438	0.9667	0.3877	0.8880	0.1216s	0.3606	0.8900	0.8833
44
0073	0.1602	1.0000	0.3873	0.8860	0.1220s	0.3615	0.8950	0.8884
45
0074	0.1478	1.0000	0.3813	0.8880	0.1226s	0.3579	0.8990	0.8927
46
0075	0.1610	0.9667	0.3782	0.8920	0.1048s	0.3559	0.9040	0.8981
47
0076	0.1369	0.9917	0.3743	0.8920	0.1223s	0.3540	0.9030	0.8973
48
0077	0.1501	0.9667	0.3739	0.8920	0.1225s	0.3554	0.9050	0.8993
49
0078	0.1541	0.9833	0.3751	0.8940	0.1222s	0.3566	0.9030	0.8973
50
0079	0.1356	0.9750	0.3759	0.8900	0.1223s	0.3564	0.9040	0.8986
51
0080	0.1687	0.9833	0.3778	0.8880	0.1219s	0.3568	0.8980	0.8922
52
0081	0.1510	0.9833	0.3813	0.8940	0.1046s	0.3576	0.8980	0.8919
53
0082	0.1269	0.9917	0.3867	0.8880	0.1218s	0.3606	0.8970	0.8905
54
0083	0.1451	0.9667	0.3881	0.8900	0.1219s	0.3592	0.8980	0.8914
55
0084	0.1393	0.9833	0.3866	0.8880	0.1224s	0.3578	0.9010	0.8946
56
0085	0.1427	0.9917	0.3813	0.8880	0.1256s	0.3539	0.9040	0.8980
57
0086	0.1372	0.9750	0.3739	0.8920	0.1221s	0.3498	0.9080	0.9021
58
0087	0.1664	0.9750	0.3617	0.9020	0.1223s	0.3415	0.9080	0.9025
59
0088	0.1379	0.9833	0.3542	0.9100	0.1225s	0.3355	0.9130	0.9085
0
0089	0.1336	0.9583	0.3521	0.9100	0.1219s	0.3362	0.9120	0.9075
0
0090	0.1621	0.9750	0.3543	0.9020	0.1221s	0.3407	0.9100	0.9051
0
0091	0.1652	0.9750	0.3630	0.9020	0.1219s	0.3484	0.9040	0.8982
1
0092	0.1338	1.0000	0.3779	0.8920	0.1222s	0.3618	0.9020	0.8954
2
0093	0.1252	0.9833	0.3860	0.8900	0.1222s	0.3686	0.9010	0.8939
3
0094	0.1460	0.9917	0.3888	0.8900	0.1221s	0.3707	0.8990	0.8917
4
0095	0.1460	0.9833	0.3843	0.8920	0.1223s	0.3682	0.8990	0.8918
5
0096	0.1467	0.9500	0.3782	0.8920	0.1220s	0.3632	0.9000	0.8931
6
0097	0.1429	0.9917	0.3700	0.8960	0.1218s	0.3554	0.9070	0.9018
7
0098	0.1522	0.9833	0.3662	0.9020	0.1221s	0.3516	0.9070	0.9019
8
0099	0.1587	0.9750	0.3628	0.9040	0.1222s	0.3466	0.9090	0.9043
9
0100	0.1385	0.9833	0.3590	0.9080	0.1222s	0.3406	0.9090	0.9044
10
0101	0.1432	1.0000	0.3603	0.9060	0.1219s	0.3394	0.9110	0.9065
11
0102	0.1350	0.9917	0.3667	0.9060	0.1222s	0.3434	0.9040	0.8984
12
0103	0.1735	0.9750	0.3773	0.8980	0.1221s	0.3515	0.9060	0.9004
13
0104	0.1482	0.9583	0.3915	0.8900	0.1229s	0.3626	0.9010	0.8941
14
0105	0.1418	0.9917	0.4005	0.8900	0.1220s	0.3693	0.9000	0.8922
15
0106	0.1557	0.9750	0.4017	0.8900	0.1221s	0.3691	0.9020	0.8948
16
0107	0.1335	0.9583	0.3937	0.8940	0.1222s	0.3607	0.9070	0.9004
17
0108	0.1594	0.9750	0.3757	0.9020	0.1226s	0.3451	0.9130	0.9078
18
0109	0.1567	0.9667	0.3657	0.9020	0.1225s	0.3377	0.9090	0.9037
19
0110	0.1299	0.9917	0.3609	0.9060	0.1045s	0.3352	0.9090	0.9039
20
0111	0.1457	0.9750	0.3613	0.9060	0.1221s	0.3379	0.9050	0.8999
21
0112	0.1623	0.9583	0.3648	0.9060	0.1221s	0.3433	0.9050	0.9003
22
0113	0.1294	0.9917	0.3712	0.9020	0.1208s	0.3509	0.9000	0.8939
23
0114	0.1432	0.9667	0.3785	0.8940	0.1214s	0.3577	0.9020	0.8959
24
0115	0.1293	0.9917	0.3884	0.8920	0.1223s	0.3667	0.8990	0.8919
25
0116	0.1585	0.9667	0.3971	0.8880	0.1226s	0.3727	0.8980	0.8906
26
0117	0.1600	0.9833	0.3985	0.8900	0.1217s	0.3701	0.8980	0.8906
27
0118	0.1627	0.9833	0.3878	0.8900	0.1222s	0.3576	0.9060	0.8995
28
0119	0.1340	0.9833	0.3739	0.9040	0.1227s	0.3439	0.9090	0.9039
29
0120	0.1536	0.9750	0.3640	0.9060	0.1225s	0.3330	0.9100	0.9054
30
0121	0.1721	0.9750	0.3583	0.9100	0.1223s	0.3280	0.9150	0.9107
31
0122	0.1286	0.9833	0.3573	0.9120	0.1222s	0.3272	0.9100	0.9057
0
0123	0.1464	0.9833	0.3647	0.9040	0.1225s	0.3353	0.9040	0.8990
0
0124	0.1551	0.9833	0.3765	0.8980	0.1222s	0.3489	0.8940	0.8880
1
0125	0.1391	0.9833	0.3900	0.8900	0.1227s	0.3625	0.8880	0.8814
2
0126	0.1274	0.9750	0.3960	0.8860	0.1233s	0.3674	0.8870	0.8804
3
0127	0.1471	0.9750	0.3918	0.8900	0.1222s	0.3606	0.8910	0.8841
4
0128	0.1272	0.9667	0.3806	0.8940	0.1222s	0.3478	0.9000	0.8939
5
0129	0.1378	0.9750	0.3702	0.9060	0.1046s	0.3361	0.9050	0.8999
6
0130	0.1211	1.0000	0.3647	0.9040	0.1196s	0.3301	0.9100	0.9053
7
0131	0.1365	0.9917	0.3620	0.9040	0.1223s	0.3276	0.9080	0.9033
8
0132	0.1471	0.9667	0.3620	0.9020	0.1222s	0.3280	0.9090	0.9043
9
0133	0.1266	0.9833	0.3631	0.9060	0.1220s	0.3287	0.9090	0.9042
10
0134	0.1491	0.9750	0.3682	0.9100	0.1222s	0.3341	0.9070	0.9019
11
0135	0.1318	0.9833	0.3785	0.8980	0.1216s	0.3458	0.9000	0.8939
12
0136	0.1345	0.9583	0.3887	0.8900	0.1220s	0.3575	0.8970	0.8910
13
0137	0.1542	0.9667	0.3987	0.8840	0.1222s	0.3684	0.8930	0.8865
14
0138	0.1310	0.9917	0.4057	0.8860	0.1223s	0.3760	0.8920	0.8853
15
0139	0.1599	0.9833	0.4007	0.8840	0.1225s	0.3725	0.8920	0.8851
16
0140	0.1443	0.9750	0.3865	0.9000	0.1223s	0.3600	0.9010	0.8953
17
0141	0.1352	0.9917	0.3724	0.9060	0.1219s	0.3477	0.9030	0.8975
18
0142	0.1370	0.9750	0.3650	0.9140	0.1225s	0.3397	0.9090	0.9042
19
0143	0.1587	0.9833	0.3620	0.9160	0.1221s	0.3381	0.9130	0.9087
0
0144	0.1520	0.9917	0.3627	0.9140	0.1221s	0.3411	0.9100	0.9056
0
0145	0.1390	0.9833	0.3679	0.9140	0.1216s	0.3487	0.9110	0.9060
1
0146	0.1276	1.0000	0.3753	0.9080	0.1222s	0.3583	0.9090	0.9032
2
0147	0.1180	0.9917	0.3807	0.9000	0.1218s	0.3653	0.9050	0.8990
3
0148	0.1427	0.9917	0.3848	0.8960	0.1222s	0.3708	0.8960	0.8890
4
0149	0.1244	0.9750	0.3858	0.8920	0.1225s	0.3730	0.8950	0.8882
5
0150	0.1318	0.9833	0.3851	0.8940	0.1224s	0.3731	0.8920	0.8849
6
0151	0.1500	0.9750	0.3763	0.8980	0.1045s	0.3637	0.8940	0.8873
7
0152	0.1199	0.9917	0.3670	0.9000	0.1222s	0.3540	0.9040	0.8984
8
0153	0.1515	0.9667	0.3623	0.9120	0.1224s	0.3460	0.9080	0.9028
9
0154	0.1315	0.9833	0.3613	0.9160	0.1219s	0.3415	0.9090	0.9042
10
0155	0.1258	0.9833	0.3630	0.9120	0.1217s	0.3432	0.9100	0.9052
0
0156	0.1288	0.9583	0.3663	0.9100	0.1222s	0.3469	0.9080	0.9028
1
0157	0.1207	0.9833	0.3684	0.9080	0.1223s	0.3507	0.9070	0.9019
2
0158	0.1614	0.9583	0.3717	0.9040	0.1224s	0.3556	0.9020	0.8956
3
0159	0.1163	0.9917	0.3811	0.8980	0.1225s	0.3643	0.9010	0.8946
4
0160	0.1314	0.9833	0.3867	0.8920	0.1222s	0.3685	0.9000	0.8938
5
0161	0.1249	1.0000	0.3864	0.8920	0.1226s	0.3662	0.8970	0.8906
6
0162	0.1362	0.9583	0.3794	0.8960	0.1223s	0.3567	0.9030	0.8971
7
0163	0.1312	0.9833	0.3713	0.9060	0.1221s	0.3466	0.9090	0.9037
8
0164	0.1243	0.9917	0.3687	0.9120	0.1236s	0.3420	0.9090	0.9041
9
0165	0.1227	0.9917	0.3677	0.9100	0.1224s	0.3409	0.9080	0.9031
10
0166	0.1405	0.9833	0.3685	0.9120	0.1222s	0.3436	0.9070	0.9020
11
0167	0.1553	0.9750	0.3722	0.9020	0.1227s	0.3491	0.9060	0.9011
12
0168	0.1356	0.9917	0.3807	0.9000	0.1222s	0.3565	0.9070	0.9020
13
0169	0.1422	0.9750	0.3914	0.9000	0.1221s	0.3651	0.8990	0.8929
14
0170	0.1511	0.9750	0.3953	0.8940	0.1048s	0.3652	0.8990	0.8927
15
0171	0.1463	0.9833	0.3942	0.8940	0.1225s	0.3626	0.8960	0.8895
16
0172	0.1381	0.9833	0.3889	0.8940	0.1223s	0.3571	0.8960	0.8896
17
0173	0.1457	0.9667	0.3826	0.9000	0.1219s	0.3519	0.8980	0.8923
18
0174	0.1121	0.9917	0.3757	0.9060	0.1222s	0.3478	0.9010	0.8955
19
0175	0.1378	0.9917	0.3686	0.9060	0.1227s	0.3416	0.9080	0.9029
20
0176	0.1261	0.9667	0.3656	0.9100	0.1223s	0.3384	0.9070	0.9019
21
0177	0.1573	0.9750	0.3673	0.9060	0.1223s	0.3411	0.9060	0.9010
22
0178	0.1313	0.9750	0.3728	0.9080	0.1225s	0.3470	0.9040	0.8987
23
0179	0.1368	0.9750	0.3834	0.9080	0.1223s	0.3581	0.9070	0.9018
24
0180	0.1430	0.9750	0.3926	0.8980	0.1222s	0.3683	0.9060	0.9006
25
0181	0.1352	0.9833	0.3940	0.9000	0.1223s	0.3684	0.9020	0.8963
26
0182	0.1441	0.9667	0.3935	0.9000	0.1223s	0.3680	0.8980	0.8917
27
0183	0.1399	0.9750	0.3872	0.8980	0.1220s	0.3612	0.9010	0.8950
28
0184	0.1386	0.9750	0.3799	0.9020	0.1219s	0.3548	0.9060	0.9007
29
0185	0.1500	0.9833	0.3758	0.9020	0.1222s	0.3518	0.9060	0.9008
30
0186	0.1511	0.9750	0.3733	0.9060	0.1221s	0.3505	0.9060	0.9009
31
0187	0.1415	0.9833	0.3741	0.9000	0.1220s	0.3532	0.9060	0.9009
32
0188	0.1256	0.9833	0.3813	0.8980	0.1225s	0.3614	0.9040	0.8993
33
0189	0.1202	0.9667	0.3936	0.9000	0.1227s	0.3722	0.9010	0.8956
34
0190	0.1228	0.9917	0.4046	0.8940	0.1225s	0.3817	0.8990	0.8935
35
0191	0.1320	1.0000	0.4052	0.8960	0.1224s	0.3835	0.8940	0.8877
36
0192	0.1305	0.9583	0.3950	0.8940	0.1059s	0.3753	0.8990	0.8933
37
0193	0.1320	0.9583	0.3843	0.9000	0.1195s	0.3652	0.9020	0.8964
38
0194	0.1234	0.9833	0.3760	0.9020	0.1221s	0.3552	0.9070	0.9020
39
0195	0.1411	0.9583	0.3719	0.9040	0.1223s	0.3468	0.9100	0.9055
40
0196	0.1390	0.9833	0.3754	0.9060	0.1250s	0.3468	0.9090	0.9041
41
0197	0.1373	0.9583	0.3798	0.9020	0.1222s	0.3487	0.9040	0.8988
42
0198	0.1137	0.9917	0.3869	0.8940	0.1222s	0.3539	0.9030	0.8976
43
0199	0.1433	0.9500	0.3931	0.8960	0.1224s	0.3599	0.9010	0.8955
44
0200	0.1252	0.9833	0.4011	0.8900	0.1226s	0.3681	0.9020	0.8962
45
0201	0.1256	0.9917	0.4055	0.8940	0.1224s	0.3733	0.8990	0.8932
46
0202	0.1219	0.9917	0.4062	0.8940	0.1223s	0.3735	0.8980	0.8920
47
0203	0.1262	0.9917	0.4046	0.8960	0.1224s	0.3717	0.9020	0.8962
48
0204	0.1254	1.0000	0.4015	0.8940	0.1223s	0.3678	0.9010	0.8953
49
0205	0.1415	0.9833	0.3950	0.8960	0.1221s	0.3608	0.9040	0.8984
50
0206	0.1205	0.9833	0.3928	0.9000	0.1224s	0.3572	0.9040	0.8985
51
0207	0.1379	0.9750	0.3935	0.8980	0.1224s	0.3559	0.9050	0.8999
52
0208	0.1428	0.9750	0.3947	0.8980	0.1227s	0.3554	0.9050	0.8999
53
0209	0.1271	0.9917	0.3940	0.9020	0.1217s	0.3552	0.9040	0.8988
54
0210	0.1360	0.9750	0.3929	0.9040	0.1227s	0.3559	0.9010	0.8955
55
0211	0.1190	0.9750	0.3944	0.9060	0.1226s	0.3593	0.9010	0.8956
56
0212	0.1366	0.9833	0.3953	0.9060	0.1221s	0.3608	0.9020	0.8966
57
0213	0.1287	1.0000	0.4013	0.9020	0.1223s	0.3658	0.9010	0.8954
58
0214	0.1176	0.9833	0.4060	0.8980	0.1223s	0.3694	0.8970	0.8908
59
0215	0.1408	0.9583	0.4092	0.8960	0.1223s	0.3713	0.9000	0.8939
60
0216	0.1374	0.9583	0.4052	0.8980	0.1230s	0.3671	0.8990	0.8931
61
0217	0.1231	0.9667	0.4019	0.9000	0.1226s	0.3653	0.9030	0.8974
62
0218	0.1419	0.9750	0.3949	0.9040	0.1223s	0.3598	0.9040	0.8985
63
0219	0.1239	0.9833	0.3903	0.9020	0.1223s	0.3571	0.9060	0.9007
64
0220	0.1137	1.0000	0.3920	0.8960	0.1223s	0.3608	0.9060	0.9011
65
0221	0.1303	0.9833	0.3996	0.8920	0.1222s	0.3702	0.8990	0.8932
66
0222	0.1233	0.9750	0.4040	0.8900	0.1221s	0.3769	0.8950	0.8887
67
0223	0.1383	0.9750	0.4103	0.8880	0.1225s	0.3805	0.8990	0.8928
68
0224	0.1485	0.9833	0.4196	0.8880	0.1227s	0.3847	0.8950	0.8881
69
0225	0.1285	0.9667	0.4233	0.8900	0.1229s	0.3861	0.8920	0.8850
70
0226	0.1478	0.9833	0.4136	0.8880	0.1226s	0.3768	0.8980	0.8925
71
0227	0.1406	0.9667	0.4009	0.8960	0.1223s	0.3671	0.8970	0.8912
72
0228	0.1296	0.9833	0.3917	0.9040	0.1221s	0.3595	0.8980	0.8921
73
0229	0.1140	0.9750	0.3879	0.9040	0.1226s	0.3566	0.9030	0.8977
74
0230	0.1353	1.0000	0.3878	0.9040	0.1224s	0.3588	0.9050	0.8998
75
0231	0.1430	0.9750	0.3939	0.9040	0.1225s	0.3668	0.9010	0.8951
76
0232	0.1237	0.9583	0.4043	0.8920	0.1224s	0.3779	0.8960	0.8894
77
0233	0.1157	0.9833	0.4126	0.8880	0.1222s	0.3847	0.8940	0.8874
78
0234	0.1449	0.9917	0.4150	0.8880	0.1217s	0.3849	0.8960	0.8899
79
0235	0.1365	0.9750	0.4114	0.8880	0.1224s	0.3803	0.8960	0.8893
80
0236	0.1308	1.0000	0.4045	0.8940	0.1221s	0.3736	0.8990	0.8927
81
0237	0.1374	0.9750	0.3987	0.8980	0.1223s	0.3676	0.8990	0.8928
82
0238	0.1357	0.9750	0.3950	0.9000	0.1225s	0.3647	0.9000	0.8944
83
0239	0.1437	0.9833	0.3920	0.9020	0.1226s	0.3630	0.9010	0.8953
84
0240	0.1616	0.9417	0.3918	0.9000	0.1231s	0.3631	0.9010	0.8950
85
0241	0.1236	0.9583	0.3944	0.8980	0.1223s	0.3663	0.8990	0.8931
86
0242	0.1300	0.9750	0.3995	0.8940	0.1231s	0.3729	0.8960	0.8895
87
0243	0.1179	0.9667	0.4061	0.8920	0.1223s	0.3797	0.8960	0.8897
88
0244	0.1337	0.9833	0.4085	0.8920	0.1220s	0.3810	0.8960	0.8896
89
0245	0.1343	0.9667	0.4082	0.8900	0.1221s	0.3786	0.8940	0.8875
90
0246	0.1272	1.0000	0.4042	0.8940	0.1226s	0.3730	0.8970	0.8903
91
0247	0.1466	0.9750	0.3999	0.8960	0.1223s	0.3661	0.9030	0.8972
92
0248	0.1488	0.9750	0.3975	0.9000	0.1228s	0.3628	0.9020	0.8965
93
0249	0.1366	0.9833	0.3913	0.9020	0.1112s	0.3577	0.9040	0.8994
94
0250	0.1331	0.9833	0.3878	0.8940	0.1202s	0.3565	0.9070	0.9027
95
0251	0.1327	0.9917	0.3855	0.9000	0.1221s	0.3559	0.9060	0.9011
96
0252	0.1311	0.9500	0.3842	0.9000	0.1222s	0.3543	0.9060	0.9011
97
0253	0.1514	0.9833	0.3839	0.9020	0.1220s	0.3526	0.9070	0.9021
98
0254	0.1491	0.9667	0.3843	0.9000	0.1221s	0.3512	0.9050	0.8998
99
0255	0.1394	0.9750	0.3885	0.9000	0.1225s	0.3528	0.9060	0.9009
100
0256	0.1363	0.9917	0.3935	0.8980	0.1202s	0.3559	0.9030	0.8974
101
0257	0.1205	0.9917	0.4006	0.8900	0.1197s	0.3617	0.9000	0.8941
102
0258	0.1389	0.9833	0.4025	0.8900	0.1224s	0.3622	0.9010	0.8950
103
0259	0.1403	0.9833	0.4028	0.8900	0.1221s	0.3625	0.9010	0.8948
104
0260	0.1370	0.9917	0.3942	0.9000	0.1059s	0.3554	0.9020	0.8961
105
0261	0.1325	0.9917	0.3856	0.9040	0.1175s	0.3486	0.9050	0.8990
106
0262	0.1277	0.9583	0.3813	0.9000	0.1053s	0.3477	0.9080	0.9030
107
0263	0.1431	0.9583	0.3778	0.9000	0.1222s	0.3486	0.9030	0.8978
108
0264	0.1668	0.9833	0.3754	0.9040	0.1225s	0.3491	0.9000	0.8942
109
0265	0.1299	0.9833	0.3801	0.9040	0.1224s	0.3551	0.8980	0.8919
110
0266	0.1335	0.9833	0.3925	0.8960	0.1223s	0.3658	0.8930	0.8869
111
0267	0.1386	1.0000	0.3981	0.8960	0.1220s	0.3700	0.8910	0.8848
112
0268	0.1445	0.9917	0.3965	0.8940	0.1090s	0.3678	0.8920	0.8853
113
0269	0.1198	0.9750	0.3934	0.8980	0.1220s	0.3635	0.8960	0.8892
114
0270	0.1144	1.0000	0.3899	0.9040	0.1224s	0.3598	0.9000	0.8941
115
0271	0.1162	0.9667	0.3860	0.9060	0.1218s	0.3565	0.9010	0.8954
116
0272	0.1204	1.0000	0.3798	0.9080	0.1221s	0.3524	0.9020	0.8960
117
0273	0.1393	0.9833	0.3728	0.9120	0.1225s	0.3480	0.9030	0.8972
118
0274	0.1388	0.9667	0.3726	0.9100	0.1222s	0.3501	0.9020	0.8966
119
0275	0.1448	0.9917	0.3753	0.9080	0.1222s	0.3545	0.9020	0.8966
120
0276	0.1341	0.9750	0.3812	0.9080	0.1222s	0.3613	0.9030	0.8969
121
0277	0.1263	0.9750	0.3893	0.9020	0.1221s	0.3675	0.9030	0.8966
122
0278	0.1328	1.0000	0.3956	0.8960	0.1259s	0.3715	0.8990	0.8922
123
0279	0.1257	0.9917	0.3991	0.8940	0.1205s	0.3733	0.8940	0.8869
124
0280	0.1259	0.9917	0.3952	0.8940	0.1244s	0.3680	0.8960	0.8893
125
0281	0.1277	0.9750	0.3901	0.8980	0.1067s	0.3612	0.9000	0.8940
126
0282	0.1156	0.9917	0.3878	0.9000	0.1050s	0.3600	0.9010	0.8951
127
0283	0.1339	0.9500	0.3830	0.9000	0.1087s	0.3583	0.8990	0.8927
128
0284	0.1156	0.9833	0.3783	0.9080	0.1074s	0.3598	0.9020	0.8959
129
0285	0.1374	0.9833	0.3762	0.9060	0.1239s	0.3639	0.9010	0.8945
130
0286	0.1409	1.0000	0.3785	0.9020	0.1057s	0.3694	0.8970	0.8907
131
0287	0.1356	0.9833	0.3801	0.9020	0.1048s	0.3744	0.8980	0.8924
132
0288	0.1492	0.9583	0.3785	0.9020	0.1219s	0.3715	0.8970	0.8908
133
0289	0.1441	0.9750	0.3721	0.9060	0.1222s	0.3622	0.8990	0.8930
134
0290	0.1245	0.9833	0.3695	0.9120	0.1226s	0.3555	0.9020	0.8959
135
0291	0.1390	0.9667	0.3632	0.9140	0.1225s	0.3466	0.9050	0.8996
136
0292	0.1211	0.9833	0.3598	0.9120	0.1222s	0.3428	0.9050	0.9001
137
0293	0.1438	0.9583	0.3594	0.9100	0.1223s	0.3422	0.9070	0.9023
138
0294	0.1275	0.9750	0.3596	0.9120	0.1220s	0.3452	0.9050	0.8995
139
0295	0.1471	0.9917	0.3634	0.9140	0.1224s	0.3520	0.9040	0.8983
140
0296	0.1213	0.9833	0.3688	0.9100	0.1222s	0.3595	0.9010	0.8950
141
0297	0.1340	0.9917	0.3745	0.9060	0.1217s	0.3663	0.9000	0.8935
142
0298	0.1392	0.9833	0.3874	0.8960	0.1198s	0.3778	0.8920	0.8861
143
0299	0.1315	0.9750	0.3949	0.8940	0.1242s	0.3825	0.8890	0.8827
144
0300	0.1241	0.9750	0.3902	0.8960	0.1221s	0.3758	0.8910	0.8847
145
0301	0.1422	0.9750	0.3781	0.9040	0.1213s	0.3598	0.8960	0.8897
146
0302	0.1358	0.9583	0.3678	0.9120	0.1220s	0.3476	0.8990	0.8930
147
0303	0.1289	0.9917	0.3674	0.9080	0.1131s	0.3480	0.9070	0.9024
148
0304	0.1438	0.9833	0.3695	0.9080	0.1242s	0.3517	0.9060	0.9015
149
0305	0.1405	0.9417	0.3703	0.9100	0.1190s	0.3550	0.9040	0.8985
150
0306	0.1600	0.9583	0.3724	0.9060	0.1097s	0.3588	0.9050	0.8992
151
0307	0.1298	0.9917	0.3776	0.9020	0.1049s	0.3652	0.9030	0.8974
152
0308	0.1311	0.9833	0.3878	0.8940	0.1063s	0.3757	0.8980	0.8920
153
0309	0.1260	0.9917	0.4012	0.8920	0.1203s	0.3871	0.8930	0.8872
154
0310	0.1429	0.9583	0.4125	0.8960	0.1082s	0.3948	0.8850	0.8789
155
0311	0.1201	0.9750	0.4146	0.8920	0.1047s	0.3932	0.8840	0.8777
156
0312	0.1390	0.9917	0.4105	0.8940	0.1218s	0.3875	0.8920	0.8852
157
0313	0.1362	0.9833	0.4057	0.8980	0.1049s	0.3818	0.8960	0.8898
158
0314	0.1390	0.9833	0.3962	0.8960	0.1251s	0.3718	0.9000	0.8942
159
0315	0.1337	0.9833	0.3851	0.9000	0.1224s	0.3607	0.9000	0.8943
160
0316	0.1181	0.9833	0.3767	0.9020	0.1221s	0.3533	0.9040	0.8990
161
0317	0.1308	1.0000	0.3732	0.9060	0.1224s	0.3523	0.9020	0.8965
162
0318	0.1387	0.9917	0.3759	0.9080	0.1220s	0.3582	0.9020	0.8963
163
0319	0.1351	0.9833	0.3861	0.9100	0.1222s	0.3715	0.9060	0.9004
164
0320	0.1329	0.9667	0.3996	0.9000	0.1046s	0.3851	0.9000	0.8936
165
0321	0.1428	0.9750	0.4163	0.8880	0.1222s	0.4000	0.8970	0.8902
166
0322	0.1240	1.0000	0.4217	0.8880	0.1112s	0.4031	0.8940	0.8869
167
0323	0.1437	1.0000	0.4134	0.8920	0.1224s	0.3946	0.8940	0.8870
168
0324	0.1341	0.9917	0.3963	0.8980	0.1224s	0.3758	0.9010	0.8950
169
0325	0.1499	0.9750	0.3804	0.9040	0.1224s	0.3603	0.8990	0.8935
170
0326	0.1185	0.9833	0.3713	0.9080	0.1223s	0.3508	0.9050	0.8998
171
0327	0.1330	0.9917	0.3693	0.9080	0.1224s	0.3486	0.9050	0.9004
172
0328	0.1229	0.9750	0.3683	0.9020	0.1230s	0.3482	0.9060	0.9015
173
0329	0.1586	0.9583	0.3680	0.9040	0.1224s	0.3498	0.9060	0.9013
174
0330	0.1401	0.9750	0.3725	0.9020	0.1225s	0.3576	0.9080	0.9028
175
0331	0.1165	1.0000	0.3826	0.9060	0.1225s	0.3692	0.9020	0.8960
176
0332	0.1516	0.9750	0.3909	0.9020	0.1226s	0.3773	0.8960	0.8895
177
0333	0.1293	0.9750	0.3999	0.8920	0.1227s	0.3857	0.8970	0.8905
178
0334	0.1600	0.9750	0.3983	0.8960	0.1225s	0.3844	0.8960	0.8895
179
0335	0.1459	0.9917	0.3920	0.8960	0.1254s	0.3774	0.8970	0.8905
180
0336	0.1398	1.0000	0.3821	0.9040	0.1227s	0.3680	0.9010	0.8950
181
0337	0.1151	0.9917	0.3749	0.9100	0.1218s	0.3605	0.9010	0.8952
182
0338	0.1252	0.9750	0.3753	0.9080	0.1220s	0.3611	0.9020	0.8965
183
0339	0.1378	0.9917	0.3768	0.9060	0.1203s	0.3633	0.9020	0.8961
184
0340	0.1306	0.9667	0.3813	0.9020	0.1048s	0.3691	0.9020	0.8965
185
0341	0.1403	0.9667	0.3835	0.9040	0.1306s	0.3729	0.9020	0.8965
186
0342	0.1349	0.9750	0.3866	0.9040	0.1073s	0.3771	0.9000	0.8942
187
0343	0.1278	0.9833	0.3967	0.8920	0.1219s	0.3878	0.9000	0.8940
188
0344	0.1603	0.9833	0.4099	0.8960	0.1219s	0.3986	0.8970	0.8910
189
0345	0.1320	0.9833	0.4146	0.8960	0.1218s	0.4006	0.8930	0.8871
190
0346	0.1221	0.9583	0.4089	0.8920	0.1222s	0.3929	0.8940	0.8882
191
0347	0.1481	0.9917	0.3991	0.8960	0.1220s	0.3823	0.8960	0.8898
192
0348	0.1738	0.9583	0.3907	0.9020	0.1205s	0.3731	0.8910	0.8849
193
0349	0.1259	0.9833	0.3910	0.9020	0.1222s	0.3732	0.8930	0.8867
194
0350	0.1084	1.0000	0.3914	0.9020	0.1220s	0.3741	0.9000	0.8949
195
0351	0.1538	0.9750	0.3907	0.9000	0.1217s	0.3756	0.8970	0.8916
196
0352	0.1293	0.9917	0.3909	0.9020	0.1216s	0.3792	0.9000	0.8945
197
0353	0.1219	0.9750	0.3912	0.9000	0.1220s	0.3821	0.8960	0.8905
198
0354	0.1294	0.9667	0.3960	0.8920	0.1219s	0.3883	0.9000	0.8943
199
Early stop! Min loss:0.3520873188972473,  Max accuracy:0.916
Early stop model validation loss:0.3520873188972473,  accuracy:0.91
Optimization Finished!
Total time elapsed: 43.4673s
test max acc:0.9150
Loading 88th epoch
stru_node_to_hop attention:tensor([[0.2514, 0.2509, 0.2491, 0.2486],
        [0.2495, 0.2502, 0.2502, 0.2501],
        [0.2479, 0.2512, 0.2505, 0.2504],
        [0.2494, 0.2500, 0.2503, 0.2503],
        [0.2485, 0.2506, 0.2504, 0.2505],
        [0.2507, 0.2500, 0.2497, 0.2496],
        [0.2504, 0.2498, 0.2499, 0.2498],
        [0.2501, 0.2502, 0.2500, 0.2498],
        [0.2491, 0.2508, 0.2501, 0.2499],
        [0.2497, 0.2504, 0.2500, 0.2499],
        [0.2488, 0.2505, 0.2503, 0.2503],
        [0.2499, 0.2499, 0.2501, 0.2501],
        [0.2498, 0.2502, 0.2500, 0.2500],
        [0.2501, 0.2499, 0.2500, 0.2499],
        [0.2500, 0.2501, 0.2500, 0.2499],
        [0.2505, 0.2507, 0.2496, 0.2492],
        [0.2477, 0.2513, 0.2507, 0.2503],
        [0.2486, 0.2512, 0.2502, 0.2499],
        [0.2497, 0.2501, 0.2501, 0.2501],
        [0.2496, 0.2505, 0.2501, 0.2498],
        [0.2498, 0.2501, 0.2500, 0.2500],
        [0.2481, 0.2521, 0.2501, 0.2497],
        [0.2502, 0.2500, 0.2499, 0.2499],
        [0.2499, 0.2500, 0.2501, 0.2500],
        [0.2500, 0.2501, 0.2500, 0.2499],
        [0.2483, 0.2512, 0.2504, 0.2501],
        [0.2499, 0.2500, 0.2500, 0.2501],
        [0.2490, 0.2506, 0.2503, 0.2501],
        [0.2500, 0.2501, 0.2500, 0.2499],
        [0.2500, 0.2503, 0.2499, 0.2498],
        [0.2483, 0.2511, 0.2504, 0.2502],
        [0.2489, 0.2505, 0.2503, 0.2503],
        [0.2493, 0.2504, 0.2502, 0.2501],
        [0.2495, 0.2503, 0.2501, 0.2501],
        [0.2485, 0.2507, 0.2505, 0.2504],
        [0.2497, 0.2502, 0.2500, 0.2501],
        [0.2502, 0.2499, 0.2500, 0.2498],
        [0.2489, 0.2504, 0.2503, 0.2504],
        [0.2498, 0.2502, 0.2500, 0.2500],
        [0.2504, 0.2500, 0.2499, 0.2497],
        [0.2497, 0.2500, 0.2501, 0.2501],
        [0.2496, 0.2505, 0.2500, 0.2498],
        [0.2489, 0.2510, 0.2501, 0.2499],
        [0.2498, 0.2501, 0.2501, 0.2500],
        [0.2484, 0.2507, 0.2506, 0.2503],
        [0.1940, 0.2027, 0.2760, 0.3273],
        [0.2495, 0.2504, 0.2502, 0.2499],
        [0.2497, 0.2503, 0.2501, 0.2499],
        [0.2496, 0.2503, 0.2501, 0.2500],
        [0.2497, 0.2501, 0.2501, 0.2501],
        [0.2501, 0.2503, 0.2499, 0.2497],
        [0.2498, 0.2501, 0.2500, 0.2500],
        [0.2499, 0.2500, 0.2500, 0.2500],
        [0.2499, 0.2502, 0.2500, 0.2500],
        [0.2485, 0.2510, 0.2503, 0.2502],
        [0.2496, 0.2502, 0.2501, 0.2500],
        [0.2505, 0.2507, 0.2497, 0.2491],
        [0.2506, 0.2496, 0.2499, 0.2498],
        [0.2489, 0.2510, 0.2502, 0.2500],
        [0.2486, 0.2513, 0.2502, 0.2498],
        [0.2456, 0.2521, 0.2513, 0.2510],
        [0.2491, 0.2506, 0.2502, 0.2501],
        [0.2498, 0.2504, 0.2500, 0.2498],
        [0.2491, 0.2507, 0.2503, 0.2499],
        [0.2495, 0.2502, 0.2502, 0.2501],
        [0.2493, 0.2502, 0.2502, 0.2502],
        [0.2495, 0.2515, 0.2498, 0.2492],
        [0.2479, 0.2504, 0.2508, 0.2509],
        [0.2502, 0.2500, 0.2499, 0.2499],
        [0.2492, 0.2504, 0.2503, 0.2502],
        [0.2482, 0.2521, 0.2500, 0.2497],
        [0.2505, 0.2499, 0.2498, 0.2498],
        [0.2494, 0.2504, 0.2502, 0.2499],
        [0.2493, 0.2512, 0.2499, 0.2496],
        [0.2500, 0.2500, 0.2500, 0.2500],
        [0.2493, 0.2504, 0.2502, 0.2501],
        [0.2505, 0.2505, 0.2496, 0.2494],
        [0.2510, 0.2495, 0.2497, 0.2497],
        [0.2496, 0.2502, 0.2501, 0.2501],
        [0.2491, 0.2503, 0.2503, 0.2503],
        [0.2502, 0.2501, 0.2500, 0.2496],
        [0.2495, 0.2507, 0.2501, 0.2498],
        [0.2513, 0.2494, 0.2497, 0.2496],
        [0.2503, 0.2500, 0.2499, 0.2499],
        [0.2493, 0.2504, 0.2502, 0.2501],
        [0.2494, 0.2503, 0.2501, 0.2501],
        [0.2483, 0.2505, 0.2506, 0.2506],
        [0.2484, 0.2510, 0.2504, 0.2502],
        [0.2498, 0.2503, 0.2500, 0.2499],
        [0.2517, 0.2495, 0.2495, 0.2493],
        [0.2483, 0.2508, 0.2505, 0.2504],
        [0.2503, 0.2499, 0.2499, 0.2499],
        [0.2500, 0.2500, 0.2500, 0.2500],
        [0.2492, 0.2505, 0.2502, 0.2501],
        [0.2499, 0.2500, 0.2501, 0.2500],
        [0.2497, 0.2502, 0.2501, 0.2500],
        [0.2495, 0.2504, 0.2501, 0.2500],
        [0.2509, 0.2494, 0.2499, 0.2498],
        [0.2486, 0.2509, 0.2503, 0.2502],
        [0.2496, 0.2505, 0.2500, 0.2499]], device='cuda:1')
fea_node_to_hop attention:tensor([[0.3288, 0.3366, 0.3346],
        [0.3313, 0.3344, 0.3343],
        [0.3297, 0.3341, 0.3362],
        [0.3317, 0.3341, 0.3342],
        [0.3310, 0.3341, 0.3349],
        [0.3308, 0.3352, 0.3340],
        [0.3311, 0.3337, 0.3352],
        [0.3314, 0.3335, 0.3351],
        [0.3292, 0.3353, 0.3356],
        [0.3321, 0.3336, 0.3344],
        [0.3305, 0.3351, 0.3344],
        [0.3323, 0.3336, 0.3341],
        [0.3326, 0.3334, 0.3340],
        [0.3308, 0.3340, 0.3352],
        [0.3297, 0.3349, 0.3354],
        [0.3311, 0.3341, 0.3348],
        [0.3273, 0.3346, 0.3381],
        [0.3307, 0.3339, 0.3353],
        [0.3324, 0.3328, 0.3347],
        [0.3307, 0.3338, 0.3356],
        [0.3323, 0.3339, 0.3338],
        [0.3316, 0.3336, 0.3348],
        [0.3320, 0.3338, 0.3342],
        [0.3333, 0.3336, 0.3331],
        [0.3332, 0.3334, 0.3334],
        [0.3292, 0.3345, 0.3363],
        [0.3337, 0.3331, 0.3332],
        [0.3302, 0.3348, 0.3350],
        [0.3294, 0.3344, 0.3362],
        [0.3322, 0.3333, 0.3345],
        [0.3315, 0.3332, 0.3354],
        [0.3299, 0.3344, 0.3357],
        [0.3320, 0.3341, 0.3339],
        [0.3311, 0.3340, 0.3349],
        [0.3324, 0.3333, 0.3342],
        [0.3325, 0.3334, 0.3341],
        [0.3326, 0.3333, 0.3341],
        [0.3333, 0.3330, 0.3338],
        [0.3322, 0.3336, 0.3342],
        [0.3298, 0.3356, 0.3346],
        [0.3319, 0.3338, 0.3343],
        [0.3294, 0.3355, 0.3350],
        [0.3307, 0.3338, 0.3355],
        [0.3326, 0.3335, 0.3340],
        [0.3306, 0.3364, 0.3330],
        [0.3004, 0.3528, 0.3467],
        [0.3297, 0.3350, 0.3353],
        [0.3319, 0.3334, 0.3347],
        [0.3302, 0.3349, 0.3349],
        [0.3335, 0.3333, 0.3332],
        [0.3313, 0.3340, 0.3347],
        [0.3330, 0.3333, 0.3337],
        [0.3333, 0.3333, 0.3334],
        [0.3301, 0.3341, 0.3358],
        [0.3338, 0.3330, 0.3331],
        [0.3322, 0.3338, 0.3339],
        [0.3323, 0.3336, 0.3340],
        [0.3301, 0.3346, 0.3352],
        [0.3325, 0.3333, 0.3342],
        [0.3321, 0.3331, 0.3348],
        [0.3276, 0.3360, 0.3363],
        [0.3309, 0.3337, 0.3354],
        [0.3324, 0.3334, 0.3342],
        [0.3326, 0.3337, 0.3336],
        [0.3318, 0.3341, 0.3341],
        [0.3334, 0.3326, 0.3341],
        [0.3298, 0.3352, 0.3349],
        [0.3302, 0.3350, 0.3348],
        [0.3335, 0.3329, 0.3336],
        [0.3290, 0.3353, 0.3356],
        [0.3291, 0.3348, 0.3361],
        [0.3333, 0.3335, 0.3331],
        [0.3297, 0.3347, 0.3355],
        [0.3329, 0.3329, 0.3342],
        [0.3335, 0.3333, 0.3332],
        [0.3312, 0.3339, 0.3350],
        [0.3305, 0.3343, 0.3352],
        [0.3296, 0.3353, 0.3350],
        [0.3323, 0.3338, 0.3339],
        [0.3312, 0.3340, 0.3347],
        [0.3307, 0.3350, 0.3344],
        [0.3314, 0.3337, 0.3349],
        [0.3298, 0.3343, 0.3359],
        [0.3332, 0.3333, 0.3335],
        [0.3314, 0.3344, 0.3342],
        [0.3334, 0.3334, 0.3332],
        [0.3318, 0.3345, 0.3337],
        [0.3320, 0.3335, 0.3346],
        [0.3320, 0.3336, 0.3344],
        [0.3303, 0.3349, 0.3348],
        [0.3298, 0.3344, 0.3358],
        [0.3338, 0.3333, 0.3328],
        [0.3330, 0.3334, 0.3336],
        [0.3315, 0.3344, 0.3341],
        [0.3331, 0.3333, 0.3336],
        [0.3313, 0.3343, 0.3344],
        [0.3323, 0.3336, 0.3341],
        [0.3315, 0.3336, 0.3349],
        [0.3309, 0.3345, 0.3347],
        [0.3337, 0.3330, 0.3333]], device='cuda:1')
perception attention:tensor([0.5000, 0.5000], device='cuda:1')
Test set results: loss= 0.3362 accuracy= 0.9120 F1_score= 0.9075
