# epoch	loss_train	acc_train	loss_val	acc_val	time	acc_test	f1_test
0001	1.8016	0.1583	1.6897	0.3740	0.1212s	1.6747	0.3940	0.2901
0
0002	1.6831	0.3333	1.5472	0.4100	0.1223s	1.5141	0.4500	0.3444
0
0003	1.5310	0.4667	1.3976	0.5720	0.1226s	1.3653	0.6030	0.5257
0
0004	1.3606	0.6250	1.2071	0.7800	0.1124s	1.1832	0.7970	0.7751
0
0005	1.1679	0.7667	1.0337	0.8640	0.1226s	1.0159	0.8560	0.8483
0
0006	1.0074	0.7667	0.8919	0.8540	0.1220s	0.8778	0.8540	0.8502
0
0007	0.8721	0.8083	0.7660	0.8640	0.1225s	0.7568	0.8640	0.8607
0
0008	0.7009	0.8167	0.6641	0.8680	0.1224s	0.6605	0.8610	0.8575
0
0009	0.6338	0.8500	0.5868	0.8760	0.1217s	0.5839	0.8810	0.8747
0
0010	0.5417	0.9000	0.5331	0.8860	0.1225s	0.5246	0.8930	0.8859
0
0011	0.4620	0.9167	0.4955	0.8840	0.1219s	0.4792	0.8820	0.8745
0
0012	0.4171	0.9250	0.4556	0.8920	0.1221s	0.4362	0.8840	0.8770
0
0013	0.3608	0.9417	0.4268	0.8820	0.1225s	0.4076	0.8830	0.8762
0
0014	0.3362	0.9500	0.4056	0.8820	0.1220s	0.3864	0.8820	0.8759
0
0015	0.3329	0.9000	0.3872	0.8940	0.1233s	0.3666	0.8950	0.8896
0
0016	0.2950	0.9167	0.3795	0.8980	0.1199s	0.3564	0.9010	0.8955
0
0017	0.2821	0.9417	0.3794	0.8980	0.1216s	0.3546	0.9000	0.8946
0
0018	0.2611	0.9250	0.3837	0.8920	0.1222s	0.3576	0.9010	0.8953
0
0019	0.2619	0.9333	0.3886	0.8880	0.1151s	0.3623	0.8970	0.8901
1
0020	0.2149	0.9417	0.3990	0.8820	0.1213s	0.3718	0.8910	0.8831
2
0021	0.2323	0.9667	0.4093	0.8800	0.1218s	0.3809	0.8860	0.8773
3
0022	0.2065	0.9750	0.4064	0.8840	0.1045s	0.3779	0.8860	0.8779
4
0023	0.1990	0.9833	0.3935	0.8840	0.1221s	0.3650	0.8910	0.8844
5
0024	0.2076	0.9750	0.3850	0.8940	0.1215s	0.3551	0.8900	0.8838
6
0025	0.1879	0.9583	0.3822	0.8960	0.1221s	0.3518	0.8910	0.8854
7
0026	0.1888	0.9917	0.3829	0.8920	0.1224s	0.3529	0.8890	0.8829
8
0027	0.1979	0.9583	0.3850	0.8920	0.1222s	0.3559	0.8940	0.8883
9
0028	0.1701	0.9917	0.3921	0.8860	0.1222s	0.3640	0.8950	0.8881
10
0029	0.2025	0.9500	0.4040	0.8860	0.1220s	0.3755	0.8910	0.8833
11
0030	0.1872	0.9667	0.4076	0.8840	0.1217s	0.3774	0.8910	0.8842
12
0031	0.1467	0.9667	0.4106	0.8860	0.1220s	0.3786	0.8910	0.8848
13
0032	0.1680	0.9833	0.4117	0.8920	0.1225s	0.3777	0.8870	0.8804
14
0033	0.1783	0.9750	0.4083	0.8960	0.1219s	0.3732	0.8910	0.8847
15
0034	0.1796	0.9750	0.4065	0.8960	0.1216s	0.3714	0.8940	0.8882
16
0035	0.1859	0.9500	0.4022	0.8940	0.1224s	0.3687	0.8890	0.8829
17
0036	0.1446	0.9917	0.3983	0.8940	0.1224s	0.3674	0.8840	0.8777
18
0037	0.1914	0.9667	0.3939	0.8960	0.1217s	0.3668	0.8820	0.8754
19
0038	0.1715	0.9750	0.3937	0.8900	0.1224s	0.3709	0.8830	0.8761
20
0039	0.1731	0.9750	0.3969	0.8900	0.1052s	0.3766	0.8860	0.8788
21
0040	0.1430	1.0000	0.3972	0.8900	0.1195s	0.3774	0.8850	0.8770
22
0041	0.1545	0.9500	0.3940	0.8860	0.1197s	0.3730	0.8860	0.8778
23
0042	0.1552	0.9833	0.3910	0.8860	0.1222s	0.3686	0.8950	0.8883
24
0043	0.1631	0.9750	0.3916	0.8880	0.1221s	0.3680	0.8930	0.8870
25
0044	0.1524	0.9833	0.3945	0.8940	0.1221s	0.3702	0.8950	0.8891
26
0045	0.1653	0.9833	0.3961	0.8960	0.1220s	0.3716	0.8940	0.8878
27
0046	0.1573	0.9667	0.3993	0.8920	0.1213s	0.3759	0.8880	0.8814
28
0047	0.1606	0.9667	0.4074	0.8900	0.1216s	0.3867	0.8830	0.8752
29
0048	0.1484	0.9833	0.4107	0.8880	0.1219s	0.3932	0.8770	0.8693
30
0049	0.1614	0.9750	0.4032	0.8860	0.1223s	0.3891	0.8790	0.8719
31
0050	0.1642	0.9833	0.3884	0.8960	0.1218s	0.3778	0.8800	0.8727
32
0051	0.1685	0.9833	0.3796	0.9000	0.1222s	0.3710	0.8880	0.8820
33
0052	0.1928	0.9667	0.3777	0.8960	0.1223s	0.3698	0.8870	0.8810
0
0053	0.1601	0.9750	0.3781	0.8920	0.1230s	0.3694	0.8900	0.8841
0
0054	0.1634	0.9750	0.3779	0.8920	0.1225s	0.3677	0.8940	0.8880
1
0055	0.1612	0.9667	0.3830	0.8920	0.1224s	0.3711	0.8930	0.8868
2
0056	0.1536	0.9667	0.3884	0.8980	0.1220s	0.3753	0.8910	0.8847
3
0057	0.1495	0.9833	0.3924	0.8940	0.1246s	0.3789	0.8890	0.8823
4
0058	0.1426	0.9917	0.3958	0.8920	0.1223s	0.3826	0.8890	0.8823
5
0059	0.1355	0.9833	0.3940	0.8920	0.1221s	0.3819	0.8890	0.8823
6
0060	0.1547	0.9667	0.3848	0.8960	0.1099s	0.3745	0.8910	0.8844
7
0061	0.1504	0.9917	0.3773	0.8900	0.1211s	0.3681	0.8980	0.8920
8
0062	0.1443	0.9833	0.3728	0.8920	0.1222s	0.3643	0.8990	0.8932
0
0063	0.1506	0.9917	0.3720	0.8940	0.1215s	0.3635	0.9010	0.8958
0
0064	0.1481	0.9833	0.3730	0.8940	0.1228s	0.3648	0.8980	0.8925
0
0065	0.1319	1.0000	0.3787	0.8960	0.1221s	0.3707	0.8930	0.8874
1
0066	0.1383	0.9667	0.3846	0.8960	0.1219s	0.3764	0.8910	0.8849
2
0067	0.1460	0.9917	0.3865	0.8920	0.1224s	0.3788	0.8880	0.8816
3
0068	0.1799	0.9833	0.3824	0.8940	0.1208s	0.3757	0.8910	0.8846
4
0069	0.1343	0.9750	0.3759	0.8940	0.1219s	0.3690	0.8920	0.8860
5
0070	0.1298	0.9917	0.3719	0.9000	0.1224s	0.3641	0.8930	0.8869
6
0071	0.1508	0.9917	0.3701	0.9000	0.1222s	0.3618	0.8940	0.8881
0
0072	0.1683	0.9667	0.3705	0.8980	0.1219s	0.3604	0.8940	0.8879
0
0073	0.1485	0.9833	0.3766	0.9000	0.1232s	0.3665	0.8960	0.8894
1
0074	0.1489	0.9750	0.3801	0.8960	0.1221s	0.3702	0.8960	0.8894
0
0075	0.1568	0.9833	0.3782	0.8920	0.1201s	0.3683	0.9020	0.8958
1
0076	0.1523	0.9500	0.3769	0.8860	0.1221s	0.3684	0.9010	0.8952
2
0077	0.1431	0.9500	0.3736	0.8900	0.1225s	0.3662	0.9030	0.8976
3
0078	0.1587	0.9750	0.3697	0.8960	0.1220s	0.3647	0.9010	0.8957
4
0079	0.1721	0.9917	0.3671	0.8980	0.1224s	0.3621	0.8990	0.8936
0
0080	0.1544	0.9583	0.3687	0.8980	0.1223s	0.3636	0.8940	0.8883
0
0081	0.1566	0.9667	0.3777	0.9020	0.1222s	0.3714	0.8910	0.8850
1
0082	0.1563	0.9750	0.3866	0.8960	0.1229s	0.3803	0.8870	0.8807
0
0083	0.1291	0.9750	0.3893	0.8940	0.1222s	0.3831	0.8850	0.8783
1
0084	0.1657	0.9667	0.3871	0.8960	0.1222s	0.3810	0.8840	0.8775
2
0085	0.1692	0.9833	0.3790	0.8980	0.1223s	0.3723	0.8910	0.8852
3
0086	0.1550	0.9917	0.3721	0.8920	0.1226s	0.3651	0.8990	0.8938
4
0087	0.1443	0.9750	0.3709	0.8920	0.1224s	0.3643	0.9050	0.8998
5
0088	0.1467	0.9750	0.3736	0.8960	0.1217s	0.3657	0.9080	0.9029
6
0089	0.1476	0.9750	0.3782	0.8960	0.1225s	0.3698	0.9060	0.9006
7
0090	0.1257	0.9917	0.3824	0.8920	0.1222s	0.3724	0.9080	0.9028
8
0091	0.1475	1.0000	0.3841	0.8940	0.1221s	0.3722	0.9030	0.8975
9
0092	0.1358	0.9750	0.3813	0.8960	0.1218s	0.3681	0.9000	0.8947
10
0093	0.1433	0.9833	0.3855	0.8980	0.1226s	0.3701	0.8940	0.8883
11
0094	0.1468	0.9833	0.3839	0.8980	0.1226s	0.3674	0.8950	0.8899
12
0095	0.1445	0.9917	0.3805	0.8940	0.1222s	0.3649	0.8950	0.8897
13
0096	0.1495	0.9833	0.3801	0.8980	0.1221s	0.3668	0.8930	0.8876
14
0097	0.1455	0.9417	0.3781	0.8960	0.1220s	0.3686	0.8960	0.8906
15
0098	0.1321	0.9833	0.3769	0.8900	0.1218s	0.3715	0.9020	0.8968
16
0099	0.1542	0.9583	0.3803	0.8880	0.1218s	0.3775	0.9000	0.8944
17
0100	0.1531	0.9750	0.3888	0.8840	0.1222s	0.3856	0.9010	0.8948
18
0101	0.1520	0.9667	0.3922	0.8840	0.1215s	0.3858	0.9010	0.8945
19
0102	0.1425	0.9750	0.3855	0.8880	0.1220s	0.3755	0.9010	0.8949
20
0103	0.1315	1.0000	0.3792	0.8920	0.1220s	0.3672	0.9040	0.8988
21
0104	0.1458	0.9917	0.3722	0.8960	0.1222s	0.3605	0.9040	0.8989
22
0105	0.1432	0.9667	0.3685	0.9000	0.1223s	0.3569	0.9030	0.8981
23
0106	0.1637	0.9667	0.3675	0.9000	0.1222s	0.3559	0.9020	0.8970
24
0107	0.1555	0.9250	0.3715	0.9000	0.1219s	0.3593	0.9010	0.8959
25
0108	0.1397	0.9917	0.3758	0.8960	0.1211s	0.3652	0.8980	0.8928
26
0109	0.1272	0.9833	0.3790	0.8960	0.1223s	0.3687	0.8950	0.8894
27
0110	0.1302	0.9917	0.3845	0.8900	0.1231s	0.3749	0.8930	0.8871
28
0111	0.1194	0.9917	0.3891	0.8900	0.1222s	0.3788	0.8920	0.8861
29
0112	0.1475	0.9917	0.3958	0.8900	0.1236s	0.3839	0.8910	0.8850
30
0113	0.1597	0.9833	0.3880	0.8920	0.1223s	0.3744	0.9010	0.8951
31
0114	0.1414	0.9917	0.3784	0.8940	0.1222s	0.3625	0.9070	0.9016
32
0115	0.1324	0.9833	0.3740	0.8900	0.1222s	0.3566	0.9090	0.9041
33
0116	0.1824	0.9833	0.3727	0.8900	0.1216s	0.3542	0.9100	0.9049
34
0117	0.1392	0.9833	0.3738	0.8920	0.1220s	0.3525	0.9140	0.9090
35
0118	0.1408	0.9917	0.3816	0.8940	0.1223s	0.3590	0.9080	0.9024
36
0119	0.1510	0.9667	0.3937	0.8940	0.1220s	0.3701	0.9020	0.8956
37
0120	0.1386	0.9833	0.4007	0.8940	0.1225s	0.3772	0.9020	0.8955
38
0121	0.1508	0.9583	0.4033	0.8940	0.1220s	0.3801	0.9010	0.8946
39
0122	0.1430	0.9833	0.3974	0.8940	0.1306s	0.3761	0.8980	0.8918
40
0123	0.1661	0.9583	0.3833	0.9020	0.1038s	0.3639	0.9030	0.8975
41
0124	0.1292	0.9833	0.3752	0.9080	0.1035s	0.3547	0.9030	0.8978
0
0125	0.1533	0.9750	0.3754	0.9080	0.1037s	0.3521	0.9030	0.8976
0
0126	0.1389	0.9750	0.3798	0.9060	0.1035s	0.3546	0.9060	0.9007
0
0127	0.1407	0.9750	0.3865	0.9000	0.1036s	0.3588	0.9050	0.8995
1
0128	0.1502	0.9917	0.3912	0.8960	0.1007s	0.3621	0.9050	0.8994
2
0129	0.1496	0.9750	0.3944	0.8920	0.0950s	0.3642	0.9040	0.8983
3
0130	0.1167	0.9917	0.3938	0.8900	0.0946s	0.3637	0.9050	0.8994
4
0131	0.1445	0.9833	0.3886	0.8940	0.0955s	0.3598	0.9050	0.8996
5
0132	0.1512	0.9833	0.3863	0.8980	0.0964s	0.3582	0.9040	0.8990
6
0133	0.1363	0.9917	0.3831	0.9000	0.0969s	0.3555	0.9020	0.8970
7
0134	0.1432	0.9750	0.3852	0.8960	0.0983s	0.3576	0.9010	0.8961
8
0135	0.1558	0.9667	0.3851	0.8980	0.0966s	0.3556	0.9030	0.8981
9
0136	0.1360	0.9917	0.3891	0.8920	0.0968s	0.3571	0.9060	0.9011
10
0137	0.1362	0.9833	0.3890	0.8940	0.0964s	0.3549	0.9010	0.8958
11
0138	0.1609	0.9583	0.3873	0.8940	0.0961s	0.3536	0.9050	0.8999
12
0139	0.1392	0.9917	0.3812	0.9020	0.0968s	0.3495	0.9090	0.9041
13
0140	0.1340	1.0000	0.3761	0.9040	0.0961s	0.3461	0.9110	0.9064
14
0141	0.1357	0.9750	0.3769	0.9020	0.0973s	0.3464	0.9080	0.9030
15
0142	0.1365	1.0000	0.3796	0.9040	0.0955s	0.3487	0.9120	0.9070
16
0143	0.1420	0.9750	0.3826	0.9040	0.1008s	0.3513	0.9100	0.9049
17
0144	0.1346	0.9750	0.3881	0.9000	0.0946s	0.3567	0.9060	0.9006
18
0145	0.1434	0.9750	0.3844	0.9020	0.1005s	0.3534	0.9070	0.9021
19
0146	0.1358	0.9917	0.3757	0.9080	0.0962s	0.3458	0.9060	0.9014
20
0147	0.1500	0.9750	0.3727	0.9080	0.1008s	0.3447	0.9070	0.9023
0
0148	0.1370	0.9917	0.3704	0.9080	0.0949s	0.3444	0.9070	0.9021
0
0149	0.1549	0.9583	0.3729	0.9080	0.1009s	0.3477	0.9080	0.9031
0
0150	0.1264	0.9750	0.3770	0.9000	0.1019s	0.3520	0.9100	0.9049
0
0151	0.1330	0.9917	0.3798	0.8940	0.1017s	0.3554	0.9090	0.9039
1
0152	0.1445	0.9500	0.3809	0.8940	0.1042s	0.3560	0.9120	0.9071
2
0153	0.1332	0.9917	0.3834	0.8980	0.1095s	0.3570	0.9090	0.9039
3
0154	0.1319	0.9833	0.3882	0.9000	0.1047s	0.3605	0.9040	0.8986
4
0155	0.1559	0.9500	0.3895	0.9020	0.1049s	0.3618	0.9010	0.8958
5
0156	0.1501	0.9667	0.3856	0.8980	0.1047s	0.3594	0.9050	0.9000
6
0157	0.1318	0.9583	0.3776	0.9040	0.1043s	0.3531	0.9070	0.9024
7
0158	0.1464	0.9833	0.3719	0.9100	0.1001s	0.3483	0.9100	0.9051
8
0159	0.1378	0.9833	0.3709	0.9060	0.1043s	0.3479	0.9090	0.9039
0
0160	0.1244	1.0000	0.3734	0.9060	0.0972s	0.3511	0.9080	0.9028
1
0161	0.1255	0.9833	0.3824	0.8960	0.0977s	0.3603	0.9010	0.8955
2
0162	0.1426	0.9833	0.3894	0.8900	0.0979s	0.3658	0.8990	0.8935
3
0163	0.1396	0.9667	0.3933	0.9000	0.0980s	0.3670	0.9000	0.8945
4
0164	0.1316	0.9750	0.3900	0.8980	0.1197s	0.3623	0.9030	0.8979
5
0165	0.1421	0.9667	0.3877	0.8920	0.1224s	0.3595	0.9080	0.9025
6
0166	0.1385	0.9917	0.3843	0.8920	0.1223s	0.3569	0.9080	0.9022
7
0167	0.1484	0.9833	0.3813	0.8940	0.1220s	0.3547	0.9120	0.9063
8
0168	0.1397	0.9917	0.3796	0.8920	0.1046s	0.3547	0.9100	0.9045
9
0169	0.1365	0.9917	0.3770	0.8960	0.1222s	0.3541	0.9110	0.9056
10
0170	0.1458	0.9833	0.3761	0.9000	0.1225s	0.3549	0.9080	0.9027
11
0171	0.1324	0.9917	0.3786	0.8960	0.1049s	0.3592	0.9070	0.9018
12
0172	0.1445	0.9833	0.3844	0.8980	0.1222s	0.3658	0.9050	0.8999
13
0173	0.1522	0.9917	0.3917	0.8920	0.1224s	0.3715	0.8940	0.8881
14
0174	0.1471	0.9917	0.3888	0.8940	0.1221s	0.3662	0.8950	0.8895
15
0175	0.1253	1.0000	0.3884	0.8920	0.1230s	0.3619	0.9010	0.8961
16
0176	0.1333	0.9667	0.3915	0.8960	0.1226s	0.3622	0.9000	0.8948
17
0177	0.1258	0.9750	0.3907	0.8980	0.1211s	0.3618	0.9030	0.8979
18
0178	0.1304	0.9750	0.3893	0.9020	0.1223s	0.3612	0.9060	0.9009
19
0179	0.1336	0.9833	0.3858	0.8980	0.1225s	0.3592	0.9100	0.9052
20
0180	0.1230	0.9750	0.3844	0.9000	0.1221s	0.3591	0.9110	0.9061
21
0181	0.1207	0.9667	0.3871	0.9000	0.1234s	0.3633	0.9100	0.9048
22
0182	0.1494	0.9500	0.3949	0.8940	0.1227s	0.3707	0.9040	0.8984
23
0183	0.1423	0.9917	0.4023	0.8880	0.1224s	0.3772	0.9020	0.8964
24
0184	0.1374	0.9500	0.4033	0.8920	0.1224s	0.3759	0.8970	0.8913
25
0185	0.1445	0.9750	0.3953	0.8940	0.1223s	0.3677	0.9000	0.8948
26
0186	0.1240	0.9833	0.3888	0.8940	0.1225s	0.3601	0.9040	0.8994
27
0187	0.1502	0.9667	0.3842	0.9020	0.1224s	0.3555	0.9050	0.9002
28
0188	0.1298	0.9667	0.3822	0.9060	0.1227s	0.3540	0.9080	0.9033
29
0189	0.1400	0.9917	0.3809	0.8980	0.1226s	0.3540	0.9050	0.9001
30
0190	0.1352	0.9917	0.3839	0.8940	0.1062s	0.3587	0.9020	0.8967
31
0191	0.1297	0.9667	0.3925	0.8980	0.1216s	0.3681	0.8970	0.8911
32
0192	0.1309	0.9917	0.4049	0.8900	0.1227s	0.3813	0.8940	0.8880
33
0193	0.1351	0.9750	0.4163	0.8840	0.1219s	0.3935	0.8900	0.8838
34
0194	0.1199	0.9917	0.4181	0.8840	0.1088s	0.3966	0.8890	0.8827
35
0195	0.1483	0.9917	0.4043	0.8860	0.1045s	0.3845	0.8930	0.8871
36
0196	0.1505	0.9583	0.3872	0.8900	0.1043s	0.3675	0.8970	0.8912
37
0197	0.1363	0.9917	0.3741	0.8960	0.1224s	0.3523	0.9050	0.8999
38
0198	0.1476	0.9750	0.3703	0.8980	0.1210s	0.3463	0.9130	0.9083
39
0199	0.1398	0.9833	0.3718	0.8960	0.1048s	0.3465	0.9110	0.9060
40
0200	0.1353	0.9833	0.3740	0.8940	0.1215s	0.3473	0.9080	0.9027
41
0201	0.1401	0.9667	0.3779	0.8940	0.1051s	0.3509	0.9070	0.9017
42
0202	0.1264	0.9833	0.3857	0.8940	0.1196s	0.3583	0.9000	0.8939
43
0203	0.1396	0.9833	0.3968	0.8860	0.1217s	0.3685	0.8940	0.8874
44
0204	0.1296	0.9833	0.4030	0.8840	0.1218s	0.3748	0.8900	0.8830
45
0205	0.1451	1.0000	0.3937	0.8880	0.1209s	0.3681	0.8930	0.8866
46
0206	0.1181	1.0000	0.3856	0.8860	0.1216s	0.3622	0.8950	0.8894
47
0207	0.1365	0.9667	0.3773	0.8960	0.1046s	0.3554	0.9030	0.8980
48
0208	0.1442	0.9833	0.3740	0.8980	0.1046s	0.3525	0.9040	0.8990
49
0209	0.1262	1.0000	0.3765	0.8920	0.1037s	0.3544	0.9020	0.8968
50
0210	0.1369	0.9750	0.3787	0.8940	0.1222s	0.3565	0.9020	0.8966
51
0211	0.1549	0.9833	0.3838	0.8900	0.1210s	0.3609	0.9000	0.8942
52
0212	0.1436	0.9583	0.3886	0.8900	0.1101s	0.3655	0.8970	0.8910
53
0213	0.1442	0.9750	0.3832	0.8920	0.1226s	0.3612	0.8960	0.8900
54
0214	0.1378	0.9833	0.3773	0.8980	0.1238s	0.3567	0.8980	0.8926
55
0215	0.1457	0.9750	0.3791	0.8980	0.1063s	0.3597	0.8970	0.8917
56
0216	0.1385	0.9750	0.3790	0.8980	0.1197s	0.3607	0.9000	0.8949
57
0217	0.1240	0.9833	0.3790	0.9000	0.1219s	0.3620	0.8980	0.8924
58
0218	0.1573	0.9750	0.3772	0.8980	0.1050s	0.3616	0.8990	0.8936
59
0219	0.1422	0.9833	0.3760	0.9000	0.1210s	0.3625	0.8960	0.8902
60
0220	0.1650	0.9750	0.3779	0.9000	0.1071s	0.3657	0.8990	0.8933
61
0221	0.1273	0.9917	0.3822	0.9000	0.1221s	0.3719	0.9000	0.8945
62
0222	0.1604	0.9833	0.3866	0.9000	0.1223s	0.3775	0.8970	0.8907
63
0223	0.1545	0.9667	0.3849	0.9000	0.1222s	0.3765	0.9000	0.8945
64
0224	0.1210	0.9917	0.3810	0.8980	0.1224s	0.3733	0.9030	0.8976
65
0225	0.1316	0.9833	0.3751	0.8980	0.1219s	0.3680	0.9020	0.8966
66
0226	0.1108	0.9833	0.3709	0.9020	0.1222s	0.3641	0.9020	0.8969
67
0227	0.1590	0.9750	0.3705	0.9040	0.1224s	0.3640	0.8990	0.8938
68
0228	0.1363	0.9833	0.3736	0.9020	0.1222s	0.3682	0.8980	0.8928
69
0229	0.1481	0.9917	0.3746	0.9000	0.1046s	0.3720	0.8960	0.8905
70
0230	0.1357	0.9917	0.3767	0.8960	0.1217s	0.3754	0.8960	0.8904
71
0231	0.1231	0.9750	0.3761	0.9000	0.1209s	0.3755	0.8970	0.8915
72
0232	0.1549	0.9500	0.3720	0.8960	0.1115s	0.3722	0.9050	0.8998
73
0233	0.1601	1.0000	0.3724	0.8940	0.1223s	0.3714	0.9060	0.9007
74
0234	0.1282	0.9833	0.3687	0.8960	0.1220s	0.3663	0.9050	0.8997
75
0235	0.1527	0.9917	0.3703	0.9000	0.1222s	0.3656	0.9030	0.8975
76
0236	0.1237	0.9833	0.3692	0.9040	0.1220s	0.3628	0.9040	0.8987
77
0237	0.1564	0.9833	0.3705	0.9060	0.1220s	0.3624	0.9020	0.8967
78
0238	0.1172	0.9833	0.3766	0.9020	0.1222s	0.3675	0.8990	0.8933
79
0239	0.1235	0.9833	0.3828	0.9020	0.1220s	0.3752	0.8940	0.8882
80
0240	0.1246	0.9750	0.3894	0.8980	0.1105s	0.3829	0.8920	0.8862
81
0241	0.1537	0.9417	0.3899	0.8960	0.1214s	0.3839	0.9000	0.8948
82
0242	0.1230	0.9833	0.3897	0.8920	0.1217s	0.3843	0.9010	0.8952
83
0243	0.1598	0.9667	0.3840	0.8960	0.1210s	0.3808	0.9040	0.8987
84
0244	0.1224	0.9667	0.3769	0.8920	0.1047s	0.3752	0.9050	0.8999
85
0245	0.1220	0.9917	0.3717	0.9000	0.1047s	0.3692	0.9050	0.8998
86
0246	0.1209	0.9667	0.3677	0.9040	0.1217s	0.3643	0.9020	0.8963
87
0247	0.1262	0.9833	0.3674	0.9120	0.1227s	0.3622	0.9030	0.8979
88
0248	0.1184	1.0000	0.3691	0.9060	0.1212s	0.3630	0.9030	0.8978
0
0249	0.1431	0.9750	0.3722	0.9080	0.1054s	0.3663	0.9020	0.8965
1
0250	0.1321	0.9917	0.3759	0.9020	0.1220s	0.3711	0.8990	0.8930
2
0251	0.1226	1.0000	0.3791	0.9000	0.1205s	0.3729	0.8970	0.8907
3
0252	0.1292	0.9917	0.3725	0.9020	0.1218s	0.3660	0.8980	0.8917
4
0253	0.1431	0.9750	0.3698	0.9040	0.1222s	0.3634	0.9040	0.8982
5
0254	0.1297	0.9750	0.3661	0.8960	0.1215s	0.3597	0.9080	0.9025
6
0255	0.1391	0.9667	0.3622	0.8940	0.1223s	0.3551	0.9130	0.9081
0
0256	0.1512	0.9917	0.3585	0.9020	0.1146s	0.3505	0.9110	0.9060
0
0257	0.1429	0.9917	0.3570	0.9080	0.1226s	0.3477	0.9090	0.9037
0
0258	0.1176	1.0000	0.3575	0.9140	0.1220s	0.3483	0.9100	0.9049
0
0259	0.1220	0.9667	0.3593	0.9120	0.1222s	0.3501	0.9060	0.9010
0
0260	0.1325	0.9750	0.3605	0.9120	0.1220s	0.3513	0.9060	0.9010
1
0261	0.1312	0.9583	0.3574	0.9140	0.1220s	0.3479	0.9080	0.9031
2
0262	0.1280	0.9833	0.3630	0.9080	0.1219s	0.3537	0.9050	0.8994
0
0263	0.1510	0.9917	0.3654	0.9020	0.1419s	0.3558	0.9100	0.9048
1
0264	0.1397	0.9833	0.3672	0.9000	0.1238s	0.3558	0.9110	0.9058
2
0265	0.1265	0.9917	0.3674	0.8980	0.1222s	0.3541	0.9130	0.9078
3
0266	0.1163	0.9833	0.3655	0.9000	0.1209s	0.3510	0.9130	0.9077
4
0267	0.1309	0.9667	0.3665	0.9000	0.1220s	0.3515	0.9110	0.9058
5
0268	0.1085	0.9917	0.3670	0.9000	0.1221s	0.3518	0.9080	0.9027
6
0269	0.1395	0.9917	0.3732	0.8980	0.1134s	0.3569	0.9060	0.9006
7
0270	0.1453	0.9750	0.3729	0.9020	0.1231s	0.3560	0.9060	0.9005
8
0271	0.1267	0.9917	0.3678	0.9060	0.1191s	0.3522	0.9070	0.9017
9
0272	0.1330	0.9750	0.3628	0.9040	0.1149s	0.3504	0.9060	0.9009
10
0273	0.1400	0.9667	0.3616	0.9020	0.1226s	0.3516	0.9060	0.9010
11
0274	0.1367	0.9833	0.3646	0.8980	0.1227s	0.3572	0.9090	0.9040
12
0275	0.1027	0.9917	0.3676	0.8960	0.1226s	0.3610	0.9080	0.9029
13
0276	0.1373	0.9917	0.3684	0.8940	0.1227s	0.3618	0.9110	0.9061
14
0277	0.1200	0.9917	0.3677	0.8960	0.1225s	0.3610	0.9120	0.9070
15
0278	0.1427	0.9667	0.3696	0.9000	0.1225s	0.3628	0.9110	0.9060
16
0279	0.1416	0.9667	0.3751	0.8980	0.1224s	0.3671	0.9090	0.9039
17
0280	0.1157	0.9917	0.3835	0.9020	0.1226s	0.3742	0.9080	0.9027
18
0281	0.1335	0.9917	0.3931	0.8980	0.1226s	0.3824	0.9010	0.8948
19
0282	0.1533	0.9583	0.3900	0.8960	0.1212s	0.3793	0.9050	0.8995
20
0283	0.1238	0.9833	0.3788	0.9040	0.1222s	0.3691	0.9060	0.9006
21
0284	0.1372	0.9750	0.3700	0.9040	0.1227s	0.3600	0.9060	0.9006
22
0285	0.1245	0.9833	0.3659	0.9020	0.1224s	0.3554	0.9130	0.9087
23
0286	0.1175	0.9917	0.3686	0.9040	0.1202s	0.3582	0.9140	0.9101
24
0287	0.1444	0.9500	0.3704	0.9020	0.1038s	0.3594	0.9120	0.9076
25
0288	0.1568	1.0000	0.3747	0.9060	0.1224s	0.3628	0.9130	0.9083
26
0289	0.1275	1.0000	0.3767	0.9040	0.1225s	0.3640	0.9080	0.9028
27
0290	0.1287	0.9667	0.3777	0.9000	0.1220s	0.3654	0.9080	0.9025
28
0291	0.1405	0.9833	0.3764	0.9000	0.1227s	0.3644	0.9070	0.9015
29
0292	0.1261	0.9667	0.3751	0.9000	0.1177s	0.3644	0.9090	0.9040
30
0293	0.1206	0.9833	0.3750	0.9000	0.1195s	0.3660	0.9090	0.9039
31
0294	0.1313	0.9833	0.3696	0.9040	0.1201s	0.3612	0.9090	0.9038
32
0295	0.1428	0.9833	0.3678	0.9060	0.1221s	0.3589	0.9100	0.9050
33
0296	0.1315	0.9917	0.3699	0.9040	0.1223s	0.3610	0.9110	0.9060
34
0297	0.1319	1.0000	0.3730	0.9040	0.1052s	0.3626	0.9100	0.9050
35
0298	0.1613	0.9583	0.3757	0.9020	0.1224s	0.3635	0.9100	0.9051
36
0299	0.1215	0.9833	0.3814	0.9080	0.1225s	0.3668	0.9060	0.9007
37
0300	0.1134	0.9667	0.3869	0.9040	0.1225s	0.3709	0.9050	0.8994
38
0301	0.1363	0.9917	0.3894	0.9020	0.1222s	0.3720	0.9040	0.8981
39
0302	0.1441	0.9833	0.3918	0.9000	0.1147s	0.3745	0.9050	0.8994
40
0303	0.1381	0.9833	0.3936	0.8980	0.1195s	0.3777	0.9060	0.9004
41
0304	0.1279	0.9917	0.3929	0.9000	0.1229s	0.3789	0.9060	0.9006
42
0305	0.1115	0.9750	0.3936	0.8980	0.1195s	0.3806	0.9050	0.8998
43
0306	0.0982	0.9917	0.3915	0.8940	0.1162s	0.3783	0.9030	0.8979
44
0307	0.1435	0.9833	0.3872	0.8960	0.1230s	0.3706	0.9080	0.9029
45
0308	0.1274	0.9833	0.3834	0.8980	0.1224s	0.3634	0.9080	0.9028
46
0309	0.1232	0.9917	0.3873	0.9020	0.1243s	0.3638	0.9060	0.9007
47
0310	0.1241	0.9667	0.3989	0.9040	0.1226s	0.3715	0.9000	0.8939
48
0311	0.1386	0.9750	0.4057	0.9000	0.1227s	0.3769	0.8970	0.8905
49
0312	0.1330	0.9833	0.4036	0.9000	0.1222s	0.3759	0.8980	0.8918
50
0313	0.1340	0.9917	0.3959	0.8980	0.1219s	0.3706	0.9030	0.8975
51
0314	0.1274	0.9833	0.3892	0.8980	0.1222s	0.3655	0.9060	0.9008
52
0315	0.1210	0.9917	0.3848	0.9000	0.1218s	0.3625	0.9090	0.9042
53
0316	0.1313	0.9667	0.3833	0.9040	0.1228s	0.3593	0.9110	0.9061
54
0317	0.1237	0.9750	0.3827	0.9040	0.1216s	0.3571	0.9110	0.9059
55
0318	0.1337	0.9667	0.3904	0.8980	0.1047s	0.3619	0.9060	0.9004
56
0319	0.1225	0.9917	0.4042	0.8980	0.1224s	0.3723	0.9000	0.8938
57
0320	0.1545	0.9667	0.4075	0.9000	0.1217s	0.3750	0.8970	0.8904
58
0321	0.1406	0.9917	0.4061	0.9020	0.1183s	0.3745	0.8950	0.8879
59
0322	0.1485	1.0000	0.3975	0.9020	0.1222s	0.3694	0.9010	0.8949
60
0323	0.1246	0.9917	0.3877	0.9020	0.1224s	0.3644	0.9090	0.9039
61
0324	0.1533	0.9917	0.3823	0.8980	0.1177s	0.3629	0.9090	0.9041
62
0325	0.1594	0.9583	0.3807	0.8980	0.1201s	0.3623	0.9050	0.9007
63
0326	0.1380	1.0000	0.3752	0.9000	0.1221s	0.3552	0.9070	0.9022
64
0327	0.1421	0.9833	0.3723	0.9060	0.1230s	0.3509	0.9100	0.9050
65
0328	0.1077	1.0000	0.3802	0.9020	0.1201s	0.3572	0.9070	0.9016
66
0329	0.1488	0.9667	0.3930	0.9040	0.1212s	0.3692	0.8950	0.8888
67
0330	0.1350	0.9917	0.4012	0.8960	0.1214s	0.3777	0.8950	0.8889
68
0331	0.1415	0.9750	0.3951	0.9000	0.1221s	0.3730	0.8970	0.8913
69
0332	0.1486	0.9667	0.3799	0.9000	0.1224s	0.3610	0.9050	0.8997
70
0333	0.1303	1.0000	0.3733	0.9040	0.1223s	0.3566	0.9110	0.9059
71
0334	0.1265	0.9667	0.3770	0.9040	0.1226s	0.3615	0.9070	0.9018
72
0335	0.1151	0.9833	0.3846	0.9000	0.1217s	0.3699	0.9100	0.9051
73
0336	0.1297	0.9750	0.3921	0.9020	0.1184s	0.3769	0.9070	0.9018
74
0337	0.1501	0.9750	0.3921	0.9060	0.1219s	0.3738	0.9080	0.9028
75
0338	0.1783	0.9667	0.3963	0.9020	0.1197s	0.3741	0.9030	0.8971
76
0339	0.1254	0.9750	0.4023	0.9020	0.1090s	0.3771	0.8970	0.8906
77
0340	0.1394	0.9583	0.4053	0.8980	0.1131s	0.3779	0.8960	0.8898
78
0341	0.1219	0.9917	0.4027	0.8960	0.1198s	0.3750	0.8960	0.8899
79
0342	0.1449	0.9917	0.3919	0.8980	0.1051s	0.3648	0.9010	0.8955
80
0343	0.1268	0.9833	0.3849	0.8980	0.1197s	0.3591	0.9050	0.8995
81
0344	0.1248	0.9833	0.3831	0.9000	0.1222s	0.3585	0.9090	0.9040
82
0345	0.1362	0.9500	0.3850	0.8980	0.1223s	0.3623	0.9080	0.9030
83
0346	0.1337	0.9833	0.3883	0.8980	0.1177s	0.3650	0.9080	0.9033
84
0347	0.1465	0.9583	0.3902	0.8960	0.1197s	0.3650	0.9060	0.9007
85
0348	0.1237	0.9750	0.3951	0.9000	0.1165s	0.3681	0.9040	0.8980
86
0349	0.1274	0.9833	0.4082	0.8940	0.1230s	0.3793	0.9000	0.8941
87
0350	0.1190	0.9917	0.4248	0.8880	0.1239s	0.3948	0.8930	0.8868
88
0351	0.1324	0.9667	0.4263	0.8920	0.1230s	0.3954	0.8910	0.8844
89
0352	0.1651	0.9667	0.4139	0.8920	0.1233s	0.3821	0.8970	0.8909
90
0353	0.1456	0.9833	0.3987	0.8960	0.1234s	0.3669	0.9020	0.8959
91
0354	0.1317	0.9667	0.3917	0.9040	0.1237s	0.3598	0.9030	0.8969
92
0355	0.1369	0.9583	0.3897	0.9020	0.1230s	0.3580	0.9090	0.9036
93
0356	0.1389	0.9750	0.3899	0.9000	0.1235s	0.3589	0.9070	0.9012
94
0357	0.1304	0.9917	0.3919	0.9020	0.1237s	0.3615	0.9020	0.8958
95
0358	0.1517	0.9833	0.3981	0.8960	0.1231s	0.3701	0.9000	0.8936
96
0359	0.1337	1.0000	0.4110	0.8960	0.1233s	0.3842	0.8930	0.8860
97
0360	0.1188	0.9833	0.4162	0.8880	0.1248s	0.3907	0.8900	0.8830
98
0361	0.1441	0.9833	0.4088	0.8960	0.1227s	0.3841	0.8940	0.8873
99
0362	0.1366	0.9750	0.3919	0.9040	0.1221s	0.3675	0.9020	0.8960
100
0363	0.1458	0.9833	0.3810	0.9080	0.1226s	0.3540	0.9100	0.9050
101
0364	0.1525	0.9500	0.3782	0.9020	0.1220s	0.3492	0.9090	0.9040
102
0365	0.1325	0.9917	0.3783	0.9080	0.1218s	0.3494	0.9120	0.9073
103
0366	0.1274	0.9833	0.3821	0.9080	0.1235s	0.3560	0.9060	0.9005
104
0367	0.1292	0.9750	0.3925	0.9020	0.1257s	0.3681	0.9040	0.8980
105
0368	0.1289	0.9667	0.4066	0.8900	0.1223s	0.3827	0.8970	0.8902
106
0369	0.1578	0.9833	0.4106	0.8880	0.1184s	0.3874	0.8950	0.8877
107
0370	0.1437	0.9917	0.4074	0.8900	0.1198s	0.3842	0.8980	0.8909
108
0371	0.1470	0.9833	0.4021	0.8920	0.1089s	0.3779	0.9020	0.8954
109
0372	0.1325	0.9833	0.3930	0.8980	0.1150s	0.3661	0.9010	0.8948
110
0373	0.1327	0.9833	0.3883	0.8980	0.1149s	0.3584	0.9070	0.9019
111
0374	0.1096	0.9833	0.3879	0.9000	0.1227s	0.3565	0.9100	0.9050
112
0375	0.1503	0.9667	0.3907	0.8980	0.1194s	0.3588	0.9100	0.9047
113
0376	0.1318	0.9917	0.3966	0.9000	0.1174s	0.3652	0.9070	0.9016
114
0377	0.1450	0.9833	0.4027	0.9040	0.1222s	0.3721	0.9010	0.8954
115
0378	0.1291	0.9833	0.4040	0.9020	0.1226s	0.3752	0.8960	0.8902
116
0379	0.1302	0.9667	0.3990	0.9020	0.1222s	0.3725	0.8980	0.8924
117
0380	0.1364	0.9750	0.3885	0.8980	0.1176s	0.3643	0.9000	0.8942
118
0381	0.1257	0.9667	0.3823	0.9000	0.1223s	0.3604	0.9010	0.8956
119
0382	0.1473	0.9500	0.3797	0.8980	0.1216s	0.3594	0.9000	0.8946
120
0383	0.1465	0.9750	0.3822	0.9000	0.1198s	0.3610	0.8980	0.8924
121
0384	0.1435	0.9583	0.3843	0.9000	0.1240s	0.3621	0.8980	0.8924
122
0385	0.1154	1.0000	0.3895	0.8980	0.1222s	0.3662	0.8970	0.8911
123
0386	0.1168	1.0000	0.3952	0.8980	0.1236s	0.3715	0.8960	0.8900
124
0387	0.1145	0.9917	0.3981	0.8940	0.1157s	0.3748	0.8940	0.8876
125
0388	0.1276	0.9833	0.3960	0.8940	0.1082s	0.3745	0.9000	0.8940
126
0389	0.1279	0.9667	0.3954	0.8940	0.1189s	0.3762	0.9000	0.8939
127
0390	0.1288	1.0000	0.3908	0.8940	0.1220s	0.3743	0.9010	0.8952
128
0391	0.1421	0.9833	0.3873	0.8920	0.1043s	0.3722	0.9000	0.8943
129
0392	0.1259	1.0000	0.3850	0.8960	0.1043s	0.3696	0.8980	0.8926
130
0393	0.1380	0.9500	0.3892	0.8980	0.1187s	0.3718	0.8990	0.8937
131
0394	0.1317	0.9667	0.3966	0.8960	0.1213s	0.3774	0.8960	0.8904
132
0395	0.1225	0.9833	0.4031	0.8960	0.1220s	0.3826	0.8950	0.8891
133
0396	0.1446	0.9917	0.4162	0.8900	0.1219s	0.3927	0.8900	0.8835
134
0397	0.1536	0.9917	0.4165	0.8860	0.1232s	0.3917	0.8910	0.8847
135
0398	0.1260	0.9750	0.4064	0.8960	0.1226s	0.3807	0.8970	0.8909
136
0399	0.1145	0.9917	0.3937	0.8980	0.1220s	0.3674	0.9010	0.8952
137
0400	0.1219	0.9833	0.3843	0.9000	0.1228s	0.3563	0.9090	0.9037
138
0401	0.1447	0.9750	0.3799	0.9000	0.1221s	0.3512	0.9100	0.9049
139
0402	0.1354	0.9583	0.3796	0.9020	0.1245s	0.3500	0.9150	0.9106
140
0403	0.1195	0.9917	0.3805	0.9040	0.1221s	0.3505	0.9160	0.9117
141
0404	0.1258	1.0000	0.3828	0.9020	0.1225s	0.3527	0.9060	0.9010
142
0405	0.1336	0.9667	0.3881	0.9000	0.1232s	0.3576	0.9010	0.8954
143
0406	0.1530	0.9917	0.3957	0.9000	0.1215s	0.3652	0.9000	0.8940
144
0407	0.1307	0.9667	0.3998	0.8980	0.1220s	0.3709	0.8970	0.8913
145
0408	0.1448	0.9833	0.3969	0.8980	0.1235s	0.3699	0.8970	0.8916
146
0409	0.1327	0.9833	0.3904	0.9000	0.1224s	0.3648	0.8960	0.8907
147
0410	0.1497	0.9667	0.3827	0.9000	0.1223s	0.3566	0.9020	0.8961
148
0411	0.1262	0.9750	0.3773	0.8980	0.1233s	0.3508	0.9030	0.8971
149
0412	0.1316	0.9583	0.3731	0.9060	0.1219s	0.3454	0.9110	0.9059
150
0413	0.1066	0.9833	0.3745	0.9060	0.1224s	0.3465	0.9100	0.9050
151
0414	0.1312	0.9750	0.3827	0.9020	0.1234s	0.3542	0.9040	0.8983
152
0415	0.1169	0.9833	0.3941	0.9000	0.1216s	0.3648	0.9000	0.8945
153
0416	0.1372	0.9917	0.4033	0.8980	0.1223s	0.3749	0.8950	0.8887
154
0417	0.1352	0.9917	0.4018	0.8960	0.1237s	0.3754	0.8970	0.8907
155
0418	0.1332	0.9667	0.3886	0.8980	0.1223s	0.3656	0.8970	0.8909
156
0419	0.1049	0.9833	0.3772	0.9020	0.1222s	0.3563	0.9020	0.8965
157
0420	0.1156	0.9833	0.3713	0.9000	0.1227s	0.3518	0.9080	0.9031
158
0421	0.1249	0.9667	0.3732	0.9020	0.1221s	0.3541	0.9050	0.8999
159
0422	0.1371	1.0000	0.3754	0.9020	0.1217s	0.3556	0.9060	0.9006
160
0423	0.1210	0.9833	0.3806	0.9020	0.1230s	0.3605	0.9040	0.8980
161
0424	0.1258	0.9750	0.3896	0.9000	0.1224s	0.3681	0.9030	0.8969
162
0425	0.1677	0.9750	0.3933	0.9040	0.1223s	0.3710	0.9020	0.8960
163
0426	0.1310	0.9833	0.3957	0.9020	0.1226s	0.3747	0.9010	0.8949
164
0427	0.1291	0.9833	0.3898	0.9020	0.1221s	0.3699	0.9030	0.8972
165
0428	0.1423	0.9750	0.3846	0.9020	0.1213s	0.3662	0.9040	0.8981
166
0429	0.1310	0.9833	0.3802	0.9020	0.1226s	0.3637	0.9080	0.9026
167
0430	0.1120	0.9917	0.3774	0.9040	0.1240s	0.3622	0.9110	0.9059
168
0431	0.1229	0.9833	0.3771	0.9060	0.1231s	0.3640	0.9080	0.9026
169
0432	0.1252	0.9750	0.3810	0.9040	0.1243s	0.3704	0.9060	0.9001
170
0433	0.1339	0.9750	0.3909	0.9000	0.1238s	0.3806	0.9010	0.8951
171
0434	0.1341	0.9917	0.3953	0.9000	0.1233s	0.3847	0.9000	0.8935
172
0435	0.1478	0.9667	0.3948	0.9000	0.1232s	0.3840	0.8990	0.8926
173
0436	0.1207	0.9667	0.3922	0.9020	0.1234s	0.3823	0.9000	0.8934
174
0437	0.1309	1.0000	0.3907	0.9000	0.1232s	0.3812	0.9020	0.8958
175
0438	0.1241	0.9583	0.3886	0.8980	0.1181s	0.3782	0.9040	0.8980
176
0439	0.1315	0.9667	0.3870	0.8940	0.1225s	0.3747	0.9050	0.8992
177
0440	0.1480	0.9667	0.3873	0.9000	0.1222s	0.3733	0.9050	0.8995
178
0441	0.1390	0.9583	0.3942	0.8960	0.1237s	0.3767	0.8990	0.8927
179
0442	0.1157	0.9917	0.4068	0.8980	0.1227s	0.3855	0.8960	0.8894
180
0443	0.1130	0.9917	0.4145	0.8980	0.1050s	0.3887	0.8950	0.8880
181
0444	0.1586	0.9667	0.4144	0.8960	0.1211s	0.3872	0.8970	0.8905
182
0445	0.1392	0.9917	0.4103	0.8980	0.1046s	0.3827	0.8960	0.8894
183
0446	0.1425	1.0000	0.4077	0.8980	0.1153s	0.3801	0.8950	0.8884
184
0447	0.1299	0.9833	0.4031	0.8940	0.1237s	0.3764	0.8960	0.8898
185
0448	0.1564	0.9667	0.3982	0.8940	0.1223s	0.3710	0.9000	0.8938
186
0449	0.1121	0.9917	0.3997	0.8880	0.1185s	0.3715	0.9010	0.8950
187
0450	0.1361	0.9833	0.3975	0.8940	0.1208s	0.3697	0.9040	0.8985
188
0451	0.1515	0.9750	0.3932	0.8960	0.1225s	0.3673	0.9010	0.8955
189
0452	0.1189	0.9750	0.3945	0.8980	0.1236s	0.3703	0.8960	0.8897
190
0453	0.1339	0.9917	0.4014	0.8980	0.1213s	0.3783	0.8930	0.8862
191
0454	0.1134	0.9833	0.4050	0.9040	0.1199s	0.3827	0.8920	0.8854
192
0455	0.1223	0.9833	0.4016	0.9020	0.1230s	0.3798	0.8910	0.8847
193
0456	0.1423	0.9667	0.3903	0.9000	0.1220s	0.3695	0.8970	0.8912
194
0457	0.1360	0.9917	0.3819	0.9020	0.1234s	0.3610	0.9000	0.8945
195
0458	0.1600	0.9750	0.3792	0.8980	0.1229s	0.3584	0.9050	0.9002
196
0459	0.1401	0.9750	0.3796	0.8980	0.1235s	0.3598	0.9070	0.9025
197
0460	0.1369	0.9667	0.3817	0.8980	0.1174s	0.3642	0.9060	0.9011
198
0461	0.1315	0.9917	0.3863	0.9000	0.1237s	0.3737	0.8980	0.8921
199
Early stop! Min loss:0.3570479154586792,  Max accuracy:0.914
Early stop model validation loss:0.3570479154586792,  accuracy:0.908
Optimization Finished!
Total time elapsed: 55.4218s
test max acc:0.9160
Loading 256th epoch
stru_node_to_hop attention:tensor([[0.2499, 0.2507, 0.2498, 0.2497],
        [0.2499, 0.2500, 0.2500, 0.2500],
        [0.2474, 0.2515, 0.2506, 0.2505],
        [0.2491, 0.2526, 0.2495, 0.2489],
        [0.2479, 0.2510, 0.2505, 0.2506],
        [0.2511, 0.2498, 0.2496, 0.2495],
        [0.2492, 0.2504, 0.2502, 0.2502],
        [0.2499, 0.2501, 0.2501, 0.2500],
        [0.2527, 0.2496, 0.2490, 0.2487],
        [0.2499, 0.2502, 0.2500, 0.2499],
        [0.2498, 0.2502, 0.2501, 0.2500],
        [0.2499, 0.2501, 0.2501, 0.2500],
        [0.2501, 0.2499, 0.2500, 0.2500],
        [0.2517, 0.2498, 0.2494, 0.2491],
        [0.2516, 0.2502, 0.2493, 0.2489],
        [0.2511, 0.2503, 0.2495, 0.2491],
        [0.2475, 0.2515, 0.2506, 0.2504],
        [0.2491, 0.2509, 0.2502, 0.2499],
        [0.2501, 0.2499, 0.2500, 0.2500],
        [0.2492, 0.2507, 0.2502, 0.2499],
        [0.2499, 0.2501, 0.2500, 0.2500],
        [0.2497, 0.2506, 0.2499, 0.2498],
        [0.2493, 0.2503, 0.2502, 0.2502],
        [0.2486, 0.2508, 0.2503, 0.2503],
        [0.2496, 0.2503, 0.2501, 0.2500],
        [0.2475, 0.2515, 0.2506, 0.2504],
        [0.2494, 0.2504, 0.2502, 0.2501],
        [0.2492, 0.2505, 0.2502, 0.2501],
        [0.2493, 0.2502, 0.2502, 0.2502],
        [0.2464, 0.2519, 0.2509, 0.2508],
        [0.2482, 0.2514, 0.2504, 0.2500],
        [0.2487, 0.2509, 0.2503, 0.2501],
        [0.2502, 0.2501, 0.2499, 0.2498],
        [0.2496, 0.2501, 0.2502, 0.2502],
        [0.2494, 0.2500, 0.2503, 0.2503],
        [0.2489, 0.2508, 0.2502, 0.2502],
        [0.2479, 0.2508, 0.2507, 0.2505],
        [0.2488, 0.2502, 0.2505, 0.2505],
        [0.2488, 0.2506, 0.2504, 0.2502],
        [0.2492, 0.2504, 0.2502, 0.2501],
        [0.2498, 0.2501, 0.2501, 0.2501],
        [0.2502, 0.2500, 0.2499, 0.2498],
        [0.2503, 0.2500, 0.2499, 0.2499],
        [0.2477, 0.2511, 0.2507, 0.2505],
        [0.2487, 0.2506, 0.2504, 0.2503],
        [0.1571, 0.1917, 0.2758, 0.3755],
        [0.2495, 0.2502, 0.2502, 0.2501],
        [0.2487, 0.2509, 0.2503, 0.2501],
        [0.2474, 0.2512, 0.2508, 0.2506],
        [0.2500, 0.2500, 0.2500, 0.2500],
        [0.2458, 0.2520, 0.2511, 0.2511],
        [0.2499, 0.2500, 0.2500, 0.2501],
        [0.2500, 0.2500, 0.2500, 0.2500],
        [0.2492, 0.2504, 0.2502, 0.2502],
        [0.2473, 0.2520, 0.2506, 0.2501],
        [0.2509, 0.2497, 0.2497, 0.2497],
        [0.2487, 0.2514, 0.2501, 0.2498],
        [0.2496, 0.2501, 0.2502, 0.2501],
        [0.2477, 0.2519, 0.2504, 0.2500],
        [0.2496, 0.2505, 0.2500, 0.2499],
        [0.2506, 0.2498, 0.2499, 0.2498],
        [0.2487, 0.2506, 0.2504, 0.2504],
        [0.2492, 0.2506, 0.2502, 0.2500],
        [0.2499, 0.2506, 0.2499, 0.2495],
        [0.2495, 0.2502, 0.2502, 0.2502],
        [0.2500, 0.2497, 0.2502, 0.2502],
        [0.2479, 0.2522, 0.2502, 0.2497],
        [0.2505, 0.2496, 0.2500, 0.2499],
        [0.2494, 0.2501, 0.2503, 0.2502],
        [0.2495, 0.2503, 0.2501, 0.2501],
        [0.2499, 0.2507, 0.2498, 0.2496],
        [0.2498, 0.2500, 0.2501, 0.2501],
        [0.2501, 0.2502, 0.2499, 0.2497],
        [0.2476, 0.2516, 0.2505, 0.2503],
        [0.2497, 0.2501, 0.2501, 0.2501],
        [0.2494, 0.2505, 0.2501, 0.2500],
        [0.2498, 0.2511, 0.2497, 0.2494],
        [0.2523, 0.2486, 0.2495, 0.2496],
        [0.2478, 0.2510, 0.2506, 0.2505],
        [0.2489, 0.2502, 0.2504, 0.2505],
        [0.2506, 0.2502, 0.2498, 0.2495],
        [0.2471, 0.2516, 0.2508, 0.2506],
        [0.2509, 0.2497, 0.2498, 0.2496],
        [0.2497, 0.2502, 0.2501, 0.2500],
        [0.2494, 0.2503, 0.2502, 0.2501],
        [0.2495, 0.2503, 0.2501, 0.2501],
        [0.2481, 0.2506, 0.2505, 0.2507],
        [0.2502, 0.2499, 0.2500, 0.2499],
        [0.2500, 0.2504, 0.2499, 0.2496],
        [0.2490, 0.2506, 0.2502, 0.2502],
        [0.2492, 0.2503, 0.2502, 0.2503],
        [0.2493, 0.2503, 0.2503, 0.2501],
        [0.2501, 0.2500, 0.2499, 0.2499],
        [0.2500, 0.2501, 0.2500, 0.2500],
        [0.2497, 0.2504, 0.2500, 0.2499],
        [0.2497, 0.2502, 0.2501, 0.2500],
        [0.2492, 0.2506, 0.2501, 0.2500],
        [0.2508, 0.2498, 0.2497, 0.2496],
        [0.2476, 0.2515, 0.2506, 0.2503],
        [0.2494, 0.2503, 0.2502, 0.2501]], device='cuda:1')
fea_node_to_hop attention:tensor([[0.3319, 0.3337, 0.3344],
        [0.3330, 0.3335, 0.3335],
        [0.3289, 0.3336, 0.3376],
        [0.3294, 0.3344, 0.3362],
        [0.3351, 0.3322, 0.3327],
        [0.3333, 0.3328, 0.3339],
        [0.3303, 0.3342, 0.3355],
        [0.3322, 0.3332, 0.3346],
        [0.3298, 0.3341, 0.3360],
        [0.3350, 0.3306, 0.3344],
        [0.3322, 0.3334, 0.3344],
        [0.3318, 0.3332, 0.3350],
        [0.3331, 0.3335, 0.3334],
        [0.3320, 0.3325, 0.3355],
        [0.3275, 0.3342, 0.3383],
        [0.3286, 0.3351, 0.3363],
        [0.3281, 0.3353, 0.3365],
        [0.3315, 0.3333, 0.3352],
        [0.3340, 0.3333, 0.3328],
        [0.3316, 0.3331, 0.3353],
        [0.3331, 0.3332, 0.3337],
        [0.3310, 0.3345, 0.3346],
        [0.3314, 0.3339, 0.3348],
        [0.3276, 0.3365, 0.3359],
        [0.3322, 0.3336, 0.3341],
        [0.3286, 0.3350, 0.3363],
        [0.3323, 0.3331, 0.3346],
        [0.3295, 0.3351, 0.3354],
        [0.3322, 0.3332, 0.3346],
        [0.3328, 0.3332, 0.3339],
        [0.3304, 0.3342, 0.3354],
        [0.3302, 0.3338, 0.3360],
        [0.3333, 0.3327, 0.3340],
        [0.3321, 0.3340, 0.3339],
        [0.3339, 0.3333, 0.3328],
        [0.3281, 0.3369, 0.3350],
        [0.3281, 0.3348, 0.3372],
        [0.3351, 0.3325, 0.3324],
        [0.3296, 0.3350, 0.3354],
        [0.3317, 0.3345, 0.3338],
        [0.3338, 0.3331, 0.3330],
        [0.3338, 0.3321, 0.3341],
        [0.3320, 0.3335, 0.3344],
        [0.3280, 0.3363, 0.3357],
        [0.3334, 0.3324, 0.3342],
        [0.3445, 0.3330, 0.3225],
        [0.3329, 0.3338, 0.3334],
        [0.3289, 0.3350, 0.3361],
        [0.3278, 0.3351, 0.3371],
        [0.3332, 0.3334, 0.3333],
        [0.3330, 0.3335, 0.3335],
        [0.3325, 0.3336, 0.3339],
        [0.3333, 0.3333, 0.3334],
        [0.3293, 0.3351, 0.3356],
        [0.3339, 0.3326, 0.3334],
        [0.3318, 0.3342, 0.3339],
        [0.3322, 0.3336, 0.3342],
        [0.3307, 0.3345, 0.3348],
        [0.3311, 0.3334, 0.3354],
        [0.3332, 0.3333, 0.3335],
        [0.3331, 0.3331, 0.3339],
        [0.3281, 0.3356, 0.3363],
        [0.3310, 0.3337, 0.3353],
        [0.3334, 0.3333, 0.3333],
        [0.3323, 0.3339, 0.3338],
        [0.3314, 0.3340, 0.3346],
        [0.3322, 0.3335, 0.3343],
        [0.3325, 0.3333, 0.3343],
        [0.3315, 0.3337, 0.3348],
        [0.3314, 0.3341, 0.3344],
        [0.3300, 0.3343, 0.3357],
        [0.3329, 0.3334, 0.3337],
        [0.3321, 0.3332, 0.3347],
        [0.3321, 0.3330, 0.3349],
        [0.3328, 0.3334, 0.3337],
        [0.3326, 0.3332, 0.3342],
        [0.3293, 0.3356, 0.3350],
        [0.3298, 0.3354, 0.3348],
        [0.3285, 0.3355, 0.3360],
        [0.3323, 0.3337, 0.3340],
        [0.3309, 0.3351, 0.3340],
        [0.3289, 0.3364, 0.3347],
        [0.3305, 0.3343, 0.3352],
        [0.3315, 0.3336, 0.3349],
        [0.3308, 0.3343, 0.3348],
        [0.3306, 0.3340, 0.3354],
        [0.3302, 0.3360, 0.3338],
        [0.3329, 0.3335, 0.3335],
        [0.3330, 0.3332, 0.3337],
        [0.3312, 0.3337, 0.3351],
        [0.3329, 0.3337, 0.3334],
        [0.3307, 0.3338, 0.3355],
        [0.3328, 0.3333, 0.3339],
        [0.3337, 0.3325, 0.3338],
        [0.3320, 0.3336, 0.3345],
        [0.3323, 0.3340, 0.3337],
        [0.3301, 0.3347, 0.3352],
        [0.3307, 0.3342, 0.3351],
        [0.3317, 0.3334, 0.3349],
        [0.3328, 0.3339, 0.3333]], device='cuda:1')
perception attention:tensor([0.5000, 0.5000], device='cuda:1')
Test set results: loss= 0.3477 accuracy= 0.9090 F1_score= 0.9037
