# epoch	loss_train	acc_train	loss_val	acc_val	time	acc_test	f1_test
0001	1.7917	0.1750	1.6790	0.4600	0.1219s	1.6700	0.4660	0.3760
0
0002	1.6725	0.4667	1.5096	0.4200	0.1225s	1.4850	0.4150	0.3137
0
0003	1.5172	0.4417	1.3293	0.5120	0.1216s	1.3017	0.5260	0.4638
0
0004	1.2982	0.6000	1.1270	0.7760	0.1223s	1.1035	0.8040	0.7861
0
0005	1.0802	0.8083	0.9523	0.8840	0.1223s	0.9297	0.8760	0.8680
0
0006	0.9283	0.8083	0.8181	0.8640	0.1215s	0.7965	0.8730	0.8674
0
0007	0.8042	0.8000	0.7002	0.8560	0.1217s	0.6798	0.8770	0.8703
0
0008	0.6851	0.8750	0.6048	0.8860	0.1224s	0.5834	0.8840	0.8766
0
0009	0.5565	0.9250	0.5401	0.8820	0.1223s	0.5176	0.8900	0.8822
0
0010	0.4925	0.8917	0.4869	0.8880	0.1189s	0.4654	0.8950	0.8881
0
0011	0.4421	0.9167	0.4443	0.8840	0.1223s	0.4254	0.8980	0.8924
0
0012	0.3598	0.9417	0.4211	0.8820	0.1219s	0.4019	0.8940	0.8881
0
0013	0.3326	0.9667	0.4025	0.8800	0.1224s	0.3810	0.8980	0.8916
0
0014	0.3216	0.9250	0.3877	0.9020	0.1221s	0.3625	0.8920	0.8852
0
0015	0.2687	0.9583	0.3866	0.8960	0.1221s	0.3575	0.8910	0.8840
0
0016	0.2805	0.9583	0.3893	0.8960	0.1223s	0.3566	0.8940	0.8867
0
0017	0.2774	0.9417	0.3849	0.8980	0.1237s	0.3512	0.8930	0.8857
1
0018	0.2430	0.9667	0.3787	0.8940	0.1221s	0.3460	0.9020	0.8952
0
0019	0.2064	0.9667	0.3802	0.8900	0.1224s	0.3479	0.8950	0.8878
0
0020	0.2200	0.9417	0.3797	0.8880	0.1223s	0.3480	0.8960	0.8891
1
0021	0.1919	0.9750	0.3796	0.8920	0.1221s	0.3485	0.8920	0.8848
2
0022	0.2166	0.9500	0.3816	0.8940	0.1219s	0.3514	0.8920	0.8849
3
0023	0.1923	0.9667	0.3877	0.8920	0.1225s	0.3578	0.8930	0.8859
4
0024	0.1862	0.9917	0.3907	0.8900	0.1226s	0.3607	0.8930	0.8857
5
0025	0.1724	0.9750	0.3890	0.8940	0.1220s	0.3578	0.8940	0.8871
6
0026	0.2016	0.9500	0.3876	0.8940	0.1221s	0.3544	0.8930	0.8861
7
0027	0.1579	0.9667	0.3862	0.8980	0.1221s	0.3512	0.8930	0.8863
8
0028	0.2020	0.9667	0.3896	0.8980	0.1222s	0.3527	0.8930	0.8865
9
0029	0.1646	0.9333	0.3941	0.8980	0.1202s	0.3557	0.8950	0.8882
10
0030	0.1737	0.9833	0.4033	0.8960	0.1200s	0.3635	0.8970	0.8895
11
0031	0.1740	0.9917	0.4070	0.8900	0.1220s	0.3669	0.8990	0.8914
12
0032	0.1649	0.9917	0.4081	0.8900	0.1222s	0.3682	0.9020	0.8950
13
0033	0.1475	0.9583	0.4078	0.8940	0.1048s	0.3677	0.8990	0.8921
14
0034	0.1581	0.9750	0.4035	0.8940	0.1211s	0.3642	0.8950	0.8882
15
0035	0.1385	0.9750	0.3989	0.8960	0.1224s	0.3608	0.8950	0.8881
16
0036	0.1505	0.9833	0.3934	0.9020	0.1242s	0.3569	0.8940	0.8876
17
0037	0.1574	0.9833	0.3906	0.8980	0.1218s	0.3554	0.8920	0.8854
0
0038	0.1704	0.9583	0.3905	0.9000	0.1220s	0.3562	0.8920	0.8850
1
0039	0.1644	0.9750	0.3962	0.8940	0.1224s	0.3635	0.8900	0.8831
2
0040	0.1637	0.9667	0.3997	0.8920	0.1216s	0.3686	0.8860	0.8794
3
0041	0.1651	0.9833	0.4005	0.8920	0.1222s	0.3715	0.8860	0.8793
4
0042	0.1748	0.9583	0.3945	0.8900	0.1225s	0.3661	0.8920	0.8854
5
0043	0.1663	0.9833	0.3938	0.8860	0.1225s	0.3642	0.8940	0.8874
6
0044	0.1533	0.9750	0.3955	0.8940	0.1222s	0.3646	0.8930	0.8864
7
0045	0.1553	0.9833	0.3982	0.8920	0.1198s	0.3663	0.8930	0.8872
8
0046	0.1835	0.9750	0.4019	0.8920	0.1221s	0.3701	0.8940	0.8885
9
0047	0.1675	0.9833	0.4013	0.8900	0.1218s	0.3712	0.8940	0.8885
10
0048	0.1592	1.0000	0.3971	0.8920	0.1224s	0.3692	0.8920	0.8855
11
0049	0.1477	0.9833	0.3944	0.8920	0.1220s	0.3690	0.8920	0.8849
12
0050	0.1457	1.0000	0.3948	0.8920	0.1199s	0.3721	0.8910	0.8836
13
0051	0.1749	0.9917	0.3920	0.8920	0.1214s	0.3719	0.8920	0.8853
14
0052	0.1506	0.9833	0.3852	0.8920	0.1223s	0.3673	0.8950	0.8889
15
0053	0.1601	0.9500	0.3794	0.8940	0.1219s	0.3626	0.8980	0.8920
16
0054	0.1489	0.9750	0.3733	0.8940	0.1218s	0.3564	0.9000	0.8945
17
0055	0.1615	0.9917	0.3722	0.9020	0.1205s	0.3537	0.8990	0.8934
0
0056	0.1701	0.9917	0.3773	0.8980	0.1222s	0.3572	0.8990	0.8936
0
0057	0.1388	0.9917	0.3860	0.9020	0.1223s	0.3648	0.8950	0.8890
1
0058	0.1220	0.9667	0.3939	0.9020	0.1223s	0.3723	0.8950	0.8891
0
0059	0.1519	0.9917	0.4028	0.8980	0.1220s	0.3814	0.8920	0.8855
0
0060	0.1588	0.9833	0.4057	0.8960	0.1226s	0.3844	0.8870	0.8799
1
0061	0.1426	0.9833	0.4008	0.8960	0.1207s	0.3801	0.8900	0.8831
2
0062	0.1745	0.9750	0.3902	0.8960	0.1219s	0.3708	0.8910	0.8846
3
0063	0.1452	0.9833	0.3806	0.8940	0.1219s	0.3639	0.8940	0.8874
4
0064	0.1524	0.9583	0.3744	0.8960	0.1220s	0.3595	0.8980	0.8921
5
0065	0.1650	0.9667	0.3738	0.9000	0.1179s	0.3608	0.8970	0.8912
6
0066	0.1545	0.9667	0.3778	0.8980	0.1202s	0.3647	0.8990	0.8929
7
0067	0.1730	0.9750	0.3848	0.8940	0.1041s	0.3695	0.8980	0.8921
8
0068	0.1600	0.9750	0.3965	0.8900	0.1042s	0.3765	0.8920	0.8855
9
0069	0.1723	0.9750	0.4051	0.8880	0.1221s	0.3801	0.8880	0.8810
10
0070	0.1375	0.9833	0.4046	0.8940	0.1220s	0.3760	0.8930	0.8868
11
0071	0.1496	0.9917	0.4014	0.8920	0.1222s	0.3709	0.8950	0.8884
12
0072	0.1422	0.9583	0.3948	0.8900	0.1224s	0.3648	0.8990	0.8924
13
0073	0.1477	0.9917	0.3881	0.8920	0.1222s	0.3604	0.9040	0.8980
14
0074	0.1421	0.9917	0.3858	0.8920	0.1062s	0.3607	0.9070	0.9011
15
0075	0.1242	0.9917	0.3848	0.8880	0.1220s	0.3607	0.9100	0.9046
16
0076	0.1675	0.9750	0.3827	0.8940	0.1227s	0.3575	0.9110	0.9057
17
0077	0.1629	0.9750	0.3818	0.8980	0.1223s	0.3530	0.9060	0.9005
18
0078	0.1321	0.9750	0.3872	0.8960	0.1220s	0.3539	0.9010	0.8951
19
0079	0.1547	0.9833	0.3965	0.8960	0.1174s	0.3602	0.8990	0.8930
20
0080	0.1439	0.9833	0.4025	0.8960	0.1221s	0.3647	0.8980	0.8920
21
0081	0.1414	0.9917	0.4045	0.8940	0.1221s	0.3679	0.8960	0.8896
22
0082	0.1542	0.9583	0.3978	0.8940	0.1223s	0.3637	0.8990	0.8928
23
0083	0.1469	0.9833	0.3894	0.8960	0.1222s	0.3564	0.9010	0.8951
24
0084	0.1375	0.9833	0.3867	0.9000	0.1222s	0.3560	0.9030	0.8975
25
0085	0.1464	0.9667	0.3854	0.8960	0.1213s	0.3577	0.9060	0.9009
26
0086	0.1378	0.9917	0.3841	0.8960	0.1221s	0.3575	0.9070	0.9021
27
0087	0.1352	0.9917	0.3856	0.9000	0.1046s	0.3576	0.9060	0.9007
28
0088	0.1433	0.9750	0.3896	0.8980	0.1220s	0.3595	0.9000	0.8940
29
0089	0.1498	1.0000	0.3929	0.8980	0.1222s	0.3621	0.8920	0.8850
30
0090	0.1412	0.9583	0.4026	0.8940	0.1223s	0.3713	0.8920	0.8848
31
0091	0.1376	0.9750	0.4108	0.8900	0.1217s	0.3805	0.8930	0.8863
32
0092	0.1468	0.9667	0.4105	0.8880	0.1220s	0.3816	0.8920	0.8852
33
0093	0.1401	0.9750	0.4041	0.8880	0.1171s	0.3769	0.8930	0.8861
34
0094	0.1405	0.9917	0.4002	0.8900	0.1196s	0.3733	0.8920	0.8852
35
0095	0.1373	0.9833	0.3979	0.8960	0.1219s	0.3690	0.8950	0.8882
36
0096	0.1581	0.9583	0.3906	0.8980	0.1222s	0.3630	0.8970	0.8906
37
0097	0.1356	0.9833	0.3823	0.9020	0.1223s	0.3557	0.9030	0.8974
38
0098	0.1581	0.9667	0.3806	0.9000	0.1229s	0.3551	0.9090	0.9034
0
0099	0.1488	0.9500	0.3839	0.8920	0.1228s	0.3581	0.9050	0.8991
1
0100	0.1318	0.9917	0.3893	0.8900	0.1197s	0.3619	0.9050	0.8992
2
0101	0.1163	0.9833	0.3938	0.8940	0.1222s	0.3644	0.9020	0.8961
3
0102	0.1272	0.9833	0.3979	0.8920	0.1223s	0.3666	0.9000	0.8939
4
0103	0.1479	0.9667	0.3961	0.9040	0.1216s	0.3645	0.9010	0.8951
5
0104	0.1561	0.9833	0.3935	0.8920	0.1200s	0.3619	0.8960	0.8897
0
0105	0.1297	1.0000	0.3896	0.8960	0.1159s	0.3590	0.8980	0.8918
1
0106	0.1323	1.0000	0.3821	0.9040	0.1180s	0.3539	0.8990	0.8930
2
0107	0.1566	0.9667	0.3724	0.9100	0.1151s	0.3458	0.9040	0.8990
0
0108	0.1474	0.9750	0.3676	0.9140	0.1218s	0.3412	0.9050	0.9003
0
0109	0.1493	0.9583	0.3714	0.9020	0.1221s	0.3460	0.9040	0.8982
0
0110	0.1294	0.9917	0.3792	0.8960	0.1222s	0.3542	0.9060	0.9001
1
0111	0.1365	1.0000	0.3847	0.8920	0.1221s	0.3610	0.9040	0.8978
2
0112	0.1375	0.9917	0.3831	0.8920	0.1225s	0.3596	0.9050	0.8989
3
0113	0.1242	0.9833	0.3798	0.8940	0.1227s	0.3568	0.9040	0.8980
4
0114	0.1383	0.9833	0.3776	0.8940	0.1224s	0.3546	0.9010	0.8950
5
0115	0.1412	0.9750	0.3744	0.8980	0.1222s	0.3522	0.9020	0.8961
6
0116	0.1564	0.9667	0.3760	0.9000	0.1221s	0.3530	0.8990	0.8930
7
0117	0.1273	0.9917	0.3768	0.9060	0.1221s	0.3535	0.9010	0.8955
8
0118	0.1305	0.9917	0.3786	0.9020	0.1227s	0.3560	0.9010	0.8954
9
0119	0.1569	0.9917	0.3823	0.8920	0.1221s	0.3619	0.9000	0.8943
10
0120	0.1599	0.9833	0.3896	0.8920	0.1224s	0.3680	0.9000	0.8939
11
0121	0.1440	0.9917	0.3938	0.8920	0.1205s	0.3706	0.8980	0.8919
12
0122	0.1450	0.9750	0.3945	0.8880	0.1226s	0.3714	0.8990	0.8928
13
0123	0.1414	0.9750	0.3879	0.8920	0.1228s	0.3658	0.9000	0.8939
14
0124	0.1491	1.0000	0.3782	0.8980	0.1220s	0.3546	0.9020	0.8964
15
0125	0.1422	0.9917	0.3722	0.9080	0.1223s	0.3477	0.9040	0.8992
16
0126	0.1315	0.9833	0.3703	0.9100	0.1175s	0.3463	0.9010	0.8963
17
0127	0.1299	0.9667	0.3720	0.9100	0.1222s	0.3490	0.9030	0.8986
18
0128	0.1629	0.9833	0.3744	0.9060	0.1222s	0.3533	0.9040	0.8995
19
0129	0.1448	0.9667	0.3791	0.8960	0.1195s	0.3568	0.9010	0.8961
20
0130	0.1468	0.9750	0.3832	0.8960	0.1223s	0.3580	0.9020	0.8965
21
0131	0.1269	0.9833	0.3930	0.8940	0.1247s	0.3650	0.9030	0.8971
22
0132	0.1455	0.9833	0.3953	0.8920	0.1223s	0.3671	0.9030	0.8974
23
0133	0.1430	0.9500	0.3884	0.8940	0.1225s	0.3625	0.8990	0.8934
24
0134	0.1549	0.9833	0.3761	0.9040	0.1217s	0.3546	0.9020	0.8969
25
0135	0.1368	1.0000	0.3714	0.9020	0.1222s	0.3521	0.9050	0.9005
26
0136	0.1239	0.9917	0.3713	0.9040	0.1224s	0.3513	0.9030	0.8987
27
0137	0.1400	0.9833	0.3689	0.9060	0.1219s	0.3463	0.9050	0.9010
28
0138	0.1442	0.9750	0.3672	0.9080	0.1220s	0.3419	0.9090	0.9047
29
0139	0.1462	0.9917	0.3731	0.9120	0.1217s	0.3448	0.9090	0.9044
0
0140	0.1293	0.9750	0.3821	0.9040	0.1222s	0.3528	0.9050	0.8998
1
0141	0.1336	0.9750	0.3914	0.9000	0.1220s	0.3624	0.8990	0.8936
2
0142	0.1456	0.9500	0.3997	0.8880	0.1225s	0.3719	0.8970	0.8912
3
0143	0.1388	0.9750	0.4057	0.8900	0.1221s	0.3796	0.8960	0.8898
4
0144	0.1463	0.9917	0.3994	0.8920	0.1228s	0.3754	0.8990	0.8931
5
0145	0.1445	0.9750	0.3885	0.8960	0.1221s	0.3664	0.9050	0.8997
6
0146	0.1316	1.0000	0.3803	0.9000	0.1223s	0.3586	0.9040	0.8993
7
0147	0.1336	0.9833	0.3778	0.9100	0.1222s	0.3560	0.9050	0.9003
8
0148	0.1381	0.9667	0.3794	0.9060	0.1218s	0.3577	0.9030	0.8982
9
0149	0.1396	0.9917	0.3855	0.9000	0.1220s	0.3651	0.9020	0.8969
10
0150	0.1362	0.9667	0.3936	0.8900	0.1233s	0.3736	0.9010	0.8956
11
0151	0.1182	0.9917	0.4003	0.8860	0.1219s	0.3799	0.8960	0.8904
12
0152	0.1155	0.9833	0.4012	0.8880	0.1129s	0.3786	0.8950	0.8894
13
0153	0.1345	0.9833	0.3977	0.8940	0.1214s	0.3735	0.8980	0.8925
14
0154	0.1169	0.9750	0.3878	0.9000	0.1046s	0.3627	0.9040	0.8987
15
0155	0.1332	0.9833	0.3797	0.9060	0.1162s	0.3528	0.9090	0.9040
16
0156	0.1328	0.9917	0.3780	0.9040	0.1125s	0.3510	0.9070	0.9021
17
0157	0.1312	0.9917	0.3823	0.9040	0.1046s	0.3551	0.9050	0.9001
18
0158	0.1329	0.9500	0.3864	0.8980	0.1129s	0.3587	0.9060	0.9013
19
0159	0.1520	0.9750	0.3975	0.8920	0.1047s	0.3695	0.9010	0.8962
20
0160	0.1399	0.9917	0.4062	0.8820	0.1045s	0.3778	0.8990	0.8936
21
0161	0.1305	0.9750	0.4055	0.8880	0.1044s	0.3769	0.9000	0.8948
22
0162	0.1432	0.9750	0.3931	0.8940	0.1154s	0.3689	0.9010	0.8956
23
0163	0.1291	0.9917	0.3884	0.8980	0.1046s	0.3674	0.9010	0.8954
24
0164	0.1482	0.9833	0.3893	0.8960	0.1172s	0.3717	0.9020	0.8968
25
0165	0.1213	0.9917	0.3944	0.8900	0.1045s	0.3776	0.8980	0.8924
26
0166	0.1282	0.9833	0.3968	0.8900	0.1046s	0.3796	0.8970	0.8913
27
0167	0.1335	0.9750	0.3894	0.8920	0.1173s	0.3714	0.9020	0.8963
28
0168	0.1492	0.9917	0.3783	0.8980	0.1226s	0.3589	0.9070	0.9019
29
0169	0.1497	0.9750	0.3706	0.9040	0.1044s	0.3472	0.9100	0.9057
30
0170	0.1344	0.9583	0.3727	0.9060	0.1189s	0.3456	0.9070	0.9027
31
0171	0.1304	0.9917	0.3747	0.9060	0.1089s	0.3469	0.9070	0.9031
32
0172	0.1224	0.9750	0.3750	0.9040	0.1200s	0.3493	0.9070	0.9027
33
0173	0.1408	0.9833	0.3789	0.8980	0.1218s	0.3547	0.9050	0.9007
34
0174	0.1435	0.9583	0.3881	0.8900	0.1091s	0.3662	0.8910	0.8851
35
0175	0.1343	0.9917	0.3922	0.8920	0.1106s	0.3724	0.8890	0.8833
36
0176	0.1434	0.9750	0.3869	0.8900	0.1193s	0.3694	0.8920	0.8864
37
0177	0.1415	0.9500	0.3781	0.8940	0.1044s	0.3626	0.9030	0.8981
38
0178	0.1291	0.9750	0.3691	0.8960	0.1227s	0.3543	0.9080	0.9025
39
0179	0.1295	0.9833	0.3662	0.8980	0.1202s	0.3511	0.9090	0.9042
40
0180	0.1354	0.9750	0.3706	0.8980	0.1222s	0.3550	0.9080	0.9034
0
0181	0.1290	0.9917	0.3750	0.8980	0.1164s	0.3579	0.9060	0.9017
1
0182	0.1399	0.9833	0.3810	0.8980	0.1107s	0.3603	0.9050	0.9005
2
0183	0.1466	0.9917	0.3859	0.9000	0.1050s	0.3616	0.9040	0.8991
3
0184	0.1691	0.9917	0.3863	0.8920	0.1200s	0.3630	0.9020	0.8967
4
0185	0.1394	0.9833	0.3955	0.8900	0.1113s	0.3729	0.8900	0.8840
5
0186	0.1444	0.9667	0.4040	0.8900	0.1176s	0.3817	0.8890	0.8837
6
0187	0.1362	0.9833	0.4016	0.8840	0.1190s	0.3796	0.8940	0.8888
7
0188	0.1417	0.9583	0.3953	0.8900	0.1046s	0.3735	0.9030	0.8972
8
0189	0.1422	0.9667	0.3887	0.8960	0.1044s	0.3672	0.9070	0.9012
9
0190	0.1290	1.0000	0.3884	0.8940	0.1195s	0.3678	0.9070	0.9020
10
0191	0.1371	0.9833	0.3879	0.8920	0.1046s	0.3655	0.9090	0.9040
11
0192	0.1333	0.9667	0.3872	0.8960	0.1169s	0.3617	0.9100	0.9053
12
0193	0.1302	0.9750	0.3895	0.8960	0.1234s	0.3598	0.9090	0.9043
13
0194	0.1202	0.9833	0.3962	0.8920	0.1048s	0.3611	0.9050	0.9002
14
0195	0.1216	0.9750	0.4065	0.8880	0.1043s	0.3669	0.8970	0.8916
15
0196	0.1412	0.9667	0.4220	0.8820	0.1191s	0.3771	0.8930	0.8872
16
0197	0.1567	0.9833	0.4298	0.8800	0.1153s	0.3809	0.8900	0.8837
17
0198	0.1322	1.0000	0.4273	0.8800	0.1223s	0.3766	0.8920	0.8856
18
0199	0.1591	0.9417	0.4098	0.8860	0.1221s	0.3620	0.8980	0.8920
19
0200	0.1308	0.9750	0.3947	0.8920	0.1049s	0.3512	0.9070	0.9021
20
0201	0.1269	0.9917	0.3932	0.8900	0.1198s	0.3502	0.9090	0.9043
21
0202	0.1235	1.0000	0.3941	0.8900	0.1150s	0.3508	0.9060	0.9015
22
0203	0.1353	0.9833	0.3930	0.8880	0.1222s	0.3504	0.9090	0.9045
23
0204	0.1337	1.0000	0.3925	0.8900	0.1199s	0.3505	0.9090	0.9044
24
0205	0.1262	0.9833	0.3968	0.8880	0.1225s	0.3546	0.8980	0.8923
25
0206	0.1421	0.9833	0.4095	0.8840	0.1045s	0.3652	0.8970	0.8911
26
0207	0.1313	1.0000	0.4157	0.8760	0.1046s	0.3710	0.8900	0.8843
27
0208	0.1487	0.9833	0.4137	0.8800	0.1046s	0.3692	0.8880	0.8821
28
0209	0.1285	0.9583	0.4084	0.8880	0.1190s	0.3649	0.8940	0.8882
29
0210	0.1352	0.9750	0.3965	0.8920	0.1214s	0.3558	0.8980	0.8924
30
0211	0.1345	0.9750	0.3882	0.8920	0.1040s	0.3499	0.9010	0.8956
31
0212	0.1366	0.9833	0.3846	0.8960	0.1224s	0.3482	0.9010	0.8959
32
0213	0.1595	0.9750	0.3864	0.8940	0.1220s	0.3504	0.9020	0.8970
33
0214	0.1439	0.9833	0.3910	0.8940	0.1149s	0.3561	0.9030	0.8980
34
0215	0.1476	0.9750	0.3943	0.8920	0.1047s	0.3599	0.9020	0.8971
35
0216	0.1450	0.9667	0.3985	0.8880	0.1241s	0.3653	0.8980	0.8925
36
0217	0.1285	1.0000	0.3953	0.8900	0.1049s	0.3635	0.8960	0.8905
37
0218	0.1219	0.9833	0.3892	0.8880	0.1192s	0.3590	0.8990	0.8937
38
0219	0.1333	0.9667	0.3902	0.8860	0.1086s	0.3613	0.8990	0.8937
39
0220	0.1427	0.9750	0.3967	0.8920	0.1047s	0.3681	0.8990	0.8936
40
0221	0.1325	0.9583	0.4019	0.8920	0.1043s	0.3730	0.8980	0.8926
41
0222	0.1706	0.9667	0.4081	0.8920	0.1214s	0.3779	0.8950	0.8891
42
0223	0.1264	0.9833	0.4163	0.8860	0.1208s	0.3835	0.8960	0.8901
43
0224	0.1743	0.9500	0.4079	0.8880	0.1213s	0.3759	0.8980	0.8920
44
0225	0.1385	0.9667	0.3959	0.8880	0.1184s	0.3664	0.8970	0.8910
45
0226	0.1380	0.9833	0.3870	0.8940	0.1216s	0.3591	0.9000	0.8948
46
0227	0.1399	0.9333	0.3837	0.8960	0.1218s	0.3574	0.9050	0.9002
47
0228	0.1387	0.9583	0.3833	0.8940	0.1224s	0.3603	0.9000	0.8945
48
0229	0.1336	1.0000	0.3892	0.8940	0.1223s	0.3695	0.8990	0.8930
49
0230	0.1339	0.9917	0.3977	0.8940	0.1173s	0.3803	0.8980	0.8924
50
0231	0.1394	0.9917	0.3986	0.8940	0.1046s	0.3824	0.9000	0.8944
51
0232	0.1400	0.9667	0.3943	0.9000	0.1214s	0.3782	0.9010	0.8954
52
0233	0.1290	0.9917	0.3846	0.9000	0.1214s	0.3682	0.8990	0.8934
53
0234	0.1201	0.9833	0.3788	0.9020	0.1226s	0.3627	0.9010	0.8952
54
0235	0.1305	1.0000	0.3741	0.9020	0.1047s	0.3577	0.9030	0.8974
55
0236	0.1240	0.9917	0.3722	0.8980	0.1225s	0.3564	0.9050	0.8997
56
0237	0.1277	0.9667	0.3738	0.8940	0.1218s	0.3586	0.8990	0.8934
57
0238	0.1391	0.9583	0.3817	0.8940	0.1196s	0.3673	0.8950	0.8891
58
0239	0.1200	0.9833	0.3903	0.8880	0.1223s	0.3757	0.8900	0.8838
59
0240	0.1229	0.9833	0.3977	0.8880	0.1207s	0.3806	0.8900	0.8836
60
0241	0.1416	0.9500	0.4001	0.8880	0.1209s	0.3824	0.8900	0.8834
61
0242	0.1205	0.9833	0.3914	0.8920	0.1154s	0.3761	0.8920	0.8856
62
0243	0.1365	0.9750	0.3834	0.8900	0.1216s	0.3695	0.8960	0.8904
63
0244	0.1357	0.9917	0.3787	0.9000	0.1217s	0.3674	0.9000	0.8946
64
0245	0.1390	0.9833	0.3794	0.9000	0.1222s	0.3693	0.9030	0.8976
65
0246	0.1588	0.9833	0.3825	0.9000	0.1220s	0.3733	0.9030	0.8974
66
0247	0.1203	0.9833	0.3861	0.8960	0.1221s	0.3776	0.9010	0.8951
67
0248	0.1484	0.9750	0.3921	0.8880	0.1215s	0.3822	0.8960	0.8897
68
0249	0.1402	0.9917	0.3935	0.8860	0.1207s	0.3818	0.8950	0.8887
69
0250	0.1391	0.9667	0.3919	0.8940	0.1226s	0.3779	0.8920	0.8858
70
0251	0.1206	0.9667	0.3897	0.8920	0.1198s	0.3728	0.8970	0.8910
71
0252	0.1269	1.0000	0.3841	0.8960	0.1043s	0.3646	0.9000	0.8941
72
0253	0.1255	0.9833	0.3794	0.9000	0.1204s	0.3589	0.9010	0.8952
73
0254	0.1215	0.9833	0.3794	0.8940	0.1217s	0.3594	0.9030	0.8975
74
0255	0.1294	0.9750	0.3782	0.8940	0.1201s	0.3585	0.9080	0.9027
75
0256	0.1492	0.9917	0.3799	0.8960	0.1055s	0.3608	0.9060	0.9004
76
0257	0.1213	0.9833	0.3800	0.8920	0.1041s	0.3609	0.9070	0.9014
77
0258	0.1374	0.9750	0.3802	0.8940	0.1218s	0.3590	0.9060	0.9007
78
0259	0.1210	0.9750	0.3820	0.8980	0.1221s	0.3568	0.9040	0.8984
79
0260	0.1100	0.9917	0.3886	0.8960	0.1218s	0.3594	0.9010	0.8955
80
0261	0.1284	0.9750	0.3941	0.8920	0.1064s	0.3627	0.9010	0.8952
81
0262	0.1360	0.9917	0.3947	0.8880	0.1194s	0.3626	0.9020	0.8962
82
0263	0.1223	0.9917	0.3920	0.8900	0.1222s	0.3603	0.9020	0.8963
83
0264	0.1264	0.9750	0.3920	0.8920	0.1224s	0.3613	0.9030	0.8975
84
0265	0.1336	0.9750	0.3901	0.8920	0.1220s	0.3605	0.9070	0.9016
85
0266	0.1348	0.9750	0.3892	0.8940	0.1217s	0.3593	0.9070	0.9017
86
0267	0.1284	0.9917	0.3909	0.8920	0.1223s	0.3605	0.9090	0.9038
87
0268	0.1387	0.9750	0.3902	0.8960	0.1213s	0.3580	0.9100	0.9049
88
0269	0.1309	0.9833	0.3955	0.8940	0.1220s	0.3620	0.9130	0.9081
89
0270	0.1410	0.9750	0.4037	0.8980	0.1221s	0.3675	0.9050	0.9000
90
0271	0.1490	0.9750	0.4092	0.8960	0.1221s	0.3725	0.9000	0.8946
91
0272	0.1376	0.9833	0.4081	0.8980	0.1222s	0.3715	0.9000	0.8944
92
0273	0.1179	0.9833	0.4018	0.8980	0.1219s	0.3660	0.9040	0.8987
93
0274	0.1221	0.9917	0.3962	0.9000	0.1211s	0.3603	0.9030	0.8976
94
0275	0.1365	0.9750	0.3901	0.9020	0.1215s	0.3544	0.9030	0.8977
95
0276	0.1078	0.9833	0.3879	0.9000	0.1222s	0.3518	0.9030	0.8979
96
0277	0.1362	0.9833	0.3912	0.9000	0.1217s	0.3546	0.9010	0.8957
97
0278	0.1386	0.9583	0.3953	0.9020	0.1222s	0.3577	0.9050	0.8997
98
0279	0.1301	0.9750	0.4047	0.8980	0.1222s	0.3641	0.9040	0.8984
99
0280	0.1313	0.9917	0.4072	0.8940	0.1220s	0.3644	0.9030	0.8972
100
0281	0.1275	1.0000	0.4065	0.8960	0.1230s	0.3632	0.9010	0.8951
101
0282	0.1324	0.9417	0.4004	0.8980	0.1220s	0.3586	0.9030	0.8972
102
0283	0.1373	0.9750	0.3925	0.9020	0.1222s	0.3530	0.9070	0.9018
103
0284	0.1175	0.9917	0.3878	0.9040	0.1234s	0.3507	0.9080	0.9027
104
0285	0.1250	0.9750	0.3865	0.9040	0.1238s	0.3514	0.9100	0.9047
105
0286	0.1271	0.9750	0.3849	0.9040	0.1249s	0.3516	0.9110	0.9057
106
0287	0.1580	1.0000	0.3801	0.9020	0.1217s	0.3496	0.9130	0.9081
107
0288	0.1296	0.9750	0.3775	0.9040	0.1220s	0.3501	0.9090	0.9038
108
0289	0.1481	1.0000	0.3830	0.9020	0.1239s	0.3561	0.9020	0.8965
109
0290	0.1615	0.9667	0.3899	0.9020	0.1217s	0.3594	0.9020	0.8969
110
0291	0.1310	0.9833	0.3884	0.9020	0.1227s	0.3570	0.9040	0.8990
111
0292	0.1437	0.9750	0.3865	0.9000	0.1222s	0.3536	0.9050	0.9001
112
0293	0.1427	0.9667	0.3822	0.9020	0.1228s	0.3494	0.9060	0.9009
113
0294	0.1403	0.9667	0.3763	0.9040	0.1247s	0.3447	0.9080	0.9029
114
0295	0.1405	0.9750	0.3787	0.9020	0.1228s	0.3487	0.9120	0.9068
115
0296	0.1231	0.9833	0.3858	0.8960	0.1219s	0.3568	0.9090	0.9033
116
0297	0.1525	0.9917	0.3898	0.8920	0.1230s	0.3614	0.9080	0.9022
117
0298	0.1325	0.9750	0.3863	0.8960	0.1209s	0.3574	0.9050	0.8991
118
0299	0.1230	0.9833	0.3801	0.9000	0.1232s	0.3500	0.9090	0.9040
119
0300	0.1329	0.9833	0.3776	0.9020	0.1218s	0.3460	0.9080	0.9033
120
0301	0.1233	0.9750	0.3759	0.9080	0.1233s	0.3426	0.9110	0.9067
121
0302	0.1510	0.9917	0.3757	0.9100	0.1214s	0.3412	0.9100	0.9057
122
0303	0.1328	0.9917	0.3790	0.9080	0.1239s	0.3431	0.9070	0.9023
123
0304	0.1411	0.9833	0.3822	0.9060	0.1247s	0.3474	0.9050	0.8998
124
0305	0.1226	0.9917	0.3846	0.8980	0.1229s	0.3518	0.9030	0.8978
125
0306	0.1190	0.9667	0.3885	0.8900	0.1108s	0.3573	0.9010	0.8955
126
0307	0.1554	0.9833	0.3908	0.8880	0.1224s	0.3583	0.9040	0.8983
127
0308	0.1441	0.9833	0.3932	0.8900	0.1224s	0.3572	0.9030	0.8968
128
0309	0.1384	0.9583	0.3945	0.8900	0.1220s	0.3560	0.9020	0.8959
129
0310	0.1415	0.9667	0.3914	0.9020	0.1222s	0.3517	0.9040	0.8983
130
0311	0.1342	0.9750	0.3918	0.9000	0.1056s	0.3532	0.9010	0.8954
131
0312	0.1218	0.9917	0.3896	0.9040	0.1197s	0.3536	0.9030	0.8977
132
0313	0.1319	0.9583	0.3854	0.9060	0.1224s	0.3526	0.9050	0.8999
133
0314	0.1508	0.9833	0.3848	0.9040	0.1211s	0.3532	0.9030	0.8978
134
0315	0.1263	0.9833	0.3852	0.9000	0.1211s	0.3555	0.9040	0.8989
135
0316	0.1349	0.9833	0.3858	0.8980	0.1218s	0.3589	0.9040	0.8986
136
0317	0.1349	0.9917	0.3903	0.8940	0.1219s	0.3634	0.9040	0.8986
137
0318	0.1130	0.9750	0.3929	0.8940	0.1214s	0.3642	0.9030	0.8977
138
0319	0.1362	0.9750	0.3852	0.9040	0.1220s	0.3540	0.9030	0.8976
139
0320	0.1410	0.9750	0.3856	0.9040	0.1215s	0.3494	0.9030	0.8975
140
0321	0.1269	0.9917	0.3879	0.9060	0.1218s	0.3489	0.9020	0.8965
141
0322	0.1354	0.9750	0.3865	0.9020	0.1215s	0.3473	0.9050	0.8997
142
0323	0.1416	0.9750	0.3838	0.9060	0.1221s	0.3459	0.9060	0.9006
143
0324	0.1284	0.9833	0.3843	0.9040	0.1216s	0.3479	0.9050	0.8995
144
0325	0.1463	1.0000	0.3837	0.9040	0.1221s	0.3504	0.9030	0.8972
145
0326	0.1272	0.9667	0.3844	0.9020	0.1223s	0.3559	0.9020	0.8963
146
0327	0.1083	0.9917	0.3870	0.9000	0.1220s	0.3620	0.8990	0.8931
147
0328	0.1545	0.9750	0.3937	0.8920	0.1222s	0.3700	0.8960	0.8899
148
0329	0.1457	0.9750	0.4004	0.8920	0.1221s	0.3758	0.8950	0.8889
149
0330	0.1200	0.9833	0.4000	0.8920	0.1212s	0.3749	0.8970	0.8909
150
0331	0.1304	0.9750	0.3939	0.8960	0.1040s	0.3674	0.8980	0.8920
151
0332	0.1192	0.9667	0.3855	0.9040	0.1216s	0.3563	0.8980	0.8921
152
0333	0.1400	0.9917	0.3800	0.9040	0.1046s	0.3484	0.8970	0.8917
153
0334	0.1331	0.9833	0.3790	0.9020	0.1195s	0.3459	0.9010	0.8959
154
0335	0.1411	0.9833	0.3845	0.9040	0.1221s	0.3509	0.8980	0.8922
155
0336	0.1183	0.9833	0.3926	0.8980	0.1218s	0.3581	0.8930	0.8868
156
0337	0.1407	0.9833	0.4017	0.8900	0.1235s	0.3680	0.8960	0.8895
157
0338	0.1228	1.0000	0.4099	0.8800	0.1223s	0.3772	0.8940	0.8874
158
0339	0.1186	1.0000	0.4075	0.8840	0.1221s	0.3769	0.8930	0.8865
159
0340	0.1378	0.9750	0.4007	0.8840	0.1223s	0.3705	0.8920	0.8857
160
0341	0.1433	0.9833	0.3916	0.8960	0.1225s	0.3616	0.9000	0.8943
161
0342	0.1256	0.9917	0.3841	0.9060	0.1220s	0.3536	0.8970	0.8910
162
0343	0.1323	1.0000	0.3840	0.9060	0.1236s	0.3531	0.8980	0.8920
163
0344	0.1600	0.9750	0.3892	0.9060	0.1201s	0.3552	0.9000	0.8938
164
0345	0.1193	0.9917	0.3942	0.9040	0.1040s	0.3583	0.9030	0.8965
165
0346	0.1319	0.9750	0.4002	0.9000	0.1230s	0.3617	0.9040	0.8976
166
0347	0.1389	0.9833	0.4017	0.8980	0.1221s	0.3617	0.9030	0.8966
167
0348	0.1461	0.9667	0.4013	0.9000	0.1229s	0.3618	0.9050	0.8988
168
0349	0.1448	0.9750	0.4001	0.9000	0.1221s	0.3625	0.9040	0.8979
169
0350	0.1312	0.9917	0.4000	0.9000	0.1240s	0.3648	0.9010	0.8948
170
0351	0.1430	0.9917	0.3994	0.8980	0.1241s	0.3664	0.9040	0.8980
171
0352	0.1267	0.9750	0.3998	0.8940	0.1218s	0.3683	0.9040	0.8981
172
0353	0.1265	1.0000	0.3960	0.8940	0.1223s	0.3643	0.9050	0.8993
173
0354	0.1364	1.0000	0.3917	0.9060	0.1229s	0.3576	0.9070	0.9013
174
0355	0.1176	0.9583	0.3902	0.9060	0.1223s	0.3526	0.9060	0.9004
175
0356	0.1444	0.9750	0.3922	0.9080	0.1222s	0.3507	0.9050	0.8997
176
0357	0.1341	0.9750	0.3953	0.9040	0.1228s	0.3514	0.9030	0.8975
177
0358	0.1369	0.9833	0.3960	0.9060	0.1220s	0.3511	0.9030	0.8973
178
0359	0.1266	0.9833	0.3931	0.9080	0.1218s	0.3496	0.9040	0.8983
179
0360	0.1254	0.9833	0.3917	0.9040	0.1235s	0.3530	0.9100	0.9043
180
0361	0.1503	0.9417	0.4013	0.8960	0.1217s	0.3665	0.9040	0.8981
181
0362	0.1401	0.9750	0.4105	0.8860	0.1223s	0.3783	0.9030	0.8973
182
0363	0.1264	1.0000	0.4111	0.8860	0.1222s	0.3803	0.9010	0.8950
183
0364	0.1376	0.9833	0.4060	0.8880	0.1050s	0.3746	0.9030	0.8968
184
0365	0.1288	0.9833	0.3973	0.8980	0.1220s	0.3642	0.9070	0.9012
185
0366	0.1196	0.9833	0.3943	0.9040	0.1245s	0.3575	0.9030	0.8971
186
0367	0.1370	0.9917	0.3958	0.9040	0.1234s	0.3534	0.9030	0.8977
187
0368	0.1203	0.9833	0.4021	0.9020	0.1215s	0.3545	0.9060	0.9005
188
0369	0.1387	0.9750	0.4033	0.9000	0.1219s	0.3537	0.9060	0.9006
189
0370	0.1429	0.9583	0.3974	0.9040	0.1225s	0.3508	0.9060	0.9005
190
0371	0.1271	1.0000	0.3950	0.9020	0.1223s	0.3528	0.9070	0.9016
191
0372	0.1196	0.9667	0.3947	0.9000	0.1220s	0.3565	0.9020	0.8962
192
0373	0.1289	0.9833	0.4001	0.8920	0.1229s	0.3642	0.9050	0.8994
193
0374	0.1308	0.9667	0.4088	0.8860	0.1226s	0.3741	0.9010	0.8952
194
0375	0.1348	0.9833	0.4089	0.8880	0.1226s	0.3748	0.9010	0.8951
195
0376	0.1321	0.9917	0.4046	0.8920	0.1228s	0.3705	0.8970	0.8905
196
0377	0.1375	0.9583	0.3980	0.8980	0.1225s	0.3631	0.9020	0.8967
197
0378	0.1238	0.9917	0.3964	0.8980	0.1211s	0.3608	0.9010	0.8955
198
0379	0.1368	0.9750	0.3973	0.8980	0.1231s	0.3636	0.9010	0.8954
199
Early stop! Min loss:0.36615389585494995,  Max accuracy:0.914
Early stop model validation loss:0.36615389585494995,  accuracy:0.898
Optimization Finished!
Total time elapsed: 45.8418s
test max acc:0.9130
Loading 178th epoch
stru_node_to_hop attention:tensor([[0.2490, 0.2512, 0.2500, 0.2497],
        [0.2497, 0.2501, 0.2501, 0.2501],
        [0.2458, 0.2523, 0.2511, 0.2509],
        [0.2496, 0.2511, 0.2499, 0.2495],
        [0.2508, 0.2491, 0.2500, 0.2501],
        [0.2500, 0.2506, 0.2498, 0.2496],
        [0.2484, 0.2508, 0.2505, 0.2503],
        [0.2501, 0.2503, 0.2499, 0.2497],
        [0.2492, 0.2505, 0.2502, 0.2501],
        [0.2494, 0.2500, 0.2503, 0.2503],
        [0.2502, 0.2499, 0.2500, 0.2499],
        [0.2493, 0.2503, 0.2503, 0.2501],
        [0.2501, 0.2500, 0.2499, 0.2499],
        [0.2509, 0.2503, 0.2496, 0.2492],
        [0.2496, 0.2502, 0.2502, 0.2500],
        [0.2514, 0.2503, 0.2494, 0.2490],
        [0.2490, 0.2506, 0.2503, 0.2501],
        [0.2475, 0.2519, 0.2505, 0.2501],
        [0.2501, 0.2500, 0.2500, 0.2500],
        [0.2501, 0.2502, 0.2499, 0.2497],
        [0.2500, 0.2500, 0.2500, 0.2500],
        [0.2467, 0.2523, 0.2506, 0.2504],
        [0.2501, 0.2499, 0.2500, 0.2500],
        [0.2493, 0.2504, 0.2502, 0.2501],
        [0.2499, 0.2500, 0.2501, 0.2500],
        [0.2502, 0.2502, 0.2499, 0.2497],
        [0.2498, 0.2502, 0.2501, 0.2499],
        [0.2491, 0.2506, 0.2502, 0.2501],
        [0.2501, 0.2500, 0.2499, 0.2499],
        [0.2486, 0.2508, 0.2503, 0.2503],
        [0.2491, 0.2506, 0.2502, 0.2501],
        [0.2494, 0.2504, 0.2503, 0.2500],
        [0.2497, 0.2504, 0.2500, 0.2499],
        [0.2486, 0.2504, 0.2505, 0.2505],
        [0.2488, 0.2509, 0.2504, 0.2499],
        [0.2493, 0.2505, 0.2501, 0.2501],
        [0.2502, 0.2503, 0.2499, 0.2496],
        [0.2487, 0.2500, 0.2506, 0.2507],
        [0.2491, 0.2505, 0.2503, 0.2501],
        [0.2502, 0.2501, 0.2499, 0.2498],
        [0.2486, 0.2502, 0.2506, 0.2506],
        [0.2490, 0.2507, 0.2502, 0.2501],
        [0.2491, 0.2507, 0.2501, 0.2501],
        [0.2500, 0.2500, 0.2500, 0.2500],
        [0.2486, 0.2508, 0.2503, 0.2502],
        [0.1582, 0.1963, 0.2713, 0.3741],
        [0.2502, 0.2500, 0.2499, 0.2499],
        [0.2477, 0.2514, 0.2506, 0.2504],
        [0.2494, 0.2503, 0.2502, 0.2501],
        [0.2502, 0.2499, 0.2500, 0.2500],
        [0.2469, 0.2510, 0.2510, 0.2511],
        [0.2491, 0.2508, 0.2502, 0.2500],
        [0.2499, 0.2501, 0.2500, 0.2500],
        [0.2498, 0.2502, 0.2500, 0.2499],
        [0.2470, 0.2517, 0.2508, 0.2506],
        [0.2492, 0.2502, 0.2502, 0.2503],
        [0.2501, 0.2509, 0.2497, 0.2493],
        [0.2493, 0.2506, 0.2501, 0.2500],
        [0.2488, 0.2511, 0.2502, 0.2499],
        [0.2479, 0.2513, 0.2505, 0.2503],
        [0.2497, 0.2504, 0.2501, 0.2498],
        [0.2491, 0.2506, 0.2502, 0.2501],
        [0.2498, 0.2506, 0.2499, 0.2497],
        [0.2487, 0.2517, 0.2501, 0.2494],
        [0.2499, 0.2501, 0.2500, 0.2500],
        [0.2497, 0.2497, 0.2502, 0.2503],
        [0.2498, 0.2510, 0.2498, 0.2494],
        [0.2467, 0.2510, 0.2511, 0.2513],
        [0.2497, 0.2502, 0.2501, 0.2500],
        [0.2490, 0.2506, 0.2503, 0.2501],
        [0.2489, 0.2509, 0.2502, 0.2500],
        [0.2499, 0.2499, 0.2501, 0.2501],
        [0.2492, 0.2504, 0.2503, 0.2501],
        [0.2496, 0.2511, 0.2499, 0.2495],
        [0.2501, 0.2500, 0.2500, 0.2500],
        [0.2490, 0.2507, 0.2502, 0.2501],
        [0.2510, 0.2510, 0.2493, 0.2488],
        [0.2514, 0.2494, 0.2496, 0.2497],
        [0.2489, 0.2505, 0.2503, 0.2502],
        [0.2493, 0.2502, 0.2502, 0.2503],
        [0.2497, 0.2505, 0.2500, 0.2498],
        [0.2499, 0.2506, 0.2499, 0.2496],
        [0.2501, 0.2501, 0.2499, 0.2498],
        [0.2495, 0.2502, 0.2502, 0.2501],
        [0.2491, 0.2507, 0.2502, 0.2500],
        [0.2491, 0.2504, 0.2502, 0.2502],
        [0.2483, 0.2507, 0.2505, 0.2505],
        [0.2485, 0.2510, 0.2504, 0.2502],
        [0.2497, 0.2508, 0.2499, 0.2495],
        [0.2511, 0.2499, 0.2496, 0.2494],
        [0.2499, 0.2500, 0.2501, 0.2501],
        [0.2500, 0.2500, 0.2500, 0.2500],
        [0.2505, 0.2498, 0.2499, 0.2499],
        [0.2499, 0.2500, 0.2501, 0.2500],
        [0.2507, 0.2497, 0.2498, 0.2498],
        [0.2499, 0.2500, 0.2500, 0.2500],
        [0.2476, 0.2516, 0.2505, 0.2502],
        [0.2502, 0.2498, 0.2500, 0.2499],
        [0.2478, 0.2511, 0.2506, 0.2505],
        [0.2486, 0.2506, 0.2505, 0.2503]], device='cuda:1')
fea_node_to_hop attention:tensor([[0.3307, 0.3347, 0.3346],
        [0.3335, 0.3331, 0.3335],
        [0.3277, 0.3355, 0.3368],
        [0.3314, 0.3337, 0.3349],
        [0.3331, 0.3339, 0.3329],
        [0.3297, 0.3357, 0.3347],
        [0.3290, 0.3356, 0.3354],
        [0.3305, 0.3335, 0.3359],
        [0.3318, 0.3344, 0.3338],
        [0.3329, 0.3329, 0.3342],
        [0.3341, 0.3326, 0.3332],
        [0.3302, 0.3345, 0.3353],
        [0.3332, 0.3332, 0.3336],
        [0.3292, 0.3339, 0.3369],
        [0.3316, 0.3338, 0.3346],
        [0.3317, 0.3340, 0.3343],
        [0.3276, 0.3346, 0.3379],
        [0.3308, 0.3336, 0.3356],
        [0.3334, 0.3333, 0.3333],
        [0.3317, 0.3335, 0.3347],
        [0.3338, 0.3327, 0.3335],
        [0.3319, 0.3336, 0.3345],
        [0.3311, 0.3347, 0.3342],
        [0.3341, 0.3332, 0.3327],
        [0.3332, 0.3335, 0.3334],
        [0.3318, 0.3335, 0.3347],
        [0.3320, 0.3327, 0.3353],
        [0.3309, 0.3344, 0.3348],
        [0.3311, 0.3339, 0.3350],
        [0.3354, 0.3310, 0.3336],
        [0.3323, 0.3336, 0.3341],
        [0.3305, 0.3335, 0.3360],
        [0.3307, 0.3343, 0.3350],
        [0.3283, 0.3364, 0.3353],
        [0.3351, 0.3330, 0.3319],
        [0.3326, 0.3329, 0.3345],
        [0.3307, 0.3337, 0.3357],
        [0.3334, 0.3326, 0.3341],
        [0.3306, 0.3343, 0.3350],
        [0.3295, 0.3350, 0.3356],
        [0.3299, 0.3343, 0.3358],
        [0.3326, 0.3332, 0.3342],
        [0.3311, 0.3341, 0.3348],
        [0.3332, 0.3334, 0.3334],
        [0.3314, 0.3350, 0.3336],
        [0.3164, 0.3586, 0.3250],
        [0.3331, 0.3336, 0.3333],
        [0.3290, 0.3350, 0.3361],
        [0.3309, 0.3343, 0.3348],
        [0.3335, 0.3331, 0.3333],
        [0.3338, 0.3333, 0.3329],
        [0.3312, 0.3337, 0.3351],
        [0.3333, 0.3334, 0.3333],
        [0.3295, 0.3342, 0.3364],
        [0.3349, 0.3301, 0.3350],
        [0.3301, 0.3350, 0.3349],
        [0.3309, 0.3346, 0.3345],
        [0.3276, 0.3356, 0.3368],
        [0.3322, 0.3325, 0.3353],
        [0.3298, 0.3353, 0.3348],
        [0.3308, 0.3337, 0.3355],
        [0.3292, 0.3344, 0.3364],
        [0.3329, 0.3329, 0.3342],
        [0.3303, 0.3348, 0.3349],
        [0.3326, 0.3337, 0.3337],
        [0.3315, 0.3336, 0.3350],
        [0.3296, 0.3356, 0.3348],
        [0.3328, 0.3331, 0.3340],
        [0.3319, 0.3335, 0.3345],
        [0.3306, 0.3336, 0.3358],
        [0.3323, 0.3333, 0.3345],
        [0.3338, 0.3327, 0.3334],
        [0.3325, 0.3333, 0.3343],
        [0.3311, 0.3333, 0.3356],
        [0.3335, 0.3334, 0.3331],
        [0.3306, 0.3344, 0.3350],
        [0.3313, 0.3324, 0.3362],
        [0.3303, 0.3350, 0.3347],
        [0.3319, 0.3328, 0.3353],
        [0.3313, 0.3342, 0.3344],
        [0.3311, 0.3348, 0.3341],
        [0.3305, 0.3341, 0.3354],
        [0.3305, 0.3352, 0.3343],
        [0.3327, 0.3329, 0.3344],
        [0.3292, 0.3351, 0.3357],
        [0.3339, 0.3333, 0.3328],
        [0.3309, 0.3349, 0.3343],
        [0.3300, 0.3345, 0.3355],
        [0.3292, 0.3358, 0.3351],
        [0.3293, 0.3344, 0.3363],
        [0.3328, 0.3332, 0.3340],
        [0.3332, 0.3334, 0.3334],
        [0.3344, 0.3326, 0.3329],
        [0.3332, 0.3334, 0.3334],
        [0.3348, 0.3321, 0.3331],
        [0.3332, 0.3334, 0.3334],
        [0.3284, 0.3356, 0.3360],
        [0.3300, 0.3352, 0.3349],
        [0.3324, 0.3331, 0.3345],
        [0.3341, 0.3328, 0.3331]], device='cuda:1')
perception attention:tensor([0.5000, 0.5000], device='cuda:1')
Test set results: loss= 0.3511 accuracy= 0.9090 F1_score= 0.9042
