# epoch	loss_train	acc_train	loss_val	acc_val	time	acc_test	f1_test
0001	1.7976	0.1250	1.7015	0.5060	0.1041s	1.6950	0.5010	0.4382
0
0002	1.6855	0.4833	1.5376	0.4760	0.1220s	1.5180	0.5100	0.4251
0
0003	1.5342	0.5333	1.3544	0.5540	0.1229s	1.3297	0.5780	0.5009
0
0004	1.3504	0.5917	1.1594	0.7620	0.1226s	1.1361	0.7900	0.7696
0
0005	1.1425	0.8167	0.9908	0.8440	0.1224s	0.9694	0.8550	0.8453
0
0006	0.9565	0.7500	0.8556	0.8400	0.1223s	0.8385	0.8430	0.8382
0
0007	0.8292	0.8000	0.7330	0.8780	0.1220s	0.7219	0.8620	0.8580
0
0008	0.7060	0.8750	0.6321	0.8900	0.1219s	0.6182	0.8800	0.8738
0
0009	0.6218	0.8083	0.5634	0.8880	0.1219s	0.5436	0.9000	0.8937
0
0010	0.5404	0.8583	0.5135	0.8860	0.1224s	0.4896	0.8970	0.8899
0
0011	0.4717	0.9000	0.4727	0.8940	0.1219s	0.4443	0.8990	0.8924
0
0012	0.4093	0.9083	0.4381	0.8900	0.1228s	0.4075	0.8930	0.8872
0
0013	0.3729	0.9333	0.4157	0.8980	0.1206s	0.3830	0.8980	0.8920
0
0014	0.3308	0.9333	0.4048	0.8920	0.1049s	0.3700	0.9020	0.8963
0
0015	0.3039	0.9250	0.4006	0.8840	0.1048s	0.3644	0.9030	0.8976
0
0016	0.3030	0.9333	0.4036	0.8880	0.1197s	0.3643	0.8920	0.8852
0
0017	0.2645	0.9417	0.3991	0.8960	0.1227s	0.3565	0.8990	0.8928
1
0018	0.2351	0.9750	0.3952	0.9020	0.1226s	0.3505	0.8970	0.8910
0
0019	0.2306	0.9583	0.3867	0.8960	0.1200s	0.3409	0.9050	0.8995
0
0020	0.2413	0.9750	0.3831	0.8980	0.1182s	0.3371	0.9030	0.8973
0
0021	0.2035	0.9833	0.3847	0.8920	0.1175s	0.3384	0.9020	0.8962
0
0022	0.2053	0.9833	0.3872	0.8920	0.1114s	0.3409	0.8990	0.8931
1
0023	0.2027	0.9583	0.3901	0.8880	0.1177s	0.3437	0.9020	0.8965
2
0024	0.1877	0.9500	0.3944	0.8840	0.1176s	0.3484	0.8970	0.8911
3
0025	0.2007	0.9667	0.3980	0.8800	0.1198s	0.3522	0.8990	0.8930
4
0026	0.1914	0.9833	0.4028	0.8860	0.1221s	0.3565	0.9020	0.8964
5
0027	0.1725	0.9500	0.4082	0.8860	0.1156s	0.3612	0.9010	0.8953
6
0028	0.1884	0.9583	0.4081	0.8920	0.1237s	0.3611	0.9020	0.8961
7
0029	0.1980	0.9833	0.4040	0.8900	0.1226s	0.3581	0.9010	0.8952
8
0030	0.1900	0.9833	0.4017	0.8920	0.1227s	0.3558	0.8990	0.8930
9
0031	0.1402	0.9917	0.4032	0.8880	0.1229s	0.3574	0.8960	0.8895
10
0032	0.1699	0.9500	0.4056	0.8920	0.1225s	0.3607	0.8920	0.8853
11
0033	0.1600	0.9833	0.4068	0.8880	0.1129s	0.3637	0.8910	0.8842
12
0034	0.1592	0.9667	0.4072	0.8920	0.1157s	0.3656	0.8930	0.8865
13
0035	0.1652	0.9750	0.4070	0.8920	0.1223s	0.3668	0.8970	0.8907
14
0036	0.1605	0.9750	0.4071	0.8860	0.1200s	0.3687	0.8970	0.8904
15
0037	0.1726	0.9833	0.4048	0.8840	0.1220s	0.3678	0.8980	0.8916
16
0038	0.1656	0.9750	0.3993	0.8860	0.1226s	0.3627	0.8990	0.8927
17
0039	0.1815	0.9667	0.3996	0.8920	0.1201s	0.3620	0.9020	0.8957
18
0040	0.1693	0.9667	0.4011	0.8900	0.1047s	0.3634	0.9020	0.8958
19
0041	0.1464	1.0000	0.4025	0.8880	0.1079s	0.3646	0.8990	0.8926
20
0042	0.1655	0.9750	0.4015	0.8880	0.1198s	0.3640	0.8990	0.8926
21
0043	0.1545	0.9750	0.3993	0.8880	0.1224s	0.3625	0.8960	0.8899
22
0044	0.1515	0.9750	0.3985	0.8900	0.1226s	0.3634	0.8940	0.8879
23
0045	0.1713	0.9583	0.3996	0.8860	0.1197s	0.3656	0.8910	0.8839
24
0046	0.1665	0.9917	0.3989	0.8860	0.1205s	0.3657	0.8910	0.8839
25
0047	0.1550	0.9667	0.3991	0.8860	0.1221s	0.3670	0.8900	0.8829
26
0048	0.1782	0.9500	0.3960	0.8900	0.1245s	0.3628	0.8900	0.8829
27
0049	0.1623	0.9667	0.3926	0.8840	0.1146s	0.3561	0.8910	0.8842
28
0050	0.1516	0.9750	0.3885	0.8960	0.1201s	0.3492	0.8930	0.8867
29
0051	0.1567	0.9500	0.3878	0.8960	0.1178s	0.3472	0.8970	0.8908
30
0052	0.1722	0.9750	0.3836	0.8940	0.1103s	0.3430	0.9010	0.8952
31
0053	0.1717	0.9500	0.3809	0.8940	0.1092s	0.3414	0.8990	0.8927
32
0054	0.1739	0.9750	0.3830	0.8900	0.1047s	0.3452	0.9040	0.8981
0
0055	0.1651	0.9833	0.3886	0.8880	0.1109s	0.3519	0.9080	0.9022
1
0056	0.1514	0.9833	0.3938	0.8880	0.1175s	0.3567	0.9030	0.8964
2
0057	0.1492	0.9750	0.3906	0.8880	0.1049s	0.3522	0.9050	0.8990
3
0058	0.1325	0.9833	0.3877	0.8880	0.1109s	0.3479	0.9040	0.8982
4
0059	0.1372	0.9917	0.3872	0.8940	0.1175s	0.3457	0.9010	0.8953
5
0060	0.1630	0.9667	0.3902	0.8960	0.1048s	0.3466	0.8970	0.8910
6
0061	0.1531	0.9750	0.3932	0.8880	0.1119s	0.3481	0.8930	0.8862
7
0062	0.1653	0.9917	0.3927	0.8940	0.1145s	0.3489	0.8930	0.8864
8
0063	0.1484	0.9667	0.3880	0.8900	0.1152s	0.3466	0.8960	0.8896
9
0064	0.1471	0.9667	0.3827	0.8920	0.1199s	0.3445	0.8990	0.8928
10
0065	0.1390	0.9833	0.3812	0.8900	0.1221s	0.3452	0.9020	0.8960
11
0066	0.1665	0.9917	0.3795	0.8900	0.1227s	0.3434	0.9020	0.8960
12
0067	0.1472	0.9917	0.3793	0.8860	0.1204s	0.3418	0.9040	0.8984
0
0068	0.1508	0.9917	0.3779	0.8960	0.1200s	0.3381	0.9050	0.8997
0
0069	0.1514	0.9750	0.3811	0.9040	0.1173s	0.3367	0.9050	0.8999
0
0070	0.1472	0.9917	0.3872	0.8960	0.1202s	0.3399	0.9020	0.8963
0
0071	0.1363	1.0000	0.3942	0.8940	0.1230s	0.3462	0.8990	0.8926
1
0072	0.1527	0.9833	0.3955	0.8880	0.1225s	0.3487	0.9010	0.8948
2
0073	0.1549	0.9750	0.3979	0.8900	0.1204s	0.3522	0.8960	0.8897
3
0074	0.1524	0.9833	0.3964	0.8900	0.1179s	0.3526	0.8970	0.8908
4
0075	0.1523	1.0000	0.3880	0.8980	0.1049s	0.3462	0.9000	0.8939
5
0076	0.1604	0.9833	0.3802	0.9000	0.1225s	0.3380	0.9050	0.8996
6
0077	0.1226	0.9917	0.3758	0.9000	0.1047s	0.3332	0.9050	0.8998
7
0078	0.1528	0.9750	0.3779	0.8940	0.1049s	0.3361	0.9060	0.9008
0
0079	0.1458	0.9917	0.3873	0.8860	0.1199s	0.3459	0.8990	0.8933
1
0080	0.1400	0.9917	0.3997	0.8800	0.1220s	0.3570	0.8950	0.8888
2
0081	0.1429	0.9583	0.4078	0.8840	0.1200s	0.3630	0.8940	0.8877
3
0082	0.1276	0.9917	0.4056	0.8860	0.1224s	0.3606	0.8950	0.8886
4
0083	0.1241	1.0000	0.3958	0.8840	0.1227s	0.3512	0.8980	0.8920
5
0084	0.1499	0.9917	0.3834	0.8920	0.1201s	0.3408	0.9010	0.8951
6
0085	0.1461	0.9667	0.3772	0.9000	0.1191s	0.3365	0.9040	0.8986
7
0086	0.1329	0.9750	0.3714	0.9000	0.1192s	0.3320	0.9060	0.9010
8
0087	0.1674	0.9500	0.3701	0.9060	0.1176s	0.3295	0.9060	0.9009
0
0088	0.1594	0.9583	0.3704	0.9040	0.1048s	0.3283	0.9070	0.9018
0
0089	0.1426	1.0000	0.3743	0.9020	0.1199s	0.3329	0.9070	0.9019
1
0090	0.1534	0.9833	0.3804	0.8920	0.1109s	0.3407	0.9050	0.9001
2
0091	0.1338	0.9667	0.3865	0.8900	0.1048s	0.3464	0.9000	0.8949
3
0092	0.1585	0.9583	0.3879	0.8900	0.1173s	0.3463	0.8990	0.8933
4
0093	0.1558	0.9917	0.3843	0.8880	0.1198s	0.3402	0.9030	0.8976
5
0094	0.1421	0.9917	0.3829	0.8900	0.1109s	0.3380	0.9030	0.8978
6
0095	0.1485	0.9583	0.3787	0.8880	0.1193s	0.3342	0.9030	0.8975
7
0096	0.1486	0.9833	0.3755	0.8980	0.1200s	0.3329	0.9070	0.9019
8
0097	0.1438	0.9667	0.3722	0.9020	0.1199s	0.3336	0.9070	0.9017
9
0098	0.1297	0.9833	0.3687	0.9000	0.1222s	0.3317	0.9100	0.9053
10
0099	0.1470	0.9667	0.3651	0.9080	0.1200s	0.3270	0.9110	0.9065
0
0100	0.1753	0.9917	0.3652	0.9040	0.1186s	0.3261	0.9100	0.9055
0
0101	0.1341	0.9833	0.3704	0.8980	0.1197s	0.3316	0.9060	0.9007
1
0102	0.1469	0.9750	0.3746	0.8940	0.1221s	0.3359	0.9040	0.8984
2
0103	0.1299	0.9917	0.3777	0.8960	0.1227s	0.3396	0.8990	0.8935
3
0104	0.1497	0.9917	0.3793	0.8980	0.1175s	0.3411	0.8980	0.8923
4
0105	0.1353	0.9917	0.3844	0.8920	0.1201s	0.3475	0.8990	0.8932
5
0106	0.1470	0.9833	0.3795	0.8900	0.1224s	0.3456	0.9000	0.8949
6
0107	0.1440	0.9833	0.3761	0.8940	0.1198s	0.3433	0.9020	0.8961
7
0108	0.1441	0.9583	0.3766	0.9040	0.1189s	0.3426	0.9010	0.8948
8
0109	0.1455	0.9750	0.3771	0.9040	0.1046s	0.3404	0.9070	0.9016
9
0110	0.1211	0.9833	0.3777	0.9060	0.1157s	0.3393	0.9080	0.9027
10
0111	0.1334	0.9833	0.3776	0.9040	0.1093s	0.3384	0.9080	0.9022
11
0112	0.1474	0.9750	0.3765	0.9020	0.1160s	0.3387	0.9090	0.9034
12
0113	0.1415	0.9833	0.3799	0.9000	0.1155s	0.3428	0.9100	0.9045
13
0114	0.1582	0.9917	0.3803	0.9000	0.1201s	0.3422	0.9070	0.9016
14
0115	0.1620	0.9917	0.3836	0.8920	0.1203s	0.3444	0.9020	0.8966
15
0116	0.1289	0.9667	0.3891	0.8960	0.1199s	0.3476	0.8970	0.8908
16
0117	0.1186	0.9833	0.3901	0.8960	0.1199s	0.3472	0.8990	0.8929
17
0118	0.1440	0.9667	0.3853	0.8960	0.1224s	0.3427	0.9020	0.8963
18
0119	0.1339	0.9667	0.3777	0.9060	0.1193s	0.3359	0.9100	0.9050
19
0120	0.1367	0.9917	0.3717	0.9020	0.1126s	0.3301	0.9140	0.9097
20
0121	0.1404	0.9833	0.3672	0.9080	0.1221s	0.3268	0.9140	0.9098
21
0122	0.1417	1.0000	0.3654	0.9080	0.1221s	0.3262	0.9100	0.9055
0
0123	0.1570	0.9750	0.3676	0.9040	0.1182s	0.3282	0.9160	0.9116
0
0124	0.1400	0.9917	0.3811	0.8960	0.1198s	0.3410	0.9050	0.8996
1
0125	0.1237	0.9917	0.4018	0.8920	0.1048s	0.3611	0.8940	0.8877
2
0126	0.1554	0.9917	0.4043	0.8920	0.1197s	0.3632	0.8900	0.8830
3
0127	0.1477	0.9833	0.3954	0.8960	0.1222s	0.3542	0.8960	0.8897
4
0128	0.1155	0.9833	0.3862	0.8980	0.1049s	0.3458	0.8990	0.8932
5
0129	0.1573	0.9750	0.3740	0.8980	0.1044s	0.3355	0.9110	0.9064
6
0130	0.1376	0.9667	0.3666	0.8980	0.1186s	0.3290	0.9100	0.9054
7
0131	0.1314	0.9833	0.3644	0.9040	0.1201s	0.3270	0.9110	0.9066
8
0132	0.1182	0.9833	0.3657	0.9040	0.1048s	0.3290	0.9110	0.9064
0
0133	0.1367	0.9917	0.3664	0.9060	0.1145s	0.3307	0.9140	0.9096
1
0134	0.1297	0.9833	0.3682	0.9040	0.1137s	0.3341	0.9100	0.9051
2
0135	0.1289	0.9750	0.3733	0.9020	0.1306s	0.3406	0.9040	0.8986
3
0136	0.1319	0.9750	0.3785	0.8960	0.1263s	0.3467	0.8970	0.8912
4
0137	0.1380	0.9917	0.3874	0.8940	0.1229s	0.3560	0.8940	0.8878
5
0138	0.1396	0.9750	0.3919	0.8940	0.1049s	0.3595	0.8920	0.8853
6
0139	0.1302	0.9917	0.3847	0.8980	0.1048s	0.3522	0.9030	0.8973
7
0140	0.1449	0.9750	0.3792	0.9000	0.1221s	0.3456	0.9020	0.8962
8
0141	0.1410	0.9833	0.3764	0.9060	0.1222s	0.3407	0.9050	0.8998
9
0142	0.1574	0.9750	0.3753	0.9020	0.1221s	0.3390	0.9050	0.8999
10
0143	0.1361	1.0000	0.3764	0.9040	0.1223s	0.3396	0.9080	0.9028
11
0144	0.1503	0.9583	0.3804	0.9000	0.1221s	0.3445	0.9060	0.9005
12
0145	0.1440	0.9833	0.3788	0.9000	0.1226s	0.3440	0.9070	0.9014
13
0146	0.1390	0.9833	0.3767	0.9000	0.1221s	0.3427	0.9040	0.8985
14
0147	0.1488	0.9833	0.3733	0.9000	0.1216s	0.3393	0.9010	0.8955
15
0148	0.1081	1.0000	0.3728	0.9000	0.1216s	0.3394	0.8990	0.8937
16
0149	0.1834	0.9667	0.3712	0.9040	0.1235s	0.3338	0.9030	0.8978
17
0150	0.1349	0.9917	0.3710	0.9100	0.1224s	0.3317	0.9040	0.8986
18
0151	0.1558	0.9750	0.3700	0.9140	0.1044s	0.3311	0.9090	0.9042
0
0152	0.1299	1.0000	0.3685	0.9080	0.1093s	0.3324	0.9140	0.9094
0
0153	0.1452	0.9833	0.3705	0.9040	0.1213s	0.3369	0.9140	0.9096
1
0154	0.1472	0.9833	0.3736	0.9020	0.1225s	0.3416	0.9150	0.9106
2
0155	0.1482	0.9917	0.3746	0.9020	0.1223s	0.3423	0.9120	0.9074
3
0156	0.1426	0.9750	0.3768	0.9020	0.1237s	0.3454	0.9130	0.9083
4
0157	0.1404	0.9333	0.3765	0.9060	0.1124s	0.3447	0.9130	0.9080
5
0158	0.1215	0.9833	0.3762	0.9080	0.1059s	0.3449	0.9110	0.9061
6
0159	0.1189	0.9750	0.3778	0.9080	0.1187s	0.3474	0.9050	0.8996
7
0160	0.1479	0.9417	0.3776	0.9100	0.1225s	0.3497	0.9030	0.8979
8
0161	0.1078	0.9833	0.3733	0.9040	0.1224s	0.3486	0.9070	0.9022
9
0162	0.1497	1.0000	0.3681	0.9060	0.1226s	0.3452	0.9120	0.9074
10
0163	0.1382	0.9750	0.3678	0.9080	0.1223s	0.3465	0.9140	0.9094
11
0164	0.1418	0.9750	0.3716	0.9020	0.1236s	0.3507	0.9110	0.9062
12
0165	0.1491	1.0000	0.3772	0.9020	0.1223s	0.3555	0.9120	0.9069
13
0166	0.1440	0.9667	0.3817	0.9000	0.1223s	0.3591	0.9120	0.9071
14
0167	0.1201	1.0000	0.3864	0.9000	0.1225s	0.3629	0.9100	0.9047
15
0168	0.1410	0.9833	0.3854	0.9020	0.1253s	0.3605	0.9090	0.9035
16
0169	0.1404	0.9667	0.3813	0.9040	0.1223s	0.3540	0.9080	0.9030
17
0170	0.1430	0.9917	0.3729	0.9060	0.1234s	0.3420	0.9120	0.9071
18
0171	0.1478	0.9833	0.3717	0.9140	0.1225s	0.3390	0.9060	0.9001
19
0172	0.1255	0.9750	0.3724	0.9100	0.1270s	0.3410	0.9020	0.8959
0
0173	0.1285	0.9750	0.3723	0.9100	0.1224s	0.3438	0.9030	0.8971
1
0174	0.1319	0.9667	0.3724	0.9080	0.1221s	0.3466	0.9060	0.9009
2
0175	0.1622	0.9500	0.3736	0.9020	0.1230s	0.3470	0.9040	0.8984
3
0176	0.1245	0.9750	0.3747	0.9020	0.1249s	0.3465	0.9040	0.8979
4
0177	0.1538	0.9917	0.3705	0.9040	0.1227s	0.3392	0.9100	0.9042
5
0178	0.1445	0.9833	0.3640	0.9040	0.1224s	0.3308	0.9130	0.9078
6
0179	0.1462	0.9833	0.3614	0.9080	0.1238s	0.3256	0.9150	0.9108
0
0180	0.1397	0.9750	0.3600	0.9120	0.1164s	0.3241	0.9150	0.9106
0
0181	0.1434	0.9750	0.3636	0.9060	0.1219s	0.3320	0.9080	0.9025
0
0182	0.1573	0.9833	0.3769	0.9040	0.1231s	0.3499	0.8980	0.8919
1
0183	0.1347	0.9917	0.3906	0.8940	0.1221s	0.3661	0.8920	0.8862
2
0184	0.1253	0.9917	0.3900	0.8960	0.1226s	0.3676	0.8900	0.8835
3
0185	0.1486	0.9667	0.3828	0.8920	0.1236s	0.3622	0.8940	0.8879
4
0186	0.1382	1.0000	0.3701	0.9020	0.1220s	0.3480	0.9030	0.8978
5
0187	0.1374	0.9667	0.3633	0.9040	0.1222s	0.3362	0.9130	0.9082
6
0188	0.1212	0.9917	0.3620	0.9000	0.1240s	0.3300	0.9130	0.9086
7
0189	0.1396	0.9833	0.3660	0.9020	0.1216s	0.3315	0.9130	0.9085
8
0190	0.1222	0.9917	0.3723	0.9000	0.1218s	0.3372	0.9130	0.9081
9
0191	0.1220	0.9750	0.3806	0.9040	0.1232s	0.3454	0.9110	0.9054
10
0192	0.1368	0.9667	0.3892	0.9000	0.1223s	0.3538	0.9090	0.9036
11
0193	0.1125	0.9917	0.4007	0.8940	0.1221s	0.3653	0.9010	0.8944
12
0194	0.1568	0.9833	0.3929	0.8940	0.1221s	0.3609	0.9000	0.8937
13
0195	0.1194	1.0000	0.3833	0.8980	0.1222s	0.3551	0.9020	0.8961
14
0196	0.1288	0.9667	0.3787	0.8980	0.1224s	0.3533	0.9060	0.9008
15
0197	0.1320	0.9833	0.3758	0.8960	0.1217s	0.3509	0.9030	0.8982
16
0198	0.1272	0.9833	0.3724	0.9000	0.1224s	0.3460	0.9030	0.8980
17
0199	0.1481	0.9833	0.3713	0.8980	0.1225s	0.3432	0.9050	0.9002
18
0200	0.1324	0.9833	0.3680	0.9060	0.1215s	0.3381	0.9110	0.9063
19
0201	0.1384	1.0000	0.3739	0.9000	0.1223s	0.3425	0.9070	0.9018
20
0202	0.1147	0.9833	0.3875	0.9000	0.1218s	0.3551	0.9020	0.8956
21
0203	0.1595	0.9833	0.3950	0.8960	0.1219s	0.3615	0.9020	0.8955
22
0204	0.1348	0.9667	0.3893	0.8980	0.1230s	0.3562	0.9070	0.9010
23
0205	0.1669	0.9750	0.3777	0.9040	0.1220s	0.3464	0.9120	0.9068
24
0206	0.1302	0.9750	0.3692	0.9100	0.1223s	0.3388	0.9170	0.9128
25
0207	0.1551	0.9750	0.3625	0.9120	0.1267s	0.3318	0.9170	0.9133
26
0208	0.1376	0.9750	0.3618	0.9060	0.1225s	0.3320	0.9150	0.9112
27
0209	0.1508	0.9750	0.3637	0.9020	0.1221s	0.3349	0.9130	0.9093
28
0210	0.1506	0.9583	0.3666	0.9020	0.1224s	0.3374	0.9120	0.9072
29
0211	0.1396	0.9833	0.3742	0.8980	0.1229s	0.3444	0.9100	0.9047
30
0212	0.1336	0.9833	0.3886	0.8980	0.1226s	0.3578	0.9040	0.8979
31
0213	0.1477	0.9833	0.4066	0.8840	0.1221s	0.3747	0.8990	0.8927
32
0214	0.1351	0.9667	0.4069	0.8920	0.1223s	0.3752	0.8950	0.8886
33
0215	0.1407	0.9833	0.3927	0.8920	0.1218s	0.3630	0.9020	0.8961
34
0216	0.1393	0.9750	0.3712	0.9000	0.1215s	0.3421	0.9160	0.9115
35
0217	0.1313	0.9833	0.3597	0.9040	0.1251s	0.3275	0.9170	0.9129
36
0218	0.1215	0.9833	0.3607	0.9040	0.1226s	0.3249	0.9170	0.9135
0
0219	0.1287	0.9833	0.3597	0.9080	0.1224s	0.3232	0.9150	0.9113
1
0220	0.1291	0.9917	0.3590	0.9080	0.1230s	0.3256	0.9180	0.9141
0
0221	0.1503	0.9750	0.3706	0.9020	0.1051s	0.3406	0.9120	0.9075
0
0222	0.1358	0.9833	0.3907	0.8900	0.1223s	0.3601	0.9040	0.8987
1
0223	0.1440	0.9833	0.4104	0.8800	0.1049s	0.3777	0.8980	0.8920
2
0224	0.1353	0.9917	0.4203	0.8800	0.1194s	0.3845	0.8950	0.8884
3
0225	0.1388	0.9667	0.4058	0.8900	0.1221s	0.3687	0.9040	0.8981
4
0226	0.1386	0.9667	0.3875	0.8960	0.1213s	0.3495	0.9100	0.9050
5
0227	0.1244	0.9750	0.3755	0.9000	0.1220s	0.3347	0.9200	0.9161
6
0228	0.1436	0.9917	0.3699	0.9060	0.1221s	0.3292	0.9220	0.9183
7
0229	0.1424	0.9667	0.3692	0.9040	0.1216s	0.3325	0.9200	0.9160
8
0230	0.1462	0.9833	0.3761	0.8940	0.1226s	0.3432	0.9160	0.9115
9
0231	0.1253	0.9833	0.3902	0.8960	0.1219s	0.3599	0.9110	0.9057
10
0232	0.1380	1.0000	0.4003	0.8840	0.1227s	0.3704	0.9000	0.8941
11
0233	0.1272	0.9917	0.4027	0.8860	0.1221s	0.3701	0.8990	0.8935
12
0234	0.1360	0.9833	0.4014	0.8940	0.1253s	0.3654	0.9010	0.8958
13
0235	0.1203	0.9750	0.3936	0.9000	0.1220s	0.3539	0.9030	0.8979
14
0236	0.1289	0.9833	0.3863	0.9020	0.1234s	0.3426	0.9080	0.9030
15
0237	0.1369	0.9917	0.3832	0.9040	0.1220s	0.3369	0.9130	0.9083
16
0238	0.1396	0.9833	0.3830	0.9080	0.1220s	0.3373	0.9180	0.9135
17
0239	0.1387	0.9917	0.3864	0.9020	0.1221s	0.3421	0.9200	0.9154
18
0240	0.1355	0.9833	0.3915	0.8980	0.1222s	0.3493	0.9150	0.9099
19
0241	0.1518	0.9833	0.3928	0.8980	0.1237s	0.3527	0.9130	0.9077
20
0242	0.1262	0.9833	0.3937	0.9000	0.1222s	0.3549	0.9100	0.9045
21
0243	0.1197	0.9917	0.3920	0.9000	0.1215s	0.3542	0.9090	0.9039
22
0244	0.1345	0.9750	0.3896	0.9020	0.1219s	0.3530	0.9070	0.9020
23
0245	0.1282	0.9750	0.3860	0.9020	0.1220s	0.3491	0.9120	0.9073
24
0246	0.1467	0.9833	0.3846	0.9040	0.1234s	0.3478	0.9120	0.9074
25
0247	0.1163	0.9833	0.3844	0.9040	0.1221s	0.3468	0.9120	0.9074
26
0248	0.1221	0.9917	0.3836	0.9040	0.1225s	0.3463	0.9140	0.9096
27
0249	0.1274	0.9833	0.3835	0.9040	0.1220s	0.3460	0.9150	0.9106
28
0250	0.1336	1.0000	0.3882	0.9040	0.1216s	0.3509	0.9120	0.9071
29
0251	0.1364	1.0000	0.3915	0.9060	0.1224s	0.3533	0.9090	0.9041
30
0252	0.1439	0.9750	0.3940	0.9060	0.1225s	0.3540	0.9110	0.9060
31
0253	0.1401	1.0000	0.3940	0.9080	0.1221s	0.3526	0.9130	0.9081
32
0254	0.1173	0.9750	0.3939	0.9060	0.1227s	0.3519	0.9100	0.9049
33
0255	0.1223	0.9750	0.3906	0.9100	0.1228s	0.3490	0.9130	0.9083
34
0256	0.1459	0.9417	0.3880	0.9080	0.1224s	0.3492	0.9130	0.9082
35
0257	0.1371	0.9917	0.3863	0.9080	0.1224s	0.3494	0.9130	0.9082
36
0258	0.1246	0.9833	0.3884	0.9120	0.1212s	0.3537	0.9090	0.9040
37
0259	0.1371	0.9917	0.3910	0.9080	0.1226s	0.3563	0.9080	0.9032
38
0260	0.1273	0.9583	0.3945	0.9080	0.1232s	0.3586	0.9050	0.8996
39
0261	0.1355	0.9833	0.3943	0.9060	0.1214s	0.3570	0.9060	0.9004
40
0262	0.1257	0.9750	0.3989	0.9040	0.1218s	0.3604	0.9050	0.8996
41
0263	0.1178	0.9750	0.4010	0.9040	0.1095s	0.3619	0.9050	0.8996
42
0264	0.1521	0.9583	0.4023	0.9020	0.1191s	0.3634	0.9050	0.8995
43
0265	0.1311	0.9667	0.3966	0.9040	0.1377s	0.3582	0.9110	0.9057
44
0266	0.1147	0.9750	0.3928	0.9040	0.1395s	0.3553	0.9130	0.9078
45
0267	0.1172	0.9917	0.3887	0.9080	0.1398s	0.3524	0.9150	0.9101
46
0268	0.1265	0.9833	0.3890	0.9060	0.1392s	0.3542	0.9130	0.9080
47
0269	0.1489	0.9667	0.3935	0.9040	0.1113s	0.3595	0.9070	0.9020
48
0270	0.1218	0.9917	0.3964	0.9040	0.1182s	0.3623	0.9030	0.8974
49
0271	0.1555	0.9667	0.3923	0.9080	0.1224s	0.3587	0.9060	0.9007
50
0272	0.1240	0.9750	0.3933	0.9080	0.1248s	0.3605	0.9080	0.9022
51
0273	0.1317	0.9667	0.3965	0.9040	0.1234s	0.3623	0.9060	0.8999
52
0274	0.1397	0.9583	0.4006	0.9000	0.1239s	0.3652	0.9070	0.9010
53
0275	0.1308	0.9750	0.4015	0.9020	0.1237s	0.3650	0.9060	0.9000
54
0276	0.1336	0.9833	0.3913	0.9040	0.1230s	0.3545	0.9110	0.9055
55
0277	0.1355	0.9750	0.3814	0.9060	0.1227s	0.3452	0.9120	0.9068
56
0278	0.1428	0.9750	0.3773	0.9040	0.1242s	0.3422	0.9110	0.9056
57
0279	0.1260	0.9917	0.3784	0.9080	0.1228s	0.3442	0.9080	0.9026
58
0280	0.1240	0.9750	0.3847	0.9000	0.1212s	0.3498	0.9020	0.8961
59
0281	0.1242	0.9750	0.3921	0.8980	0.1239s	0.3566	0.9010	0.8951
60
0282	0.1523	0.9667	0.4009	0.9000	0.1178s	0.3661	0.8990	0.8930
61
0283	0.1251	0.9750	0.3961	0.8980	0.1227s	0.3625	0.8990	0.8928
62
0284	0.1374	0.9833	0.3862	0.9040	0.1190s	0.3521	0.9000	0.8935
63
0285	0.1195	0.9833	0.3775	0.9120	0.1226s	0.3425	0.9080	0.9021
64
0286	0.1492	0.9750	0.3712	0.9080	0.1061s	0.3349	0.9140	0.9094
65
0287	0.1310	0.9667	0.3696	0.9060	0.1265s	0.3326	0.9140	0.9097
66
0288	0.1296	0.9583	0.3713	0.9100	0.1049s	0.3348	0.9130	0.9088
67
0289	0.1495	0.9750	0.3746	0.9120	0.1107s	0.3396	0.9110	0.9062
68
0290	0.1338	1.0000	0.3812	0.9060	0.1196s	0.3485	0.9040	0.8982
69
0291	0.1323	0.9833	0.3882	0.8960	0.1258s	0.3564	0.9010	0.8951
70
0292	0.1449	0.9833	0.3915	0.8960	0.1193s	0.3607	0.8980	0.8925
71
0293	0.1325	0.9917	0.3866	0.8960	0.1207s	0.3547	0.9040	0.8988
72
0294	0.1254	1.0000	0.3810	0.9020	0.1193s	0.3470	0.9060	0.9008
73
0295	0.1150	0.9833	0.3783	0.9040	0.1223s	0.3425	0.9110	0.9066
74
0296	0.1216	0.9917	0.3777	0.9080	0.1197s	0.3408	0.9120	0.9076
75
0297	0.1406	0.9583	0.3767	0.9100	0.1052s	0.3398	0.9130	0.9082
76
0298	0.1318	0.9417	0.3795	0.9080	0.1214s	0.3441	0.9110	0.9059
77
0299	0.1349	0.9833	0.3863	0.9000	0.1227s	0.3538	0.9020	0.8963
78
0300	0.1401	0.9833	0.3950	0.9000	0.1201s	0.3627	0.9000	0.8942
79
0301	0.1280	0.9667	0.3992	0.8940	0.1176s	0.3672	0.8980	0.8920
80
0302	0.1418	1.0000	0.3993	0.8960	0.1242s	0.3671	0.8980	0.8921
81
0303	0.1417	0.9583	0.3957	0.8960	0.1169s	0.3622	0.8970	0.8907
82
0304	0.1320	0.9833	0.3934	0.9000	0.1187s	0.3577	0.9010	0.8953
83
0305	0.1221	0.9917	0.3879	0.9000	0.1228s	0.3509	0.9040	0.8983
84
0306	0.1337	0.9500	0.3821	0.9080	0.1228s	0.3445	0.9080	0.9026
85
0307	0.1212	0.9833	0.3779	0.9080	0.1231s	0.3394	0.9160	0.9114
86
0308	0.1200	0.9750	0.3795	0.9060	0.1240s	0.3412	0.9110	0.9059
87
0309	0.1229	0.9833	0.3833	0.9040	0.1218s	0.3445	0.9090	0.9037
88
0310	0.1113	0.9833	0.3892	0.9000	0.1221s	0.3505	0.9100	0.9043
89
0311	0.1483	0.9750	0.3872	0.9040	0.1223s	0.3473	0.9090	0.9035
90
0312	0.1383	0.9917	0.3912	0.9020	0.1242s	0.3495	0.9080	0.9029
91
0313	0.1311	0.9583	0.4002	0.9040	0.1182s	0.3571	0.9020	0.8965
92
0314	0.1320	0.9750	0.4091	0.9020	0.1185s	0.3650	0.9010	0.8950
93
0315	0.1457	0.9750	0.4129	0.9000	0.1209s	0.3688	0.9000	0.8942
94
0316	0.1408	0.9667	0.4064	0.8980	0.1227s	0.3640	0.9010	0.8953
95
0317	0.1270	0.9833	0.3974	0.9020	0.1198s	0.3571	0.9050	0.8997
96
0318	0.1271	0.9833	0.3887	0.9040	0.1249s	0.3512	0.9130	0.9081
97
0319	0.1569	0.9917	0.3895	0.9040	0.1051s	0.3538	0.9110	0.9059
98
0320	0.1307	0.9833	0.3930	0.8960	0.1226s	0.3580	0.9120	0.9070
99
0321	0.1155	0.9917	0.3975	0.8980	0.1199s	0.3634	0.9110	0.9058
100
0322	0.1322	1.0000	0.4003	0.8940	0.1218s	0.3674	0.9110	0.9056
101
0323	0.1211	0.9667	0.3992	0.9020	0.1224s	0.3659	0.9140	0.9086
102
0324	0.1564	0.9667	0.3936	0.8960	0.1232s	0.3604	0.9100	0.9044
103
0325	0.1235	0.9917	0.3861	0.9000	0.1241s	0.3530	0.9110	0.9056
104
0326	0.1482	0.9833	0.3815	0.9000	0.1222s	0.3480	0.9110	0.9059
105
0327	0.1333	0.9667	0.3805	0.9000	0.1222s	0.3465	0.9110	0.9063
106
0328	0.1381	0.9667	0.3778	0.9000	0.1240s	0.3457	0.9080	0.9032
107
0329	0.1105	0.9917	0.3751	0.9040	0.1181s	0.3457	0.9100	0.9052
108
0330	0.1350	1.0000	0.3736	0.9060	0.1190s	0.3481	0.9100	0.9052
109
0331	0.1340	0.9917	0.3740	0.9020	0.1216s	0.3512	0.9060	0.9008
110
0332	0.1279	0.9667	0.3710	0.9020	0.1225s	0.3496	0.9090	0.9039
111
0333	0.1428	0.9833	0.3675	0.9000	0.1187s	0.3466	0.9130	0.9085
112
0334	0.1390	0.9583	0.3682	0.9000	0.1235s	0.3468	0.9150	0.9104
113
0335	0.1300	0.9917	0.3700	0.9040	0.1221s	0.3476	0.9110	0.9058
114
0336	0.1137	0.9917	0.3717	0.9040	0.1223s	0.3485	0.9110	0.9059
115
0337	0.1441	0.9833	0.3759	0.9080	0.1208s	0.3515	0.9080	0.9028
116
0338	0.1386	0.9917	0.3836	0.9040	0.1223s	0.3590	0.9090	0.9039
117
0339	0.1398	0.9833	0.3897	0.8980	0.1225s	0.3654	0.9050	0.8995
118
0340	0.1209	1.0000	0.3915	0.8980	0.1225s	0.3681	0.9000	0.8945
119
0341	0.1246	1.0000	0.3917	0.8940	0.1198s	0.3695	0.9010	0.8955
120
0342	0.1422	0.9917	0.3885	0.8940	0.1197s	0.3674	0.9020	0.8962
121
0343	0.1328	0.9833	0.3857	0.9040	0.1200s	0.3644	0.9100	0.9054
122
0344	0.1286	0.9833	0.3802	0.9000	0.1239s	0.3581	0.9080	0.9034
123
0345	0.1166	0.9917	0.3751	0.9060	0.1223s	0.3519	0.9110	0.9065
124
0346	0.1578	0.9750	0.3712	0.9080	0.1175s	0.3472	0.9110	0.9064
125
0347	0.1295	0.9917	0.3705	0.9080	0.1237s	0.3455	0.9100	0.9053
126
0348	0.1543	0.9917	0.3783	0.9060	0.1178s	0.3513	0.9080	0.9033
127
0349	0.1338	0.9750	0.3884	0.9000	0.1206s	0.3613	0.8970	0.8911
128
0350	0.1441	0.9833	0.3951	0.8960	0.1265s	0.3675	0.8970	0.8911
129
0351	0.1400	0.9750	0.3961	0.8980	0.1228s	0.3699	0.8950	0.8887
130
0352	0.1229	0.9917	0.3955	0.8940	0.1220s	0.3720	0.8950	0.8885
131
0353	0.1462	0.9833	0.3873	0.8960	0.1228s	0.3660	0.9060	0.9005
132
0354	0.1266	0.9917	0.3801	0.9100	0.1229s	0.3597	0.9110	0.9060
133
0355	0.1324	0.9917	0.3764	0.9080	0.1225s	0.3553	0.9090	0.9036
134
0356	0.1166	0.9750	0.3746	0.9080	0.1221s	0.3525	0.9090	0.9037
135
0357	0.1498	0.9750	0.3755	0.9080	0.1231s	0.3535	0.9130	0.9077
136
0358	0.1448	0.9833	0.3797	0.9040	0.1228s	0.3581	0.9050	0.8991
137
0359	0.1260	0.9917	0.3872	0.8980	0.1231s	0.3665	0.9000	0.8940
138
0360	0.1498	0.9750	0.3882	0.8980	0.1223s	0.3688	0.9000	0.8940
139
0361	0.1258	0.9833	0.3839	0.9000	0.1225s	0.3654	0.9010	0.8949
140
0362	0.1299	0.9667	0.3762	0.9000	0.1195s	0.3583	0.9030	0.8971
141
0363	0.1488	0.9833	0.3679	0.9080	0.1154s	0.3502	0.9100	0.9049
142
0364	0.1395	1.0000	0.3642	0.9080	0.1202s	0.3447	0.9140	0.9097
143
0365	0.1488	0.9667	0.3647	0.9100	0.1206s	0.3438	0.9100	0.9057
144
0366	0.1297	0.9833	0.3653	0.9100	0.1212s	0.3446	0.9120	0.9077
145
0367	0.1408	0.9417	0.3673	0.9080	0.1225s	0.3484	0.9080	0.9028
146
0368	0.1332	0.9833	0.3773	0.9060	0.1182s	0.3593	0.9060	0.9001
147
0369	0.1263	0.9917	0.3896	0.8980	0.1228s	0.3712	0.9010	0.8947
148
0370	0.1435	0.9667	0.3939	0.8940	0.1227s	0.3753	0.8940	0.8870
149
0371	0.1474	0.9750	0.3901	0.8960	0.1225s	0.3725	0.8930	0.8859
150
0372	0.1137	0.9917	0.3856	0.8980	0.1222s	0.3683	0.9010	0.8951
151
0373	0.1422	0.9583	0.3761	0.9020	0.1224s	0.3593	0.9030	0.8973
152
0374	0.1373	0.9750	0.3698	0.9040	0.1223s	0.3526	0.9120	0.9072
153
0375	0.1502	0.9833	0.3679	0.9100	0.1226s	0.3497	0.9100	0.9055
154
0376	0.1204	0.9917	0.3692	0.9080	0.1220s	0.3503	0.9060	0.9013
155
0377	0.1518	0.9667	0.3703	0.9060	0.1158s	0.3515	0.9080	0.9032
156
0378	0.1420	0.9833	0.3704	0.9040	0.1227s	0.3535	0.9080	0.9028
157
0379	0.1353	0.9833	0.3712	0.8980	0.1221s	0.3575	0.9100	0.9047
158
0380	0.1446	0.9833	0.3757	0.8960	0.1229s	0.3646	0.9080	0.9023
159
0381	0.1047	0.9833	0.3802	0.8980	0.1230s	0.3702	0.9090	0.9032
160
0382	0.1060	0.9917	0.3843	0.8960	0.1221s	0.3745	0.9060	0.8998
161
0383	0.1282	0.9750	0.3827	0.8940	0.1243s	0.3714	0.9070	0.9011
162
0384	0.1320	0.9833	0.3804	0.8920	0.1179s	0.3676	0.9080	0.9024
163
0385	0.1648	0.9750	0.3770	0.8940	0.1225s	0.3619	0.9050	0.8993
164
0386	0.1431	0.9917	0.3753	0.9000	0.1226s	0.3571	0.9040	0.8987
165
0387	0.1281	0.9833	0.3781	0.8980	0.1223s	0.3561	0.9050	0.8997
166
0388	0.1294	0.9917	0.3804	0.8980	0.1236s	0.3560	0.9060	0.9007
167
0389	0.1420	0.9667	0.3784	0.8980	0.1222s	0.3526	0.9030	0.8976
168
0390	0.1356	0.9667	0.3795	0.9000	0.1226s	0.3532	0.9040	0.8984
169
0391	0.1244	0.9667	0.3830	0.9020	0.1197s	0.3571	0.9050	0.8992
170
0392	0.1237	0.9750	0.3838	0.8980	0.1224s	0.3586	0.9040	0.8985
171
0393	0.1254	0.9583	0.3819	0.8980	0.1232s	0.3579	0.9050	0.8996
172
0394	0.1347	0.9917	0.3786	0.8960	0.1218s	0.3565	0.9060	0.9007
173
0395	0.1543	0.9917	0.3748	0.9080	0.1222s	0.3547	0.9070	0.9021
174
0396	0.1117	0.9917	0.3757	0.9060	0.1222s	0.3563	0.9080	0.9033
175
0397	0.1569	1.0000	0.3730	0.9080	0.1153s	0.3523	0.9100	0.9055
176
0398	0.1195	0.9750	0.3740	0.9080	0.1059s	0.3526	0.9100	0.9054
177
0399	0.1360	0.9667	0.3760	0.9080	0.1225s	0.3533	0.9100	0.9055
178
0400	0.1334	0.9833	0.3781	0.9100	0.1214s	0.3536	0.9110	0.9066
179
0401	0.1322	0.9750	0.3836	0.9020	0.1229s	0.3589	0.9110	0.9058
180
0402	0.1196	0.9833	0.3930	0.9000	0.1182s	0.3693	0.9010	0.8950
181
0403	0.1502	0.9917	0.3927	0.8980	0.1205s	0.3710	0.9000	0.8937
182
0404	0.1474	0.9667	0.3867	0.8960	0.1205s	0.3652	0.9040	0.8984
183
0405	0.1280	0.9750	0.3792	0.9000	0.1219s	0.3578	0.9100	0.9049
184
0406	0.1286	0.9750	0.3724	0.9000	0.1227s	0.3511	0.9150	0.9105
185
0407	0.1190	0.9750	0.3691	0.9060	0.1198s	0.3471	0.9170	0.9128
186
0408	0.1352	0.9917	0.3712	0.9040	0.1232s	0.3489	0.9150	0.9107
187
0409	0.1343	1.0000	0.3746	0.9020	0.1204s	0.3527	0.9150	0.9106
188
0410	0.1293	0.9750	0.3801	0.9000	0.1231s	0.3584	0.9110	0.9061
189
0411	0.1321	0.9750	0.3842	0.9020	0.1232s	0.3637	0.9090	0.9038
190
0412	0.1269	1.0000	0.3892	0.9040	0.1226s	0.3704	0.9060	0.9002
191
0413	0.1497	0.9917	0.3900	0.9040	0.1231s	0.3729	0.9040	0.8980
192
0414	0.1477	0.9500	0.3876	0.9020	0.1221s	0.3723	0.9040	0.8982
193
0415	0.1382	0.9667	0.3820	0.9060	0.1226s	0.3681	0.9070	0.9015
194
0416	0.1596	0.9667	0.3772	0.9060	0.1223s	0.3649	0.9120	0.9074
195
0417	0.1289	0.9917	0.3741	0.9040	0.1200s	0.3630	0.9120	0.9078
196
0418	0.1442	0.9750	0.3749	0.9060	0.1220s	0.3650	0.9100	0.9057
197
0419	0.1209	0.9750	0.3767	0.9060	0.1252s	0.3674	0.9120	0.9074
198
0420	0.1459	0.9667	0.3839	0.8980	0.1204s	0.3739	0.9060	0.9007
199
Early stop! Min loss:0.3590155839920044,  Max accuracy:0.914
Early stop model validation loss:0.3590155839920044,  accuracy:0.908
Optimization Finished!
Total time elapsed: 51.1529s
test max acc:0.9220
Loading 219th epoch
stru_node_to_hop attention:tensor([[0.2496, 0.2512, 0.2498, 0.2494],
        [0.2507, 0.2497, 0.2498, 0.2498],
        [0.2461, 0.2518, 0.2511, 0.2510],
        [0.2478, 0.2503, 0.2508, 0.2510],
        [0.2481, 0.2505, 0.2507, 0.2507],
        [0.2506, 0.2502, 0.2497, 0.2496],
        [0.2506, 0.2500, 0.2497, 0.2496],
        [0.2501, 0.2501, 0.2500, 0.2499],
        [0.2486, 0.2512, 0.2502, 0.2499],
        [0.2478, 0.2511, 0.2506, 0.2505],
        [0.2478, 0.2508, 0.2507, 0.2507],
        [0.2494, 0.2501, 0.2502, 0.2503],
        [0.2487, 0.2510, 0.2502, 0.2500],
        [0.2510, 0.2494, 0.2498, 0.2498],
        [0.2516, 0.2503, 0.2493, 0.2488],
        [0.2493, 0.2510, 0.2500, 0.2497],
        [0.2480, 0.2511, 0.2506, 0.2504],
        [0.2491, 0.2506, 0.2503, 0.2500],
        [0.2499, 0.2500, 0.2500, 0.2500],
        [0.2501, 0.2504, 0.2498, 0.2497],
        [0.2499, 0.2499, 0.2500, 0.2501],
        [0.2492, 0.2514, 0.2498, 0.2496],
        [0.2486, 0.2507, 0.2504, 0.2503],
        [0.2481, 0.2512, 0.2504, 0.2504],
        [0.2497, 0.2501, 0.2501, 0.2501],
        [0.2487, 0.2510, 0.2502, 0.2501],
        [0.2496, 0.2507, 0.2500, 0.2497],
        [0.2495, 0.2504, 0.2501, 0.2500],
        [0.2497, 0.2501, 0.2501, 0.2501],
        [0.2508, 0.2498, 0.2497, 0.2497],
        [0.2499, 0.2502, 0.2500, 0.2499],
        [0.2486, 0.2505, 0.2506, 0.2503],
        [0.2489, 0.2505, 0.2503, 0.2502],
        [0.2489, 0.2505, 0.2503, 0.2502],
        [0.2486, 0.2504, 0.2506, 0.2505],
        [0.2493, 0.2502, 0.2502, 0.2502],
        [0.2496, 0.2502, 0.2502, 0.2500],
        [0.2481, 0.2505, 0.2507, 0.2507],
        [0.2498, 0.2501, 0.2501, 0.2500],
        [0.2487, 0.2512, 0.2501, 0.2500],
        [0.2499, 0.2500, 0.2500, 0.2500],
        [0.2495, 0.2504, 0.2502, 0.2499],
        [0.2485, 0.2511, 0.2503, 0.2501],
        [0.2501, 0.2500, 0.2500, 0.2499],
        [0.2478, 0.2510, 0.2507, 0.2505],
        [0.1721, 0.1885, 0.2780, 0.3614],
        [0.2501, 0.2499, 0.2501, 0.2499],
        [0.2497, 0.2502, 0.2501, 0.2501],
        [0.2506, 0.2496, 0.2499, 0.2499],
        [0.2501, 0.2500, 0.2500, 0.2499],
        [0.2457, 0.2512, 0.2515, 0.2517],
        [0.2500, 0.2501, 0.2500, 0.2499],
        [0.2500, 0.2500, 0.2500, 0.2500],
        [0.2506, 0.2497, 0.2499, 0.2498],
        [0.2486, 0.2503, 0.2505, 0.2506],
        [0.2496, 0.2500, 0.2502, 0.2502],
        [0.2481, 0.2514, 0.2505, 0.2501],
        [0.2502, 0.2500, 0.2499, 0.2499],
        [0.2493, 0.2509, 0.2500, 0.2497],
        [0.2503, 0.2505, 0.2498, 0.2495],
        [0.2479, 0.2507, 0.2507, 0.2507],
        [0.2471, 0.2518, 0.2506, 0.2505],
        [0.2494, 0.2510, 0.2499, 0.2498],
        [0.2472, 0.2514, 0.2508, 0.2506],
        [0.2504, 0.2499, 0.2499, 0.2499],
        [0.2488, 0.2500, 0.2505, 0.2506],
        [0.2480, 0.2527, 0.2500, 0.2493],
        [0.2459, 0.2508, 0.2515, 0.2518],
        [0.2498, 0.2502, 0.2501, 0.2500],
        [0.2499, 0.2501, 0.2500, 0.2500],
        [0.2487, 0.2508, 0.2503, 0.2502],
        [0.2494, 0.2501, 0.2502, 0.2502],
        [0.2511, 0.2496, 0.2497, 0.2496],
        [0.2486, 0.2519, 0.2501, 0.2494],
        [0.2499, 0.2501, 0.2500, 0.2500],
        [0.2486, 0.2505, 0.2505, 0.2504],
        [0.2497, 0.2508, 0.2498, 0.2496],
        [0.2495, 0.2497, 0.2503, 0.2504],
        [0.2488, 0.2504, 0.2504, 0.2503],
        [0.2490, 0.2503, 0.2503, 0.2503],
        [0.2508, 0.2500, 0.2498, 0.2494],
        [0.2485, 0.2515, 0.2502, 0.2498],
        [0.2506, 0.2498, 0.2498, 0.2498],
        [0.2493, 0.2503, 0.2502, 0.2502],
        [0.2497, 0.2503, 0.2500, 0.2500],
        [0.2497, 0.2502, 0.2501, 0.2500],
        [0.2486, 0.2505, 0.2504, 0.2505],
        [0.2501, 0.2498, 0.2500, 0.2502],
        [0.2501, 0.2501, 0.2499, 0.2498],
        [0.2500, 0.2502, 0.2500, 0.2498],
        [0.2500, 0.2500, 0.2500, 0.2500],
        [0.2500, 0.2500, 0.2500, 0.2500],
        [0.2503, 0.2499, 0.2499, 0.2499],
        [0.2503, 0.2499, 0.2499, 0.2499],
        [0.2484, 0.2509, 0.2504, 0.2502],
        [0.2499, 0.2500, 0.2500, 0.2500],
        [0.2486, 0.2507, 0.2504, 0.2503],
        [0.2516, 0.2496, 0.2494, 0.2494],
        [0.2493, 0.2505, 0.2501, 0.2500],
        [0.2508, 0.2501, 0.2497, 0.2495]], device='cuda:1')
fea_node_to_hop attention:tensor([[0.3292, 0.3343, 0.3365],
        [0.3328, 0.3337, 0.3335],
        [0.3329, 0.3325, 0.3346],
        [0.3324, 0.3327, 0.3349],
        [0.3321, 0.3339, 0.3340],
        [0.3295, 0.3360, 0.3345],
        [0.3303, 0.3328, 0.3370],
        [0.3317, 0.3340, 0.3343],
        [0.3273, 0.3363, 0.3364],
        [0.3270, 0.3365, 0.3366],
        [0.3290, 0.3351, 0.3358],
        [0.3322, 0.3333, 0.3345],
        [0.3297, 0.3344, 0.3359],
        [0.3300, 0.3351, 0.3349],
        [0.3308, 0.3328, 0.3365],
        [0.3321, 0.3336, 0.3343],
        [0.3279, 0.3338, 0.3383],
        [0.3318, 0.3335, 0.3348],
        [0.3332, 0.3335, 0.3333],
        [0.3302, 0.3344, 0.3354],
        [0.3342, 0.3328, 0.3330],
        [0.3321, 0.3333, 0.3346],
        [0.3324, 0.3336, 0.3340],
        [0.3315, 0.3341, 0.3344],
        [0.3333, 0.3331, 0.3336],
        [0.3308, 0.3337, 0.3355],
        [0.3294, 0.3341, 0.3364],
        [0.3329, 0.3332, 0.3339],
        [0.3317, 0.3340, 0.3343],
        [0.3347, 0.3326, 0.3327],
        [0.3316, 0.3341, 0.3343],
        [0.3299, 0.3334, 0.3367],
        [0.3328, 0.3332, 0.3340],
        [0.3298, 0.3343, 0.3359],
        [0.3316, 0.3333, 0.3351],
        [0.3321, 0.3338, 0.3341],
        [0.3312, 0.3341, 0.3347],
        [0.3339, 0.3324, 0.3337],
        [0.3325, 0.3334, 0.3341],
        [0.3308, 0.3346, 0.3345],
        [0.3329, 0.3336, 0.3335],
        [0.3299, 0.3348, 0.3353],
        [0.3262, 0.3364, 0.3374],
        [0.3327, 0.3337, 0.3337],
        [0.3324, 0.3344, 0.3332],
        [0.2749, 0.3980, 0.3271],
        [0.3316, 0.3342, 0.3342],
        [0.3336, 0.3328, 0.3336],
        [0.3285, 0.3363, 0.3351],
        [0.3331, 0.3333, 0.3336],
        [0.3325, 0.3339, 0.3336],
        [0.3330, 0.3333, 0.3336],
        [0.3333, 0.3334, 0.3333],
        [0.3326, 0.3332, 0.3342],
        [0.3339, 0.3321, 0.3341],
        [0.3307, 0.3352, 0.3341],
        [0.3305, 0.3349, 0.3345],
        [0.3294, 0.3350, 0.3356],
        [0.3318, 0.3340, 0.3342],
        [0.3354, 0.3301, 0.3345],
        [0.3326, 0.3340, 0.3335],
        [0.3275, 0.3354, 0.3370],
        [0.3308, 0.3345, 0.3348],
        [0.3315, 0.3336, 0.3349],
        [0.3336, 0.3331, 0.3333],
        [0.3295, 0.3349, 0.3356],
        [0.3307, 0.3346, 0.3347],
        [0.3300, 0.3338, 0.3362],
        [0.3326, 0.3323, 0.3351],
        [0.3342, 0.3326, 0.3331],
        [0.3320, 0.3334, 0.3346],
        [0.3318, 0.3343, 0.3339],
        [0.3331, 0.3327, 0.3342],
        [0.3301, 0.3345, 0.3354],
        [0.3340, 0.3331, 0.3329],
        [0.3298, 0.3347, 0.3355],
        [0.3326, 0.3326, 0.3348],
        [0.3320, 0.3334, 0.3346],
        [0.3299, 0.3349, 0.3352],
        [0.3336, 0.3324, 0.3340],
        [0.3319, 0.3349, 0.3332],
        [0.3288, 0.3354, 0.3358],
        [0.3311, 0.3339, 0.3349],
        [0.3331, 0.3337, 0.3333],
        [0.3318, 0.3334, 0.3347],
        [0.3302, 0.3333, 0.3365],
        [0.3326, 0.3340, 0.3334],
        [0.3340, 0.3331, 0.3329],
        [0.3328, 0.3329, 0.3343],
        [0.3292, 0.3339, 0.3370],
        [0.3312, 0.3344, 0.3344],
        [0.3332, 0.3334, 0.3334],
        [0.3332, 0.3332, 0.3336],
        [0.3343, 0.3331, 0.3326],
        [0.3312, 0.3340, 0.3348],
        [0.3329, 0.3334, 0.3336],
        [0.3327, 0.3332, 0.3342],
        [0.3319, 0.3336, 0.3345],
        [0.3295, 0.3350, 0.3355],
        [0.3345, 0.3326, 0.3329]], device='cuda:1')
perception attention:tensor([0.5000, 0.5000], device='cuda:1')
Test set results: loss= 0.3256 accuracy= 0.9180 F1_score= 0.9141
