# epoch	loss_train	acc_train	loss_val	acc_val	time	acc_test	f1_test
0001	1.8004	0.1583	1.6828	0.3180	0.1036s	1.6747	0.3330	0.2193
0
0002	1.7020	0.3083	1.5337	0.3680	0.1192s	1.5138	0.3690	0.2563
0
0003	1.5652	0.4000	1.3609	0.4780	0.1218s	1.3372	0.4940	0.4293
0
0004	1.3607	0.5083	1.1679	0.7800	0.1219s	1.1452	0.7860	0.7682
0
0005	1.1398	0.7917	1.0016	0.8680	0.1043s	0.9797	0.8670	0.8596
0
0006	0.9494	0.7917	0.8650	0.8560	0.1245s	0.8424	0.8640	0.8579
0
0007	0.7929	0.8667	0.7381	0.8620	0.1223s	0.7168	0.8690	0.8625
0
0008	0.7257	0.8417	0.6369	0.8940	0.1045s	0.6180	0.8780	0.8709
0
0009	0.6099	0.9000	0.5773	0.8720	0.1145s	0.5590	0.8850	0.8779
0
0010	0.5309	0.9083	0.5279	0.8740	0.1227s	0.5056	0.8790	0.8710
0
0011	0.4536	0.9417	0.4758	0.8840	0.1220s	0.4470	0.8890	0.8813
0
0012	0.4057	0.8917	0.4414	0.8900	0.1218s	0.4083	0.8930	0.8864
0
0013	0.3468	0.9417	0.4204	0.8940	0.1220s	0.3865	0.8970	0.8914
0
0014	0.3410	0.9167	0.4112	0.8920	0.1219s	0.3779	0.9000	0.8952
0
0015	0.3227	0.9333	0.3995	0.8960	0.1224s	0.3649	0.8990	0.8937
0
0016	0.2771	0.9333	0.3892	0.8940	0.1217s	0.3532	0.8990	0.8934
0
0017	0.2463	0.9750	0.3869	0.8980	0.1225s	0.3488	0.9010	0.8954
0
0018	0.2658	0.9667	0.3933	0.8940	0.1218s	0.3530	0.9010	0.8945
0
0019	0.2232	0.9667	0.4040	0.8900	0.1060s	0.3619	0.8950	0.8880
1
0020	0.2350	0.9667	0.4188	0.8940	0.1218s	0.3741	0.8890	0.8817
2
0021	0.1876	0.9917	0.4188	0.8940	0.1218s	0.3736	0.8890	0.8817
3
0022	0.1945	1.0000	0.4088	0.8880	0.1218s	0.3643	0.8940	0.8872
4
0023	0.2096	0.9500	0.3964	0.8960	0.1166s	0.3526	0.8970	0.8907
5
0024	0.1798	0.9750	0.3946	0.8940	0.1228s	0.3509	0.8950	0.8892
6
0025	0.1814	0.9833	0.3949	0.8960	0.1217s	0.3505	0.8950	0.8894
7
0026	0.1754	0.9417	0.3964	0.8960	0.1219s	0.3511	0.8940	0.8882
8
0027	0.1583	0.9833	0.3986	0.8920	0.1201s	0.3524	0.8930	0.8873
9
0028	0.1742	0.9583	0.4021	0.8940	0.1219s	0.3567	0.8860	0.8799
10
0029	0.1927	0.9583	0.4135	0.8900	0.1214s	0.3697	0.8870	0.8808
11
0030	0.1892	0.9833	0.4323	0.8800	0.1220s	0.3882	0.8830	0.8760
12
0031	0.1733	0.9750	0.4547	0.8700	0.1216s	0.4095	0.8810	0.8727
13
0032	0.1978	0.9583	0.4431	0.8740	0.1055s	0.3992	0.8830	0.8745
14
0033	0.1586	0.9667	0.4247	0.8800	0.1045s	0.3818	0.8870	0.8793
15
0034	0.2071	0.9833	0.4117	0.8900	0.1044s	0.3686	0.8920	0.8852
16
0035	0.1640	0.9417	0.4075	0.8940	0.1249s	0.3624	0.8940	0.8876
17
0036	0.1742	0.9917	0.4077	0.8900	0.1216s	0.3611	0.8940	0.8872
18
0037	0.1823	0.9667	0.4080	0.8900	0.1213s	0.3625	0.8930	0.8863
19
0038	0.1804	0.9833	0.4060	0.8940	0.1219s	0.3636	0.8920	0.8856
20
0039	0.1518	0.9833	0.4079	0.8920	0.1145s	0.3686	0.8910	0.8845
21
0040	0.1691	0.9750	0.4122	0.8840	0.1198s	0.3745	0.8890	0.8824
22
0041	0.1519	0.9917	0.4240	0.8800	0.1220s	0.3864	0.8770	0.8688
23
0042	0.1450	0.9750	0.4288	0.8800	0.1221s	0.3918	0.8770	0.8685
24
0043	0.1658	0.9667	0.4251	0.8820	0.1215s	0.3887	0.8830	0.8746
25
0044	0.1717	0.9833	0.4118	0.8920	0.1227s	0.3765	0.8880	0.8813
26
0045	0.1465	0.9833	0.3989	0.8980	0.1213s	0.3644	0.8950	0.8893
27
0046	0.1643	0.9583	0.3853	0.9040	0.1207s	0.3510	0.9000	0.8944
0
0047	0.1774	0.9750	0.3809	0.9040	0.1044s	0.3451	0.8980	0.8919
0
0048	0.1719	0.9417	0.3806	0.9060	0.1046s	0.3446	0.8980	0.8919
0
0049	0.1527	0.9833	0.3834	0.9000	0.1210s	0.3488	0.8940	0.8871
0
0050	0.1636	0.9750	0.3878	0.8980	0.1209s	0.3567	0.8920	0.8852
1
0051	0.1418	1.0000	0.3924	0.8860	0.1053s	0.3638	0.8870	0.8793
2
0052	0.1591	0.9750	0.3896	0.8880	0.1044s	0.3625	0.8870	0.8793
3
0053	0.1902	0.9583	0.3797	0.9000	0.1218s	0.3549	0.8930	0.8866
4
0054	0.1526	0.9917	0.3742	0.9060	0.1046s	0.3505	0.8990	0.8931
0
0055	0.1647	0.9833	0.3707	0.9120	0.1219s	0.3479	0.8990	0.8938
0
0056	0.1697	0.9750	0.3708	0.9080	0.1223s	0.3489	0.8990	0.8939
0
0057	0.1539	0.9833	0.3725	0.9020	0.1222s	0.3510	0.8970	0.8916
1
0058	0.1459	1.0000	0.3764	0.9020	0.1216s	0.3556	0.8960	0.8901
2
0059	0.1559	0.9583	0.3800	0.8980	0.1043s	0.3603	0.8910	0.8844
3
0060	0.1281	0.9833	0.3816	0.8960	0.1215s	0.3624	0.8890	0.8822
4
0061	0.1467	0.9750	0.3820	0.8920	0.1226s	0.3620	0.8880	0.8811
5
0062	0.1623	0.9750	0.3847	0.8920	0.1234s	0.3629	0.8890	0.8818
6
0063	0.1460	0.9833	0.3852	0.8920	0.1253s	0.3609	0.8910	0.8837
7
0064	0.1467	0.9750	0.3849	0.8960	0.1221s	0.3591	0.8940	0.8870
8
0065	0.1662	0.9917	0.3867	0.9000	0.1220s	0.3590	0.8980	0.8916
9
0066	0.1545	0.9667	0.3872	0.9020	0.1219s	0.3584	0.8960	0.8902
10
0067	0.1559	0.9667	0.3855	0.9020	0.1219s	0.3564	0.8960	0.8904
11
0068	0.1576	0.9917	0.3827	0.9080	0.1219s	0.3542	0.8990	0.8937
12
0069	0.1707	0.9667	0.3773	0.9040	0.1221s	0.3492	0.9010	0.8958
13
0070	0.1622	0.9750	0.3724	0.9000	0.1217s	0.3441	0.9040	0.8991
14
0071	0.1261	0.9917	0.3698	0.9020	0.1220s	0.3405	0.9070	0.9023
15
0072	0.1489	0.9833	0.3685	0.9040	0.1192s	0.3378	0.8990	0.8941
0
0073	0.1441	0.9667	0.3696	0.9060	0.1218s	0.3384	0.9020	0.8972
0
0074	0.1579	0.9583	0.3706	0.9060	0.1218s	0.3392	0.9020	0.8970
1
0075	0.1938	0.9500	0.3762	0.9000	0.1219s	0.3464	0.8970	0.8910
2
0076	0.1375	0.9667	0.3874	0.9020	0.1216s	0.3595	0.8910	0.8841
3
0077	0.1440	0.9833	0.3945	0.8900	0.1220s	0.3677	0.8930	0.8865
4
0078	0.1504	1.0000	0.3938	0.8900	0.1219s	0.3678	0.8940	0.8880
5
0079	0.1616	0.9500	0.3850	0.9000	0.1234s	0.3595	0.8950	0.8885
6
0080	0.1439	0.9833	0.3771	0.9040	0.1217s	0.3523	0.8990	0.8937
7
0081	0.1676	0.9833	0.3721	0.9020	0.1223s	0.3475	0.9010	0.8959
8
0082	0.1536	0.9583	0.3713	0.9020	0.1231s	0.3459	0.9030	0.8980
9
0083	0.1444	0.9917	0.3706	0.9020	0.1229s	0.3427	0.9030	0.8981
10
0084	0.1390	0.9917	0.3712	0.9020	0.1220s	0.3408	0.9010	0.8958
11
0085	0.1462	0.9917	0.3737	0.9040	0.1223s	0.3427	0.9030	0.8977
12
0086	0.1368	0.9917	0.3814	0.9040	0.1263s	0.3497	0.8990	0.8930
13
0087	0.1468	0.9750	0.3915	0.9000	0.1220s	0.3592	0.8960	0.8896
14
0088	0.1317	0.9833	0.3991	0.8980	0.1227s	0.3671	0.8950	0.8884
15
0089	0.1510	0.9917	0.4008	0.8940	0.1224s	0.3694	0.8970	0.8906
16
0090	0.1560	1.0000	0.3968	0.8960	0.1230s	0.3659	0.8990	0.8931
17
0091	0.1414	0.9750	0.3940	0.8960	0.1225s	0.3616	0.8990	0.8931
18
0092	0.1316	0.9833	0.3895	0.9000	0.1229s	0.3562	0.9010	0.8952
19
0093	0.1441	0.9833	0.3820	0.9020	0.1219s	0.3491	0.8990	0.8931
20
0094	0.1218	0.9833	0.3778	0.9040	0.1232s	0.3458	0.9000	0.8941
21
0095	0.1444	0.9917	0.3775	0.9020	0.1218s	0.3468	0.9010	0.8953
22
0096	0.1544	0.9917	0.3769	0.9020	0.1244s	0.3471	0.9030	0.8974
23
0097	0.1350	0.9833	0.3742	0.9020	0.1223s	0.3434	0.9040	0.8985
24
0098	0.1455	0.9583	0.3715	0.9060	0.1221s	0.3383	0.9060	0.9011
25
0099	0.1516	0.9833	0.3733	0.9080	0.1219s	0.3385	0.9050	0.8999
26
0100	0.1381	0.9917	0.3765	0.9060	0.1217s	0.3415	0.9050	0.9001
27
0101	0.1353	0.9917	0.3785	0.9040	0.1232s	0.3444	0.9020	0.8968
28
0102	0.1538	0.9917	0.3796	0.9040	0.1218s	0.3463	0.9030	0.8976
29
0103	0.1257	1.0000	0.3809	0.9020	0.1230s	0.3491	0.9010	0.8957
30
0104	0.1398	0.9833	0.3833	0.8960	0.1223s	0.3537	0.8990	0.8929
31
0105	0.1387	1.0000	0.3848	0.8960	0.1233s	0.3558	0.8950	0.8893
32
0106	0.1258	0.9917	0.3859	0.8960	0.1221s	0.3570	0.8950	0.8899
33
0107	0.1469	0.9917	0.3831	0.9000	0.1233s	0.3566	0.8910	0.8858
34
0108	0.1447	0.9833	0.3804	0.8980	0.1225s	0.3555	0.8960	0.8908
35
0109	0.1255	1.0000	0.3784	0.8980	0.1233s	0.3554	0.9000	0.8949
36
0110	0.1689	0.9750	0.3763	0.8980	0.1220s	0.3549	0.9030	0.8979
37
0111	0.1541	0.9667	0.3775	0.9000	0.1267s	0.3567	0.8990	0.8938
38
0112	0.1465	0.9500	0.3765	0.9060	0.1218s	0.3539	0.8990	0.8939
39
0113	0.1265	0.9833	0.3744	0.9080	0.1221s	0.3492	0.9070	0.9023
40
0114	0.1546	0.9750	0.3767	0.8980	0.1222s	0.3500	0.9060	0.9010
41
0115	0.1327	0.9750	0.3832	0.8960	0.1218s	0.3549	0.9060	0.9006
42
0116	0.1297	0.9750	0.3959	0.8940	0.1220s	0.3669	0.8950	0.8887
43
0117	0.1565	0.9583	0.4071	0.8900	0.1242s	0.3770	0.8900	0.8835
44
0118	0.1044	0.9917	0.4085	0.8880	0.1220s	0.3785	0.8880	0.8817
45
0119	0.1443	0.9750	0.4046	0.8960	0.1218s	0.3754	0.8940	0.8878
46
0120	0.1437	0.9917	0.3938	0.8980	0.1229s	0.3669	0.9020	0.8964
47
0121	0.1430	0.9750	0.3867	0.9000	0.1221s	0.3635	0.9010	0.8955
48
0122	0.1169	0.9833	0.3861	0.9020	0.1135s	0.3662	0.8970	0.8911
49
0123	0.1451	1.0000	0.3865	0.9000	0.1236s	0.3691	0.8960	0.8903
50
0124	0.1392	1.0000	0.3838	0.9000	0.1060s	0.3668	0.9000	0.8947
51
0125	0.1457	0.9917	0.3795	0.9020	0.1195s	0.3608	0.8970	0.8917
52
0126	0.1388	0.9917	0.3805	0.8980	0.1220s	0.3590	0.9060	0.9006
53
0127	0.1409	0.9667	0.3890	0.8920	0.1227s	0.3658	0.9030	0.8974
54
0128	0.1579	0.9667	0.3979	0.8920	0.1221s	0.3726	0.9000	0.8938
55
0129	0.1493	0.9583	0.3982	0.8920	0.1244s	0.3726	0.9000	0.8938
56
0130	0.1595	0.9833	0.3945	0.8920	0.1219s	0.3694	0.9010	0.8951
57
0131	0.1517	1.0000	0.3884	0.8980	0.1218s	0.3650	0.9030	0.8973
58
0132	0.1408	0.9917	0.3808	0.9060	0.1222s	0.3584	0.9060	0.9008
59
0133	0.1475	0.9917	0.3746	0.9080	0.1236s	0.3526	0.9070	0.9023
60
0134	0.1338	0.9500	0.3737	0.9040	0.1220s	0.3529	0.9070	0.9024
61
0135	0.1414	0.9750	0.3768	0.9000	0.1212s	0.3578	0.9080	0.9033
62
0136	0.1352	0.9917	0.3850	0.8940	0.1229s	0.3651	0.9020	0.8971
63
0137	0.1732	0.9750	0.3928	0.8940	0.1220s	0.3710	0.8990	0.8939
64
0138	0.1509	0.9667	0.3943	0.8960	0.1221s	0.3696	0.9010	0.8956
65
0139	0.1369	0.9833	0.3889	0.8960	0.1232s	0.3636	0.9040	0.8986
66
0140	0.1204	0.9750	0.3838	0.8960	0.1224s	0.3590	0.9060	0.9008
67
0141	0.1435	0.9833	0.3796	0.8940	0.1219s	0.3571	0.9080	0.9028
68
0142	0.1364	0.9667	0.3815	0.8920	0.1229s	0.3601	0.9050	0.8998
69
0143	0.1379	0.9833	0.3830	0.8900	0.1220s	0.3631	0.9030	0.8976
70
0144	0.1455	0.9917	0.3791	0.8920	0.1222s	0.3602	0.9030	0.8976
71
0145	0.1375	0.9500	0.3799	0.8900	0.1236s	0.3607	0.9030	0.8977
72
0146	0.1396	0.9833	0.3802	0.8880	0.1220s	0.3608	0.9030	0.8977
73
0147	0.1256	0.9750	0.3790	0.8960	0.1215s	0.3570	0.9060	0.9009
74
0148	0.1215	0.9917	0.3785	0.8940	0.1259s	0.3533	0.9040	0.8990
75
0149	0.1541	0.9667	0.3804	0.8980	0.1222s	0.3511	0.9040	0.8991
76
0150	0.1447	0.9667	0.3807	0.9020	0.1217s	0.3502	0.9090	0.9043
77
0151	0.1319	0.9833	0.3795	0.9000	0.1221s	0.3497	0.9120	0.9074
78
0152	0.1534	1.0000	0.3785	0.8980	0.1230s	0.3507	0.9080	0.9032
79
0153	0.1251	0.9833	0.3784	0.8920	0.1225s	0.3521	0.9060	0.9011
80
0154	0.1560	0.9833	0.3802	0.8860	0.1213s	0.3546	0.9030	0.8974
81
0155	0.1307	0.9750	0.3800	0.8920	0.1219s	0.3544	0.9050	0.8993
82
0156	0.1474	0.9667	0.3841	0.8920	0.1247s	0.3582	0.9020	0.8960
83
0157	0.1367	0.9667	0.3915	0.8900	0.1220s	0.3659	0.9000	0.8936
84
0158	0.1287	1.0000	0.3917	0.8900	0.1221s	0.3658	0.9010	0.8944
85
0159	0.1222	0.9833	0.3886	0.8880	0.1221s	0.3621	0.9070	0.9016
86
0160	0.1251	0.9917	0.3839	0.8960	0.1226s	0.3571	0.9070	0.9018
87
0161	0.1200	0.9917	0.3764	0.8980	0.1228s	0.3493	0.9090	0.9040
88
0162	0.1334	0.9667	0.3752	0.8980	0.1221s	0.3473	0.9080	0.9032
89
0163	0.1325	0.9833	0.3737	0.9000	0.1222s	0.3469	0.9090	0.9043
90
0164	0.1466	0.9417	0.3774	0.8960	0.1220s	0.3508	0.9100	0.9051
91
0165	0.1278	0.9833	0.3888	0.8900	0.1217s	0.3629	0.9020	0.8966
92
0166	0.1428	0.9750	0.4009	0.8840	0.1231s	0.3749	0.8960	0.8896
93
0167	0.1446	0.9750	0.4000	0.8880	0.1222s	0.3740	0.8980	0.8919
94
0168	0.1549	0.9500	0.3854	0.8880	0.1221s	0.3591	0.9010	0.8954
95
0169	0.1524	0.9667	0.3742	0.8980	0.1222s	0.3467	0.9060	0.9011
96
0170	0.1519	0.9750	0.3694	0.8980	0.1222s	0.3411	0.9060	0.9011
97
0171	0.1261	0.9750	0.3667	0.9020	0.1226s	0.3383	0.9070	0.9022
98
0172	0.1232	1.0000	0.3651	0.9040	0.1193s	0.3367	0.9090	0.9042
0
0173	0.1433	0.9667	0.3684	0.9020	0.1222s	0.3408	0.9070	0.9020
0
0174	0.1498	0.9917	0.3786	0.8980	0.1249s	0.3526	0.9060	0.9009
1
0175	0.1565	0.9750	0.3909	0.8880	0.1220s	0.3674	0.8990	0.8940
2
0176	0.1361	0.9750	0.3907	0.8860	0.1222s	0.3706	0.8970	0.8918
3
0177	0.1421	1.0000	0.3861	0.8920	0.1222s	0.3677	0.8980	0.8922
4
0178	0.1379	0.9917	0.3791	0.8940	0.1216s	0.3586	0.9010	0.8958
5
0179	0.1290	0.9667	0.3746	0.8920	0.1218s	0.3503	0.9010	0.8961
6
0180	0.1509	0.9583	0.3724	0.9000	0.1237s	0.3437	0.9090	0.9046
7
0181	0.1572	0.9833	0.3755	0.9020	0.1215s	0.3421	0.9090	0.9043
8
0182	0.1438	0.9917	0.3826	0.8980	0.1218s	0.3450	0.9030	0.8977
9
0183	0.1519	0.9667	0.3854	0.8960	0.1222s	0.3465	0.9060	0.9005
10
0184	0.1572	0.9667	0.3855	0.9000	0.1216s	0.3473	0.9080	0.9026
11
0185	0.1304	0.9833	0.3855	0.8980	0.1234s	0.3490	0.9040	0.8983
12
0186	0.1318	0.9750	0.3867	0.9000	0.1218s	0.3521	0.9030	0.8973
13
0187	0.1297	0.9833	0.3881	0.8900	0.1223s	0.3551	0.9040	0.8983
14
0188	0.1390	0.9750	0.3838	0.8900	0.1218s	0.3514	0.9030	0.8975
15
0189	0.1303	0.9833	0.3799	0.8940	0.1044s	0.3461	0.9070	0.9021
16
0190	0.1508	0.9833	0.3790	0.8980	0.1230s	0.3419	0.9080	0.9032
17
0191	0.1383	0.9750	0.3810	0.8980	0.1227s	0.3414	0.9070	0.9023
18
0192	0.1251	0.9833	0.3818	0.8960	0.1224s	0.3411	0.9080	0.9034
19
0193	0.1434	0.9833	0.3843	0.8980	0.1216s	0.3434	0.9050	0.8999
20
0194	0.1426	0.9917	0.3870	0.8980	0.1218s	0.3480	0.9040	0.8987
21
0195	0.1330	0.9750	0.3875	0.8980	0.1224s	0.3505	0.9050	0.8996
22
0196	0.1377	0.9750	0.3893	0.8960	0.1216s	0.3549	0.9030	0.8974
23
0197	0.1401	0.9833	0.3905	0.8960	0.1223s	0.3585	0.9030	0.8974
24
0198	0.1412	0.9833	0.3860	0.8960	0.1215s	0.3567	0.9030	0.8974
25
0199	0.1452	0.9917	0.3800	0.8960	0.1226s	0.3539	0.9040	0.8988
26
0200	0.1285	0.9917	0.3778	0.8940	0.1226s	0.3526	0.9080	0.9032
27
0201	0.1472	0.9833	0.3798	0.8960	0.1212s	0.3547	0.9080	0.9032
28
0202	0.1268	0.9917	0.3845	0.8960	0.1221s	0.3584	0.9050	0.9001
29
0203	0.1281	0.9917	0.3933	0.8900	0.1221s	0.3674	0.8990	0.8937
30
0204	0.1233	0.9917	0.4018	0.8880	0.1222s	0.3759	0.8960	0.8905
31
0205	0.1531	1.0000	0.4025	0.8860	0.1220s	0.3775	0.8940	0.8883
32
0206	0.1441	0.9667	0.3970	0.8920	0.1215s	0.3727	0.9010	0.8955
33
0207	0.1387	0.9833	0.3953	0.8960	0.1213s	0.3714	0.9080	0.9027
34
0208	0.1280	1.0000	0.3933	0.8900	0.1043s	0.3702	0.9070	0.9017
35
0209	0.1412	0.9833	0.3878	0.8940	0.1222s	0.3664	0.9050	0.9000
36
0210	0.1532	0.9667	0.3847	0.8980	0.1223s	0.3638	0.9080	0.9031
37
0211	0.1382	0.9917	0.3852	0.8980	0.1214s	0.3664	0.9050	0.9002
38
0212	0.1439	0.9750	0.3894	0.8900	0.1219s	0.3726	0.9030	0.8981
39
0213	0.1125	0.9917	0.3982	0.8840	0.1224s	0.3810	0.8930	0.8880
40
0214	0.1470	0.9833	0.3998	0.8840	0.1218s	0.3796	0.8930	0.8881
41
0215	0.1456	0.9667	0.3985	0.8880	0.1216s	0.3740	0.8970	0.8921
42
0216	0.1297	0.9750	0.4007	0.8940	0.1215s	0.3710	0.8940	0.8885
43
0217	0.1311	0.9833	0.4007	0.8940	0.1220s	0.3671	0.8970	0.8912
44
0218	0.1340	0.9917	0.3940	0.8940	0.1224s	0.3594	0.9070	0.9018
45
0219	0.1279	1.0000	0.3867	0.8980	0.1217s	0.3536	0.9040	0.8983
46
0220	0.1247	0.9917	0.3787	0.9060	0.1219s	0.3473	0.9100	0.9047
47
0221	0.1411	0.9833	0.3748	0.9040	0.1220s	0.3441	0.9110	0.9063
48
0222	0.1353	0.9833	0.3720	0.9080	0.1220s	0.3404	0.9100	0.9053
49
0223	0.1590	0.9833	0.3727	0.9100	0.1222s	0.3404	0.9100	0.9048
50
0224	0.1444	0.9750	0.3774	0.9020	0.1220s	0.3445	0.9050	0.8999
51
0225	0.1389	0.9833	0.3900	0.8980	0.1225s	0.3536	0.8980	0.8933
52
0226	0.1289	0.9750	0.3999	0.8860	0.1216s	0.3611	0.8900	0.8844
53
0227	0.1535	0.9750	0.4014	0.8940	0.1223s	0.3624	0.8880	0.8821
54
0228	0.1266	1.0000	0.3941	0.9020	0.1219s	0.3544	0.8960	0.8907
55
0229	0.1458	0.9917	0.3857	0.9040	0.1246s	0.3452	0.8990	0.8934
56
0230	0.1261	0.9833	0.3795	0.9020	0.1221s	0.3401	0.9050	0.8993
57
0231	0.1441	0.9667	0.3790	0.8960	0.1261s	0.3416	0.9040	0.8981
58
0232	0.1394	1.0000	0.3834	0.8940	0.1218s	0.3472	0.9030	0.8975
59
0233	0.1307	0.9833	0.3924	0.8920	0.1225s	0.3574	0.8980	0.8921
60
0234	0.1263	0.9833	0.3975	0.8920	0.1214s	0.3644	0.8980	0.8921
61
0235	0.1329	0.9833	0.4025	0.8820	0.1217s	0.3714	0.8960	0.8892
62
0236	0.1440	0.9750	0.4037	0.8720	0.1222s	0.3750	0.8880	0.8811
63
0237	0.1447	0.9917	0.4016	0.8800	0.1222s	0.3734	0.8860	0.8803
64
0238	0.1437	0.9833	0.3942	0.8800	0.1220s	0.3659	0.8890	0.8834
65
0239	0.1396	0.9583	0.3868	0.8860	0.1217s	0.3571	0.8940	0.8889
66
0240	0.1460	0.9833	0.3734	0.9000	0.1218s	0.3428	0.9020	0.8972
67
0241	0.1423	0.9917	0.3676	0.9000	0.1218s	0.3351	0.9070	0.9015
68
0242	0.1246	0.9667	0.3687	0.9000	0.1218s	0.3360	0.9070	0.9017
69
0243	0.1446	0.9833	0.3733	0.9020	0.1219s	0.3407	0.9050	0.8998
70
0244	0.1334	0.9917	0.3869	0.8960	0.1236s	0.3526	0.9040	0.8981
71
0245	0.1397	0.9833	0.3920	0.8960	0.1215s	0.3582	0.9040	0.8981
72
0246	0.1280	0.9667	0.3882	0.8960	0.1216s	0.3559	0.9040	0.8979
73
0247	0.1405	0.9750	0.3809	0.8980	0.1225s	0.3505	0.9070	0.9015
74
0248	0.1241	0.9917	0.3743	0.9000	0.1220s	0.3456	0.9020	0.8963
75
0249	0.1387	0.9917	0.3673	0.9020	0.1223s	0.3406	0.9060	0.9010
76
0250	0.1404	1.0000	0.3633	0.9020	0.1219s	0.3385	0.9090	0.9044
77
0251	0.1591	0.9583	0.3624	0.9040	0.1234s	0.3371	0.9110	0.9064
0
0252	0.1321	0.9667	0.3639	0.9040	0.1220s	0.3386	0.9090	0.9044
0
0253	0.1477	0.9833	0.3712	0.8960	0.1245s	0.3451	0.9060	0.9009
1
0254	0.1301	0.9917	0.3855	0.8940	0.1219s	0.3594	0.9040	0.8986
2
0255	0.1432	0.9917	0.4036	0.8920	0.1219s	0.3744	0.8950	0.8888
3
0256	0.1340	0.9750	0.4146	0.8800	0.1222s	0.3833	0.8910	0.8841
4
0257	0.1402	0.9917	0.4105	0.8860	0.1217s	0.3812	0.8920	0.8851
5
0258	0.1320	0.9667	0.3946	0.8900	0.1219s	0.3677	0.9030	0.8974
6
0259	0.1221	0.9833	0.3822	0.8960	0.1215s	0.3555	0.9060	0.9004
7
0260	0.1212	1.0000	0.3749	0.9000	0.1219s	0.3475	0.9070	0.9020
8
0261	0.1434	0.9750	0.3715	0.9000	0.1220s	0.3422	0.9080	0.9034
9
0262	0.1325	0.9917	0.3733	0.9000	0.1220s	0.3427	0.9090	0.9045
10
0263	0.1296	0.9833	0.3792	0.8980	0.1218s	0.3465	0.9060	0.9010
11
0264	0.1270	1.0000	0.3880	0.8940	0.1215s	0.3549	0.9060	0.9009
12
0265	0.1299	0.9917	0.3995	0.8920	0.1222s	0.3659	0.8990	0.8927
13
0266	0.1371	0.9833	0.4058	0.8900	0.1229s	0.3711	0.8970	0.8905
14
0267	0.1297	0.9750	0.4054	0.8920	0.1223s	0.3711	0.8980	0.8914
15
0268	0.1540	0.9667	0.4000	0.8940	0.1223s	0.3648	0.9000	0.8938
16
0269	0.1483	0.9667	0.3946	0.8940	0.1244s	0.3576	0.9060	0.9004
17
0270	0.1117	0.9667	0.3906	0.8980	0.1217s	0.3522	0.9070	0.9016
18
0271	0.1395	0.9917	0.3875	0.8940	0.1221s	0.3469	0.9100	0.9052
19
0272	0.1334	0.9750	0.3849	0.9000	0.1222s	0.3438	0.9110	0.9065
20
0273	0.1453	1.0000	0.3861	0.8940	0.1053s	0.3466	0.9060	0.9012
21
0274	0.1110	0.9917	0.3863	0.8980	0.1261s	0.3489	0.9050	0.9002
22
0275	0.1374	0.9917	0.3883	0.8980	0.1214s	0.3548	0.9040	0.8991
23
0276	0.1188	0.9833	0.3919	0.9020	0.1221s	0.3621	0.9060	0.9009
24
0277	0.1160	0.9917	0.3940	0.9000	0.1222s	0.3665	0.9030	0.8981
25
0278	0.1563	0.9500	0.3920	0.9020	0.1222s	0.3660	0.9030	0.8978
26
0279	0.1195	0.9917	0.3846	0.9140	0.1219s	0.3579	0.9020	0.8969
27
0280	0.1459	0.9583	0.3803	0.9060	0.1215s	0.3504	0.9080	0.9036
0
0281	0.1304	0.9833	0.3842	0.9020	0.1219s	0.3505	0.9060	0.9010
1
0282	0.1314	0.9833	0.3926	0.9000	0.1218s	0.3580	0.9010	0.8958
2
0283	0.1364	0.9667	0.3967	0.9000	0.1221s	0.3622	0.8990	0.8936
3
0284	0.1543	0.9833	0.3905	0.8980	0.1218s	0.3568	0.9050	0.9000
4
0285	0.1217	0.9917	0.3823	0.9020	0.1222s	0.3515	0.9100	0.9049
5
0286	0.1321	1.0000	0.3753	0.9060	0.1075s	0.3474	0.9110	0.9060
6
0287	0.1432	0.9917	0.3731	0.9040	0.1191s	0.3476	0.9080	0.9033
7
0288	0.1272	0.9583	0.3737	0.9080	0.1218s	0.3489	0.9090	0.9046
8
0289	0.1395	0.9917	0.3748	0.9080	0.1222s	0.3487	0.9050	0.9005
9
0290	0.1472	0.9750	0.3774	0.8980	0.1218s	0.3489	0.9040	0.8995
10
0291	0.1336	0.9833	0.3802	0.8920	0.1220s	0.3501	0.9030	0.8982
11
0292	0.1236	0.9750	0.3829	0.8940	0.1221s	0.3518	0.9020	0.8971
12
0293	0.1385	0.9917	0.3867	0.8920	0.1220s	0.3551	0.8990	0.8936
13
0294	0.1253	0.9917	0.3846	0.8900	0.1220s	0.3531	0.9010	0.8957
14
0295	0.1240	0.9750	0.3797	0.8920	0.1222s	0.3480	0.9030	0.8977
15
0296	0.1206	0.9750	0.3737	0.8940	0.1220s	0.3421	0.9100	0.9053
16
0297	0.1371	0.9833	0.3703	0.8960	0.1226s	0.3394	0.9100	0.9056
17
0298	0.1471	0.9750	0.3709	0.9000	0.1223s	0.3391	0.9080	0.9038
18
0299	0.1480	0.9750	0.3792	0.9000	0.1219s	0.3458	0.9060	0.9019
19
0300	0.1366	0.9500	0.3864	0.8980	0.1215s	0.3524	0.9080	0.9039
20
0301	0.1335	0.9667	0.3866	0.9000	0.1044s	0.3543	0.9030	0.8985
21
0302	0.1439	0.9833	0.3777	0.9020	0.1217s	0.3488	0.9060	0.9015
22
0303	0.1338	1.0000	0.3716	0.9020	0.1219s	0.3455	0.9060	0.9013
23
0304	0.1330	0.9750	0.3734	0.9040	0.1219s	0.3504	0.9060	0.9008
24
0305	0.1268	0.9833	0.3767	0.9000	0.1217s	0.3545	0.9010	0.8956
25
0306	0.1246	0.9583	0.3819	0.8980	0.1218s	0.3592	0.9010	0.8960
26
0307	0.1242	0.9750	0.3839	0.8980	0.1224s	0.3591	0.8980	0.8927
27
0308	0.1355	0.9917	0.3806	0.9000	0.1223s	0.3544	0.9000	0.8946
28
0309	0.1290	0.9917	0.3784	0.9000	0.1224s	0.3503	0.9030	0.8974
29
0310	0.1226	0.9750	0.3864	0.9020	0.1220s	0.3543	0.9030	0.8976
30
0311	0.1475	0.9750	0.3956	0.9000	0.1222s	0.3595	0.8960	0.8904
31
0312	0.1291	0.9583	0.3957	0.8960	0.1228s	0.3585	0.8950	0.8896
32
0313	0.1328	0.9917	0.3905	0.9000	0.1218s	0.3534	0.8990	0.8938
33
0314	0.1355	0.9667	0.3813	0.9060	0.1218s	0.3465	0.9040	0.8986
34
0315	0.1095	0.9917	0.3819	0.9020	0.1218s	0.3479	0.9000	0.8944
35
0316	0.1247	0.9583	0.3851	0.8960	0.1228s	0.3532	0.8990	0.8937
36
0317	0.1323	0.9833	0.3926	0.8960	0.1038s	0.3622	0.8950	0.8893
37
0318	0.1228	0.9667	0.3998	0.8900	0.1221s	0.3700	0.8920	0.8859
38
0319	0.1364	0.9750	0.3988	0.8940	0.1210s	0.3722	0.8910	0.8843
39
0320	0.1332	0.9917	0.3913	0.8980	0.1173s	0.3670	0.8940	0.8876
40
0321	0.1354	0.9833	0.3812	0.9000	0.1220s	0.3575	0.8960	0.8896
41
0322	0.1453	0.9750	0.3733	0.9020	0.1214s	0.3474	0.9050	0.8999
42
0323	0.1297	0.9667	0.3707	0.9020	0.1226s	0.3422	0.9100	0.9056
43
0324	0.1414	0.9917	0.3772	0.9000	0.1223s	0.3456	0.9060	0.9011
44
0325	0.1200	0.9667	0.3868	0.8960	0.1221s	0.3535	0.9010	0.8955
45
0326	0.1301	0.9667	0.3935	0.8980	0.1218s	0.3613	0.8990	0.8930
46
0327	0.1185	0.9917	0.4010	0.9000	0.1219s	0.3712	0.8980	0.8922
47
0328	0.1322	0.9750	0.4058	0.8980	0.1229s	0.3784	0.8920	0.8854
48
0329	0.1371	0.9750	0.4025	0.9000	0.1220s	0.3779	0.8940	0.8878
49
0330	0.1305	0.9917	0.3900	0.8980	0.1221s	0.3678	0.8990	0.8931
50
0331	0.1394	0.9750	0.3823	0.8980	0.1221s	0.3621	0.9040	0.8985
51
0332	0.1507	0.9917	0.3779	0.9020	0.1223s	0.3557	0.9110	0.9064
52
0333	0.1263	0.9833	0.3775	0.9040	0.1220s	0.3517	0.9120	0.9077
53
0334	0.1281	0.9750	0.3808	0.9020	0.1217s	0.3522	0.9130	0.9083
54
0335	0.1335	0.9750	0.3855	0.9020	0.1216s	0.3566	0.9040	0.8985
55
0336	0.1419	0.9667	0.3924	0.9000	0.1220s	0.3647	0.9010	0.8953
56
0337	0.1435	0.9500	0.4044	0.8940	0.1222s	0.3777	0.8980	0.8918
57
0338	0.1343	0.9833	0.4150	0.8920	0.1218s	0.3882	0.8910	0.8848
58
0339	0.1330	1.0000	0.4139	0.8940	0.1218s	0.3875	0.8880	0.8821
59
0340	0.1190	0.9750	0.4074	0.8980	0.1249s	0.3812	0.8910	0.8853
60
0341	0.1137	0.9917	0.3969	0.9000	0.1218s	0.3715	0.8970	0.8914
61
0342	0.1270	0.9750	0.3905	0.9020	0.1242s	0.3648	0.8990	0.8935
62
0343	0.1333	0.9917	0.3845	0.9040	0.1045s	0.3580	0.9050	0.8999
63
0344	0.1265	0.9667	0.3814	0.9000	0.1220s	0.3546	0.9040	0.8990
64
0345	0.1367	0.9917	0.3805	0.9040	0.1220s	0.3556	0.9060	0.9009
65
0346	0.1320	0.9833	0.3839	0.9020	0.1215s	0.3602	0.9010	0.8955
66
0347	0.1278	0.9917	0.3856	0.9020	0.1220s	0.3644	0.9030	0.8976
67
0348	0.1411	1.0000	0.3880	0.8980	0.1217s	0.3691	0.9010	0.8956
68
0349	0.1228	0.9917	0.3869	0.9000	0.1219s	0.3704	0.9010	0.8955
69
0350	0.1495	0.9917	0.3846	0.9000	0.1221s	0.3709	0.8990	0.8937
70
0351	0.1342	0.9833	0.3826	0.9020	0.1216s	0.3713	0.8990	0.8936
71
0352	0.1532	0.9750	0.3804	0.8980	0.1228s	0.3705	0.9010	0.8956
72
0353	0.1401	0.9667	0.3815	0.8980	0.1217s	0.3721	0.9000	0.8947
73
0354	0.1361	0.9833	0.3824	0.9000	0.1215s	0.3731	0.8980	0.8926
74
0355	0.1210	0.9917	0.3801	0.8980	0.1223s	0.3705	0.8990	0.8934
75
0356	0.1233	0.9583	0.3793	0.8960	0.1221s	0.3693	0.8990	0.8933
76
0357	0.1409	0.9833	0.3775	0.8960	0.1221s	0.3644	0.9000	0.8940
77
0358	0.1185	0.9917	0.3806	0.8880	0.1251s	0.3624	0.9020	0.8969
78
0359	0.1229	0.9750	0.3848	0.8880	0.1222s	0.3613	0.9030	0.8979
79
0360	0.1455	0.9667	0.3866	0.8880	0.1130s	0.3592	0.9010	0.8956
80
0361	0.1331	0.9750	0.3900	0.8920	0.1222s	0.3620	0.9000	0.8943
81
0362	0.1505	1.0000	0.3868	0.8880	0.1251s	0.3604	0.8980	0.8921
82
0363	0.1457	0.9667	0.3828	0.8900	0.1218s	0.3586	0.9010	0.8954
83
0364	0.1196	0.9833	0.3814	0.8960	0.1234s	0.3582	0.8980	0.8923
84
0365	0.1320	0.9833	0.3838	0.8960	0.1219s	0.3600	0.8990	0.8935
85
0366	0.1363	0.9750	0.3862	0.8900	0.1222s	0.3618	0.9000	0.8946
86
0367	0.1308	0.9583	0.3828	0.8920	0.1227s	0.3581	0.9010	0.8958
87
0368	0.1451	0.9750	0.3772	0.8960	0.1217s	0.3513	0.9020	0.8970
88
0369	0.1316	1.0000	0.3743	0.8940	0.1219s	0.3476	0.9010	0.8958
89
0370	0.1237	0.9833	0.3762	0.8940	0.1222s	0.3494	0.8970	0.8915
90
0371	0.1149	1.0000	0.3792	0.8920	0.1221s	0.3524	0.8980	0.8928
91
0372	0.1499	0.9667	0.3786	0.8920	0.1223s	0.3510	0.9010	0.8955
92
0373	0.1286	0.9750	0.3784	0.8920	0.1221s	0.3496	0.8990	0.8935
93
0374	0.1240	1.0000	0.3785	0.8940	0.1221s	0.3495	0.8990	0.8935
94
0375	0.1245	0.9750	0.3757	0.8940	0.1223s	0.3469	0.9030	0.8981
95
0376	0.1236	0.9917	0.3736	0.9000	0.1234s	0.3455	0.9040	0.8992
96
0377	0.1320	0.9833	0.3707	0.9000	0.1223s	0.3443	0.9090	0.9044
97
0378	0.1166	0.9833	0.3671	0.9040	0.1208s	0.3423	0.9110	0.9065
98
0379	0.1329	0.9833	0.3638	0.9040	0.1224s	0.3397	0.9110	0.9067
99
0380	0.1273	0.9750	0.3642	0.9000	0.1222s	0.3395	0.9030	0.8982
100
0381	0.1208	0.9917	0.3669	0.8980	0.1223s	0.3414	0.9000	0.8952
101
0382	0.1307	0.9750	0.3741	0.8900	0.1216s	0.3480	0.8990	0.8942
102
0383	0.1215	0.9667	0.3779	0.8860	0.1246s	0.3514	0.9020	0.8970
103
0384	0.1157	0.9750	0.3791	0.8860	0.1221s	0.3517	0.9000	0.8944
104
0385	0.1505	0.9833	0.3762	0.8940	0.1221s	0.3500	0.9020	0.8964
105
0386	0.1255	0.9750	0.3746	0.8960	0.1224s	0.3490	0.9040	0.8988
106
0387	0.1474	0.9750	0.3776	0.8960	0.1220s	0.3519	0.9080	0.9024
107
0388	0.1393	0.9750	0.3808	0.8920	0.1219s	0.3537	0.9080	0.9028
108
0389	0.1284	0.9833	0.3773	0.9020	0.1222s	0.3487	0.9080	0.9028
109
0390	0.1375	0.9833	0.3715	0.8960	0.1222s	0.3407	0.9150	0.9108
110
0391	0.1124	0.9833	0.3708	0.8980	0.1223s	0.3377	0.9090	0.9042
111
0392	0.1231	0.9833	0.3782	0.8940	0.1223s	0.3441	0.9040	0.8988
112
0393	0.1335	0.9917	0.3877	0.8900	0.1226s	0.3522	0.8970	0.8916
113
0394	0.1458	0.9833	0.3973	0.8800	0.1222s	0.3611	0.8960	0.8905
114
0395	0.1272	0.9667	0.4061	0.8880	0.1220s	0.3708	0.8930	0.8874
115
0396	0.1313	0.9833	0.4094	0.8840	0.1221s	0.3745	0.8900	0.8843
116
0397	0.1457	0.9417	0.4011	0.8840	0.1223s	0.3669	0.8960	0.8904
117
0398	0.1411	0.9917	0.3941	0.8880	0.1219s	0.3587	0.9020	0.8968
118
0399	0.1356	0.9833	0.3844	0.8980	0.1218s	0.3465	0.9080	0.9033
119
0400	0.1292	0.9750	0.3820	0.8960	0.1223s	0.3411	0.9090	0.9044
120
0401	0.1334	0.9917	0.3830	0.8980	0.1216s	0.3402	0.9090	0.9043
121
0402	0.1354	0.9750	0.3879	0.8960	0.1224s	0.3455	0.9050	0.9001
122
0403	0.1448	0.9833	0.3993	0.8920	0.1222s	0.3588	0.9030	0.8975
123
0404	0.1104	0.9750	0.4123	0.8920	0.1218s	0.3738	0.9040	0.8982
124
0405	0.1312	0.9750	0.4245	0.8780	0.1220s	0.3871	0.8930	0.8872
125
0406	0.1410	0.9750	0.4243	0.8780	0.1216s	0.3883	0.8920	0.8855
126
0407	0.1347	0.9583	0.4150	0.8820	0.1216s	0.3804	0.8960	0.8902
127
0408	0.1300	0.9750	0.4000	0.8900	0.1226s	0.3659	0.9000	0.8944
128
0409	0.1408	0.9750	0.3909	0.8960	0.1223s	0.3552	0.9050	0.8998
129
0410	0.1379	0.9833	0.3893	0.8960	0.1225s	0.3507	0.9040	0.8994
130
0411	0.1346	0.9833	0.3903	0.8940	0.1220s	0.3497	0.9050	0.9007
131
0412	0.1278	0.9750	0.3868	0.9000	0.1217s	0.3460	0.9070	0.9026
132
0413	0.1235	0.9667	0.3826	0.9020	0.1220s	0.3414	0.9110	0.9065
133
0414	0.1328	0.9833	0.3807	0.9020	0.1220s	0.3406	0.9110	0.9060
134
0415	0.1247	0.9833	0.3911	0.8940	0.1222s	0.3506	0.9040	0.8982
135
0416	0.1323	0.9917	0.4044	0.8880	0.1222s	0.3627	0.8990	0.8925
136
0417	0.1357	0.9750	0.4179	0.8820	0.1222s	0.3746	0.8970	0.8904
137
0418	0.1165	1.0000	0.4195	0.8820	0.1045s	0.3764	0.8950	0.8884
138
0419	0.1338	1.0000	0.4052	0.8860	0.1214s	0.3645	0.9000	0.8940
139
0420	0.1447	1.0000	0.3863	0.8920	0.1219s	0.3488	0.9080	0.9029
140
0421	0.1445	0.9583	0.3754	0.9060	0.1220s	0.3372	0.9140	0.9091
141
0422	0.1315	0.9750	0.3716	0.9040	0.1220s	0.3320	0.9110	0.9067
142
0423	0.1417	0.9500	0.3744	0.9020	0.1221s	0.3329	0.9130	0.9090
143
0424	0.1622	0.9667	0.3774	0.9000	0.1222s	0.3340	0.9110	0.9070
144
0425	0.1182	0.9917	0.3828	0.8980	0.1220s	0.3391	0.9070	0.9022
145
0426	0.1411	0.9833	0.3912	0.8940	0.1222s	0.3485	0.9010	0.8956
146
0427	0.1190	0.9833	0.3978	0.8860	0.1225s	0.3570	0.8950	0.8893
147
0428	0.1405	0.9750	0.3970	0.8820	0.1221s	0.3586	0.8980	0.8923
148
0429	0.1250	0.9750	0.3918	0.8880	0.1219s	0.3550	0.9010	0.8952
149
0430	0.1332	0.9750	0.3839	0.8900	0.1221s	0.3488	0.9090	0.9039
150
0431	0.1331	0.9833	0.3791	0.8960	0.1223s	0.3449	0.9090	0.9041
151
0432	0.1659	0.9333	0.3772	0.8980	0.1222s	0.3429	0.9110	0.9062
152
0433	0.1450	0.9750	0.3779	0.9000	0.1220s	0.3424	0.9090	0.9039
153
0434	0.1132	0.9833	0.3824	0.8940	0.1221s	0.3469	0.9060	0.9007
154
0435	0.1199	0.9833	0.3921	0.8900	0.1225s	0.3566	0.9000	0.8947
155
0436	0.1292	0.9750	0.4024	0.8840	0.1225s	0.3681	0.8970	0.8914
156
0437	0.1442	0.9750	0.4026	0.8840	0.1214s	0.3718	0.8950	0.8894
157
0438	0.1302	1.0000	0.3888	0.8860	0.1220s	0.3624	0.9030	0.8973
158
0439	0.1440	0.9500	0.3809	0.8920	0.1219s	0.3571	0.9070	0.9015
159
0440	0.1242	0.9833	0.3805	0.8900	0.1219s	0.3583	0.9120	0.9066
160
0441	0.1375	0.9833	0.3787	0.8920	0.1220s	0.3578	0.9140	0.9090
161
0442	0.1141	0.9583	0.3757	0.8940	0.1220s	0.3549	0.9130	0.9081
162
0443	0.1202	0.9833	0.3758	0.8940	0.1222s	0.3554	0.9080	0.9028
163
0444	0.1352	0.9917	0.3767	0.8920	0.1245s	0.3560	0.9050	0.8995
164
0445	0.1592	0.9667	0.3830	0.8940	0.1222s	0.3598	0.8980	0.8926
165
0446	0.1272	0.9833	0.3891	0.8920	0.1226s	0.3638	0.8980	0.8926
166
0447	0.1288	0.9833	0.3949	0.8900	0.1229s	0.3685	0.8990	0.8933
167
0448	0.1409	0.9583	0.3940	0.8880	0.1219s	0.3697	0.8980	0.8925
168
0449	0.1425	0.9500	0.3920	0.8920	0.1220s	0.3708	0.9020	0.8961
169
0450	0.1300	0.9750	0.3853	0.8900	0.1225s	0.3673	0.9050	0.8993
170
0451	0.1543	0.9833	0.3789	0.8940	0.1224s	0.3614	0.9110	0.9060
171
0452	0.1289	0.9667	0.3736	0.8980	0.1225s	0.3550	0.9080	0.9032
172
0453	0.1371	0.9833	0.3682	0.9000	0.1222s	0.3472	0.9110	0.9064
173
0454	0.1217	0.9917	0.3688	0.8960	0.1224s	0.3449	0.9090	0.9041
174
0455	0.1414	0.9917	0.3802	0.8980	0.1216s	0.3546	0.9030	0.8977
175
0456	0.1250	0.9833	0.3955	0.8880	0.1222s	0.3668	0.8980	0.8922
176
0457	0.1367	0.9750	0.4127	0.8840	0.1223s	0.3810	0.8930	0.8869
177
0458	0.1234	0.9917	0.4057	0.8860	0.1222s	0.3731	0.8980	0.8922
178
0459	0.1345	0.9833	0.3872	0.8940	0.1221s	0.3556	0.9030	0.8975
179
0460	0.1368	0.9583	0.3771	0.8940	0.1222s	0.3464	0.9020	0.8968
180
0461	0.1271	0.9750	0.3686	0.9020	0.1221s	0.3393	0.9090	0.9044
181
0462	0.1410	0.9667	0.3664	0.9020	0.1224s	0.3376	0.9120	0.9073
182
0463	0.1387	0.9750	0.3664	0.9060	0.1219s	0.3373	0.9110	0.9062
183
0464	0.1346	0.9667	0.3681	0.9020	0.1221s	0.3401	0.9110	0.9062
184
0465	0.1468	0.9417	0.3724	0.9020	0.1220s	0.3450	0.9070	0.9021
185
0466	0.1423	0.9667	0.3830	0.9020	0.1216s	0.3560	0.9030	0.8982
186
0467	0.1470	0.9917	0.3861	0.9000	0.1221s	0.3581	0.9070	0.9022
187
0468	0.1339	0.9667	0.3844	0.8940	0.1217s	0.3551	0.9010	0.8955
188
0469	0.1321	0.9833	0.3838	0.8960	0.1219s	0.3545	0.9060	0.9006
189
0470	0.1141	0.9750	0.3813	0.8980	0.1217s	0.3529	0.9050	0.8997
190
0471	0.1217	0.9750	0.3778	0.8960	0.1221s	0.3512	0.9110	0.9064
191
0472	0.1348	0.9833	0.3767	0.9000	0.1222s	0.3523	0.9090	0.9040
192
0473	0.1440	0.9917	0.3762	0.8980	0.1217s	0.3534	0.9100	0.9050
193
0474	0.1424	0.9750	0.3785	0.8940	0.1219s	0.3587	0.9060	0.9006
194
0475	0.1244	0.9917	0.3813	0.8940	0.1221s	0.3623	0.9030	0.8973
195
0476	0.1383	0.9833	0.3838	0.8960	0.1217s	0.3644	0.9000	0.8942
196
0477	0.1593	0.9917	0.3893	0.8940	0.1217s	0.3696	0.8960	0.8903
197
0478	0.1301	0.9750	0.3914	0.8940	0.1225s	0.3700	0.8980	0.8921
198
0479	0.1311	0.9917	0.3896	0.8940	0.1221s	0.3667	0.9020	0.8965
199
Early stop! Min loss:0.36237508058547974,  Max accuracy:0.914
Early stop model validation loss:0.36237508058547974,  accuracy:0.904
Optimization Finished!
Total time elapsed: 58.7258s
test max acc:0.9150
Loading 250th epoch
stru_node_to_hop attention:tensor([[0.2523, 0.2492, 0.2494, 0.2491],
        [0.2495, 0.2503, 0.2501, 0.2501],
        [0.2486, 0.2508, 0.2503, 0.2503],
        [0.2479, 0.2489, 0.2513, 0.2519],
        [0.2460, 0.2511, 0.2513, 0.2516],
        [0.2517, 0.2501, 0.2492, 0.2490],
        [0.2475, 0.2512, 0.2507, 0.2506],
        [0.2496, 0.2503, 0.2501, 0.2499],
        [0.2505, 0.2502, 0.2497, 0.2495],
        [0.2484, 0.2509, 0.2505, 0.2502],
        [0.2493, 0.2503, 0.2502, 0.2502],
        [0.2493, 0.2502, 0.2502, 0.2503],
        [0.2502, 0.2498, 0.2500, 0.2501],
        [0.2529, 0.2487, 0.2492, 0.2491],
        [0.2520, 0.2505, 0.2491, 0.2485],
        [0.2506, 0.2508, 0.2496, 0.2490],
        [0.2490, 0.2506, 0.2503, 0.2500],
        [0.2487, 0.2514, 0.2502, 0.2497],
        [0.2494, 0.2504, 0.2501, 0.2501],
        [0.2497, 0.2507, 0.2500, 0.2496],
        [0.2498, 0.2501, 0.2500, 0.2500],
        [0.2488, 0.2518, 0.2499, 0.2495],
        [0.2503, 0.2499, 0.2499, 0.2499],
        [0.2481, 0.2511, 0.2504, 0.2504],
        [0.2498, 0.2502, 0.2500, 0.2500],
        [0.2487, 0.2509, 0.2503, 0.2501],
        [0.2495, 0.2503, 0.2501, 0.2501],
        [0.2494, 0.2504, 0.2502, 0.2500],
        [0.2492, 0.2503, 0.2503, 0.2503],
        [0.2512, 0.2500, 0.2495, 0.2493],
        [0.2503, 0.2501, 0.2499, 0.2497],
        [0.2505, 0.2501, 0.2498, 0.2496],
        [0.2495, 0.2506, 0.2500, 0.2499],
        [0.2497, 0.2502, 0.2501, 0.2500],
        [0.2507, 0.2511, 0.2495, 0.2487],
        [0.2495, 0.2504, 0.2501, 0.2501],
        [0.2492, 0.2501, 0.2505, 0.2502],
        [0.2489, 0.2500, 0.2505, 0.2506],
        [0.2499, 0.2501, 0.2500, 0.2500],
        [0.2509, 0.2502, 0.2495, 0.2493],
        [0.2499, 0.2499, 0.2501, 0.2501],
        [0.2497, 0.2508, 0.2499, 0.2496],
        [0.2489, 0.2511, 0.2501, 0.2499],
        [0.2500, 0.2500, 0.2500, 0.2500],
        [0.2462, 0.2518, 0.2511, 0.2509],
        [0.1525, 0.1995, 0.2791, 0.3689],
        [0.2495, 0.2501, 0.2503, 0.2500],
        [0.2481, 0.2510, 0.2505, 0.2504],
        [0.2507, 0.2497, 0.2498, 0.2497],
        [0.2496, 0.2501, 0.2502, 0.2501],
        [0.2464, 0.2511, 0.2512, 0.2514],
        [0.2500, 0.2500, 0.2500, 0.2500],
        [0.2501, 0.2500, 0.2500, 0.2500],
        [0.2503, 0.2499, 0.2499, 0.2499],
        [0.2467, 0.2521, 0.2507, 0.2505],
        [0.2491, 0.2506, 0.2501, 0.2503],
        [0.2500, 0.2502, 0.2500, 0.2498],
        [0.2505, 0.2498, 0.2499, 0.2498],
        [0.2482, 0.2513, 0.2504, 0.2501],
        [0.2508, 0.2503, 0.2496, 0.2493],
        [0.2516, 0.2495, 0.2496, 0.2493],
        [0.2472, 0.2513, 0.2508, 0.2507],
        [0.2491, 0.2510, 0.2501, 0.2498],
        [0.2486, 0.2516, 0.2501, 0.2497],
        [0.2500, 0.2500, 0.2500, 0.2500],
        [0.2498, 0.2502, 0.2500, 0.2500],
        [0.2490, 0.2510, 0.2501, 0.2498],
        [0.2481, 0.2505, 0.2506, 0.2508],
        [0.2501, 0.2500, 0.2499, 0.2500],
        [0.2486, 0.2507, 0.2504, 0.2503],
        [0.2480, 0.2512, 0.2504, 0.2503],
        [0.2492, 0.2501, 0.2503, 0.2504],
        [0.2486, 0.2508, 0.2504, 0.2502],
        [0.2499, 0.2507, 0.2499, 0.2495],
        [0.2500, 0.2500, 0.2500, 0.2500],
        [0.2499, 0.2502, 0.2500, 0.2499],
        [0.2500, 0.2506, 0.2497, 0.2496],
        [0.2503, 0.2503, 0.2497, 0.2497],
        [0.2489, 0.2506, 0.2502, 0.2502],
        [0.2495, 0.2502, 0.2502, 0.2502],
        [0.2507, 0.2503, 0.2498, 0.2492],
        [0.2482, 0.2509, 0.2505, 0.2504],
        [0.2496, 0.2505, 0.2500, 0.2499],
        [0.2488, 0.2505, 0.2504, 0.2503],
        [0.2495, 0.2503, 0.2501, 0.2501],
        [0.2501, 0.2502, 0.2499, 0.2498],
        [0.2495, 0.2501, 0.2502, 0.2502],
        [0.2489, 0.2505, 0.2503, 0.2503],
        [0.2509, 0.2506, 0.2495, 0.2489],
        [0.2507, 0.2499, 0.2498, 0.2496],
        [0.2500, 0.2499, 0.2501, 0.2500],
        [0.2499, 0.2501, 0.2500, 0.2500],
        [0.2495, 0.2501, 0.2502, 0.2502],
        [0.2503, 0.2498, 0.2499, 0.2500],
        [0.2499, 0.2500, 0.2500, 0.2501],
        [0.2499, 0.2501, 0.2500, 0.2500],
        [0.2499, 0.2502, 0.2500, 0.2500],
        [0.2497, 0.2499, 0.2502, 0.2502],
        [0.2494, 0.2510, 0.2499, 0.2497],
        [0.2492, 0.2514, 0.2499, 0.2495]], device='cuda:1')
fea_node_to_hop attention:tensor([[0.3321, 0.3336, 0.3343],
        [0.3325, 0.3336, 0.3339],
        [0.3302, 0.3342, 0.3356],
        [0.3334, 0.3338, 0.3328],
        [0.3326, 0.3330, 0.3344],
        [0.3307, 0.3350, 0.3342],
        [0.3276, 0.3341, 0.3383],
        [0.3301, 0.3337, 0.3362],
        [0.3292, 0.3359, 0.3349],
        [0.3287, 0.3342, 0.3370],
        [0.3315, 0.3338, 0.3348],
        [0.3307, 0.3343, 0.3350],
        [0.3334, 0.3335, 0.3332],
        [0.3325, 0.3332, 0.3343],
        [0.3275, 0.3354, 0.3371],
        [0.3293, 0.3358, 0.3349],
        [0.3302, 0.3341, 0.3357],
        [0.3299, 0.3343, 0.3357],
        [0.3308, 0.3346, 0.3345],
        [0.3312, 0.3324, 0.3365],
        [0.3343, 0.3325, 0.3332],
        [0.3305, 0.3350, 0.3346],
        [0.3327, 0.3336, 0.3338],
        [0.3316, 0.3336, 0.3348],
        [0.3326, 0.3335, 0.3339],
        [0.3283, 0.3349, 0.3369],
        [0.3316, 0.3338, 0.3346],
        [0.3289, 0.3352, 0.3359],
        [0.3304, 0.3342, 0.3354],
        [0.3283, 0.3358, 0.3359],
        [0.3311, 0.3346, 0.3343],
        [0.3316, 0.3333, 0.3352],
        [0.3324, 0.3334, 0.3342],
        [0.3316, 0.3340, 0.3343],
        [0.3352, 0.3317, 0.3331],
        [0.3270, 0.3363, 0.3367],
        [0.3302, 0.3347, 0.3351],
        [0.3353, 0.3312, 0.3335],
        [0.3331, 0.3335, 0.3334],
        [0.3300, 0.3343, 0.3357],
        [0.3341, 0.3321, 0.3338],
        [0.3316, 0.3336, 0.3348],
        [0.3303, 0.3342, 0.3354],
        [0.3331, 0.3335, 0.3334],
        [0.3350, 0.3324, 0.3325],
        [0.3240, 0.3367, 0.3393],
        [0.3319, 0.3336, 0.3345],
        [0.3304, 0.3339, 0.3357],
        [0.3325, 0.3332, 0.3343],
        [0.3328, 0.3336, 0.3336],
        [0.3348, 0.3326, 0.3326],
        [0.3332, 0.3334, 0.3334],
        [0.3333, 0.3334, 0.3333],
        [0.3309, 0.3339, 0.3352],
        [0.3302, 0.3353, 0.3345],
        [0.3328, 0.3331, 0.3341],
        [0.3319, 0.3342, 0.3340],
        [0.3315, 0.3341, 0.3344],
        [0.3320, 0.3331, 0.3350],
        [0.3318, 0.3332, 0.3350],
        [0.3310, 0.3339, 0.3352],
        [0.3290, 0.3346, 0.3364],
        [0.3319, 0.3338, 0.3343],
        [0.3301, 0.3348, 0.3351],
        [0.3339, 0.3329, 0.3332],
        [0.3321, 0.3342, 0.3338],
        [0.3333, 0.3328, 0.3339],
        [0.3322, 0.3335, 0.3343],
        [0.3337, 0.3335, 0.3329],
        [0.3313, 0.3341, 0.3346],
        [0.3304, 0.3341, 0.3356],
        [0.3322, 0.3336, 0.3343],
        [0.3293, 0.3349, 0.3358],
        [0.3314, 0.3339, 0.3347],
        [0.3330, 0.3334, 0.3337],
        [0.3320, 0.3335, 0.3344],
        [0.3310, 0.3336, 0.3354],
        [0.3314, 0.3340, 0.3346],
        [0.3321, 0.3333, 0.3346],
        [0.3331, 0.3330, 0.3339],
        [0.3309, 0.3353, 0.3338],
        [0.3314, 0.3357, 0.3329],
        [0.3310, 0.3350, 0.3340],
        [0.3296, 0.3341, 0.3362],
        [0.3318, 0.3338, 0.3344],
        [0.3290, 0.3338, 0.3372],
        [0.3317, 0.3345, 0.3338],
        [0.3333, 0.3334, 0.3334],
        [0.3299, 0.3346, 0.3355],
        [0.3328, 0.3332, 0.3340],
        [0.3319, 0.3333, 0.3348],
        [0.3332, 0.3333, 0.3335],
        [0.3319, 0.3340, 0.3341],
        [0.3350, 0.3326, 0.3324],
        [0.3329, 0.3336, 0.3335],
        [0.3327, 0.3339, 0.3334],
        [0.3305, 0.3346, 0.3349],
        [0.3312, 0.3337, 0.3352],
        [0.3322, 0.3335, 0.3344],
        [0.3276, 0.3369, 0.3355]], device='cuda:1')
perception attention:tensor([0.5000, 0.5000], device='cuda:1')
Test set results: loss= 0.3371 accuracy= 0.9110 F1_score= 0.9064
