# epoch	loss_train	acc_train	loss_val	acc_val	time	acc_test	f1_test
0001	1.7991	0.1667	1.6992	0.3760	0.1219s	1.6878	0.3720	0.2389
0
0002	1.6894	0.4167	1.5566	0.3960	0.1220s	1.5319	0.3950	0.2662
0
0003	1.5634	0.4583	1.3824	0.5260	0.1228s	1.3529	0.5590	0.4831
0
0004	1.3447	0.5667	1.1870	0.7200	0.1221s	1.1583	0.7570	0.7177
0
0005	1.1438	0.7083	1.0170	0.8100	0.1219s	0.9871	0.8340	0.8188
0
0006	0.9945	0.7750	0.8780	0.8500	0.1223s	0.8509	0.8530	0.8436
0
0007	0.8427	0.8167	0.7532	0.8640	0.1230s	0.7303	0.8720	0.8660
0
0008	0.7037	0.8000	0.6497	0.8840	0.1219s	0.6287	0.8810	0.8748
0
0009	0.6165	0.8917	0.5832	0.8620	0.1223s	0.5611	0.8840	0.8755
0
0010	0.5402	0.9083	0.5296	0.8720	0.1219s	0.5043	0.8870	0.8763
0
0011	0.4586	0.9083	0.4863	0.8840	0.1236s	0.4551	0.8900	0.8810
0
0012	0.4160	0.9333	0.4433	0.8960	0.1221s	0.4093	0.8960	0.8889
0
0013	0.3461	0.9083	0.4167	0.8940	0.1224s	0.3812	0.8940	0.8878
0
0014	0.3143	0.9500	0.4053	0.8840	0.1223s	0.3688	0.8930	0.8871
0
0015	0.3010	0.9417	0.4045	0.8700	0.1222s	0.3673	0.8900	0.8834
0
0016	0.3064	0.9417	0.4022	0.8840	0.1220s	0.3636	0.8840	0.8761
0
0017	0.2698	0.9500	0.3943	0.8860	0.1222s	0.3532	0.8940	0.8871
0
0018	0.2322	0.9667	0.3907	0.8940	0.1219s	0.3473	0.8970	0.8912
0
0019	0.2418	0.9500	0.3916	0.8900	0.1219s	0.3469	0.8950	0.8886
0
0020	0.2367	0.9583	0.3938	0.8900	0.1225s	0.3488	0.8980	0.8920
1
0021	0.2031	0.9500	0.3959	0.8840	0.1221s	0.3517	0.8950	0.8886
2
0022	0.1932	0.9667	0.3983	0.8800	0.1222s	0.3554	0.8910	0.8837
3
0023	0.1777	0.9667	0.3982	0.8780	0.1223s	0.3561	0.8860	0.8782
4
0024	0.2236	0.9500	0.3952	0.8860	0.1226s	0.3524	0.8940	0.8874
5
0025	0.2236	0.9417	0.3934	0.8880	0.1219s	0.3498	0.8950	0.8893
6
0026	0.1984	0.9833	0.3922	0.8900	0.1224s	0.3484	0.8950	0.8895
7
0027	0.1615	0.9667	0.3920	0.8840	0.1222s	0.3490	0.8950	0.8893
8
0028	0.1931	0.9750	0.3944	0.8820	0.1220s	0.3528	0.8900	0.8840
9
0029	0.1801	0.9583	0.4019	0.8880	0.1223s	0.3614	0.8880	0.8816
10
0030	0.1556	0.9917	0.4144	0.8780	0.1217s	0.3747	0.8890	0.8825
11
0031	0.1805	0.9833	0.4266	0.8740	0.1225s	0.3868	0.8870	0.8798
12
0032	0.1818	0.9667	0.4262	0.8760	0.1217s	0.3871	0.8820	0.8738
13
0033	0.1710	0.9750	0.4254	0.8780	0.1219s	0.3867	0.8810	0.8728
14
0034	0.1826	0.9750	0.4186	0.8780	0.1226s	0.3808	0.8820	0.8737
15
0035	0.1799	0.9750	0.4088	0.8840	0.1221s	0.3726	0.8890	0.8818
16
0036	0.1677	1.0000	0.4033	0.8880	0.1219s	0.3687	0.8900	0.8831
17
0037	0.1645	0.9833	0.3987	0.8880	0.1218s	0.3662	0.8900	0.8833
18
0038	0.1638	0.9917	0.3971	0.8840	0.1222s	0.3664	0.8920	0.8856
19
0039	0.1577	0.9667	0.3980	0.8840	0.1056s	0.3694	0.8900	0.8836
20
0040	0.1728	0.9750	0.4019	0.8760	0.1222s	0.3758	0.8940	0.8878
21
0041	0.1482	0.9833	0.4117	0.8700	0.1217s	0.3859	0.8890	0.8820
22
0042	0.1748	1.0000	0.4193	0.8720	0.1223s	0.3932	0.8840	0.8763
23
0043	0.1603	0.9667	0.4246	0.8720	0.1222s	0.3981	0.8820	0.8741
24
0044	0.1476	0.9917	0.4188	0.8740	0.1220s	0.3924	0.8850	0.8769
25
0045	0.1731	1.0000	0.4112	0.8780	0.1218s	0.3843	0.8880	0.8808
26
0046	0.1745	0.9250	0.4002	0.8840	0.1220s	0.3727	0.8910	0.8845
27
0047	0.1556	0.9833	0.3919	0.8800	0.1222s	0.3640	0.8910	0.8842
28
0048	0.1550	0.9917	0.3870	0.8820	0.1218s	0.3589	0.8930	0.8862
29
0049	0.1675	0.9667	0.3842	0.8840	0.1045s	0.3572	0.8930	0.8862
0
0050	0.1624	0.9917	0.3854	0.8880	0.1223s	0.3608	0.8970	0.8908
0
0051	0.1698	0.9750	0.3857	0.8880	0.1220s	0.3631	0.8970	0.8910
1
0052	0.1456	0.9833	0.3866	0.8840	0.1220s	0.3658	0.8970	0.8910
2
0053	0.1483	0.9917	0.3880	0.8820	0.1215s	0.3687	0.8950	0.8889
3
0054	0.1601	0.9833	0.3913	0.8780	0.1056s	0.3711	0.8950	0.8887
4
0055	0.1538	1.0000	0.3949	0.8820	0.1048s	0.3740	0.8900	0.8832
5
0056	0.1479	0.9917	0.3974	0.8820	0.1222s	0.3760	0.8860	0.8789
6
0057	0.1506	0.9833	0.3901	0.8820	0.1220s	0.3689	0.8910	0.8840
7
0058	0.1494	0.9833	0.3834	0.8860	0.1218s	0.3614	0.8920	0.8849
8
0059	0.1379	0.9917	0.3778	0.8860	0.1230s	0.3541	0.8970	0.8905
0
0060	0.1747	0.9833	0.3746	0.8880	0.1044s	0.3508	0.8990	0.8928
0
0061	0.1512	0.9750	0.3715	0.8920	0.1046s	0.3497	0.8980	0.8920
0
0062	0.1540	0.9750	0.3722	0.8900	0.1190s	0.3543	0.8950	0.8892
0
0063	0.1478	0.9750	0.3753	0.8940	0.1218s	0.3610	0.8960	0.8902
1
0064	0.1663	0.9917	0.3781	0.8860	0.1220s	0.3655	0.8960	0.8903
2
0065	0.1315	0.9833	0.3797	0.8840	0.1222s	0.3683	0.8960	0.8901
3
0066	0.1772	0.9667	0.3762	0.8900	0.1218s	0.3633	0.8980	0.8921
4
0067	0.1361	0.9917	0.3776	0.8920	0.1220s	0.3623	0.8970	0.8906
5
0068	0.1472	0.9833	0.3806	0.8960	0.1212s	0.3624	0.8950	0.8887
6
0069	0.1511	0.9833	0.3852	0.8940	0.1233s	0.3652	0.8950	0.8884
0
0070	0.1783	0.9667	0.3812	0.8920	0.1234s	0.3613	0.8960	0.8897
1
0071	0.1573	0.9833	0.3731	0.8980	0.1237s	0.3561	0.9030	0.8975
2
0072	0.1423	0.9667	0.3697	0.8920	0.1235s	0.3548	0.9010	0.8954
0
0073	0.1428	0.9667	0.3745	0.8880	0.1213s	0.3615	0.9020	0.8965
0
0074	0.1473	0.9750	0.3907	0.8860	0.1252s	0.3779	0.8980	0.8919
1
0075	0.1465	0.9917	0.4045	0.8820	0.1059s	0.3898	0.8970	0.8907
2
0076	0.1712	0.9750	0.4044	0.8820	0.1236s	0.3868	0.8980	0.8915
3
0077	0.1494	0.9750	0.3946	0.8840	0.1231s	0.3757	0.9000	0.8939
4
0078	0.1472	0.9750	0.3819	0.8880	0.1240s	0.3619	0.9030	0.8968
5
0079	0.1431	0.9750	0.3746	0.9000	0.1242s	0.3525	0.9080	0.9024
6
0080	0.1591	0.9917	0.3745	0.9040	0.1232s	0.3491	0.9080	0.9023
0
0081	0.1330	0.9833	0.3776	0.9000	0.1235s	0.3502	0.9050	0.8994
0
0082	0.1522	0.9750	0.3768	0.9000	0.1070s	0.3503	0.9050	0.8994
1
0083	0.1595	0.9833	0.3745	0.8980	0.1221s	0.3521	0.9050	0.8996
2
0084	0.1506	0.9500	0.3827	0.8920	0.1222s	0.3644	0.9010	0.8957
3
0085	0.1664	0.9667	0.3991	0.8840	0.1221s	0.3823	0.9000	0.8940
4
0086	0.1469	0.9917	0.4120	0.8780	0.1219s	0.3952	0.8900	0.8840
5
0087	0.1550	0.9750	0.4117	0.8780	0.1214s	0.3933	0.8890	0.8829
6
0088	0.1646	0.9667	0.3975	0.8880	0.1229s	0.3745	0.9020	0.8965
7
0089	0.1415	0.9667	0.3903	0.8960	0.1057s	0.3630	0.8980	0.8921
8
0090	0.1484	0.9833	0.3882	0.8920	0.1041s	0.3565	0.8990	0.8925
9
0091	0.1508	0.9917	0.3900	0.8900	0.1045s	0.3555	0.8950	0.8888
10
0092	0.1644	0.9083	0.3893	0.8900	0.1195s	0.3538	0.9000	0.8939
11
0093	0.1327	0.9833	0.3835	0.8960	0.1219s	0.3499	0.9030	0.8972
12
0094	0.1478	0.9917	0.3782	0.8980	0.1220s	0.3475	0.9050	0.8990
13
0095	0.1716	0.9000	0.3738	0.8980	0.1072s	0.3474	0.9040	0.8981
14
0096	0.1486	0.9833	0.3736	0.8920	0.1218s	0.3516	0.9030	0.8973
15
0097	0.1491	1.0000	0.3761	0.8960	0.1218s	0.3545	0.9000	0.8946
16
0098	0.1569	0.9917	0.3790	0.9020	0.1102s	0.3561	0.9010	0.8960
17
0099	0.1528	0.9833	0.3780	0.9000	0.1216s	0.3532	0.9050	0.8999
18
0100	0.1533	0.9750	0.3793	0.8980	0.1225s	0.3506	0.8980	0.8922
19
0101	0.1568	0.9417	0.3785	0.8960	0.1048s	0.3484	0.8960	0.8898
20
0102	0.1578	0.9667	0.3803	0.8960	0.1221s	0.3494	0.9020	0.8962
21
0103	0.1483	0.9667	0.3843	0.8920	0.1227s	0.3534	0.9000	0.8946
22
0104	0.1426	0.9917	0.3846	0.8880	0.1224s	0.3563	0.9010	0.8959
23
0105	0.1438	0.9750	0.3810	0.8920	0.1221s	0.3553	0.9040	0.8986
24
0106	0.1369	0.9833	0.3764	0.8920	0.1226s	0.3521	0.9050	0.8992
25
0107	0.1318	1.0000	0.3743	0.8940	0.1224s	0.3512	0.9080	0.9029
26
0108	0.1395	0.9833	0.3823	0.8900	0.1224s	0.3600	0.9010	0.8953
27
0109	0.1434	0.9500	0.3944	0.8900	0.1224s	0.3717	0.8980	0.8922
28
0110	0.1340	0.9917	0.4005	0.8900	0.1224s	0.3741	0.8960	0.8903
29
0111	0.1313	0.9917	0.3966	0.8880	0.1227s	0.3682	0.9010	0.8952
30
0112	0.1646	0.9667	0.3841	0.8940	0.1048s	0.3527	0.9040	0.8991
31
0113	0.1512	0.9833	0.3773	0.8960	0.1098s	0.3428	0.9070	0.9020
32
0114	0.1437	1.0000	0.3763	0.9000	0.1221s	0.3406	0.9070	0.9018
33
0115	0.1459	0.9917	0.3766	0.8980	0.1215s	0.3444	0.9090	0.9040
34
0116	0.1298	0.9750	0.3802	0.8980	0.1220s	0.3500	0.9070	0.9021
35
0117	0.1320	0.9917	0.3882	0.8880	0.1207s	0.3575	0.9030	0.8974
36
0118	0.1347	1.0000	0.3958	0.8880	0.1248s	0.3626	0.9010	0.8951
37
0119	0.1404	0.9667	0.4074	0.8840	0.1043s	0.3709	0.8990	0.8920
38
0120	0.1516	0.9833	0.4115	0.8800	0.1191s	0.3747	0.8930	0.8861
39
0121	0.1524	0.9833	0.4036	0.8780	0.1225s	0.3668	0.8960	0.8899
40
0122	0.1467	1.0000	0.3895	0.8940	0.1222s	0.3518	0.9050	0.8997
41
0123	0.1632	0.9583	0.3825	0.8980	0.1263s	0.3414	0.9080	0.9032
42
0124	0.1421	0.9500	0.3796	0.9020	0.1226s	0.3394	0.9100	0.9055
43
0125	0.1454	0.9750	0.3809	0.9020	0.1220s	0.3442	0.9080	0.9034
44
0126	0.1484	0.9750	0.3866	0.9020	0.1257s	0.3545	0.9040	0.8985
45
0127	0.1237	0.9917	0.4003	0.8820	0.1226s	0.3718	0.9000	0.8935
46
0128	0.1510	0.9500	0.4150	0.8860	0.1231s	0.3869	0.8980	0.8906
47
0129	0.1357	0.9833	0.4248	0.8860	0.1270s	0.3964	0.8850	0.8765
48
0130	0.1357	0.9750	0.4238	0.8860	0.1177s	0.3954	0.8860	0.8781
49
0131	0.1610	0.9500	0.4032	0.8860	0.1221s	0.3755	0.8960	0.8897
50
0132	0.1391	0.9833	0.3856	0.9060	0.1111s	0.3569	0.9000	0.8940
51
0133	0.1330	0.9750	0.3802	0.9020	0.1249s	0.3510	0.9070	0.9021
0
0134	0.1586	0.9500	0.3800	0.8980	0.1231s	0.3535	0.9070	0.9021
1
0135	0.1326	0.9833	0.3789	0.8960	0.1235s	0.3568	0.9070	0.9027
2
0136	0.1345	0.9833	0.3799	0.8980	0.1217s	0.3619	0.8990	0.8934
3
0137	0.1395	0.9833	0.3856	0.8920	0.1246s	0.3686	0.9000	0.8940
4
0138	0.1214	0.9917	0.3911	0.8940	0.1222s	0.3718	0.8990	0.8928
5
0139	0.1407	0.9750	0.3970	0.8920	0.1219s	0.3757	0.9000	0.8938
6
0140	0.1406	0.9667	0.3982	0.8900	0.1212s	0.3743	0.8960	0.8897
7
0141	0.1715	0.9667	0.3959	0.8900	0.1218s	0.3685	0.8940	0.8878
8
0142	0.1374	0.9917	0.3915	0.8960	0.1221s	0.3614	0.8980	0.8919
9
0143	0.1380	0.9750	0.3870	0.9000	0.1226s	0.3552	0.9020	0.8968
10
0144	0.1353	1.0000	0.3844	0.9020	0.1245s	0.3522	0.9010	0.8958
11
0145	0.1634	0.9917	0.3849	0.9060	0.1228s	0.3505	0.9020	0.8965
12
0146	0.1236	0.9917	0.3886	0.9040	0.1225s	0.3526	0.9010	0.8954
0
0147	0.1257	0.9750	0.3924	0.9020	0.1218s	0.3572	0.9020	0.8963
1
0148	0.1167	0.9750	0.3951	0.8980	0.1250s	0.3627	0.8990	0.8928
2
0149	0.1527	0.9750	0.4005	0.8900	0.1220s	0.3708	0.8980	0.8914
3
0150	0.1306	0.9917	0.4032	0.8840	0.1054s	0.3770	0.8980	0.8912
4
0151	0.1422	0.9750	0.4045	0.8880	0.1241s	0.3803	0.8970	0.8900
5
0152	0.1383	0.9583	0.4057	0.8820	0.1251s	0.3826	0.8980	0.8916
6
0153	0.1393	0.9750	0.4034	0.8860	0.1272s	0.3792	0.8990	0.8926
7
0154	0.1565	0.9750	0.3978	0.8880	0.1228s	0.3672	0.9030	0.8974
8
0155	0.1358	0.9750	0.3941	0.9020	0.1224s	0.3550	0.9040	0.8988
9
0156	0.1370	0.9833	0.3962	0.9020	0.1228s	0.3512	0.9030	0.8980
10
0157	0.1209	0.9917	0.3980	0.9020	0.1228s	0.3513	0.8980	0.8926
11
0158	0.1507	0.9917	0.3977	0.9020	0.1222s	0.3546	0.8960	0.8903
12
0159	0.1511	0.9833	0.3951	0.8960	0.1225s	0.3617	0.8970	0.8911
13
0160	0.1418	0.9750	0.4012	0.8860	0.1222s	0.3748	0.9010	0.8951
14
0161	0.1311	1.0000	0.4100	0.8820	0.1206s	0.3867	0.8990	0.8927
15
0162	0.1237	1.0000	0.4160	0.8820	0.1227s	0.3937	0.8970	0.8905
16
0163	0.1481	0.9833	0.4093	0.8780	0.1253s	0.3819	0.8970	0.8907
17
0164	0.1478	0.9667	0.3976	0.8920	0.1224s	0.3619	0.8980	0.8921
18
0165	0.1404	0.9583	0.3972	0.9000	0.1232s	0.3540	0.8990	0.8931
19
0166	0.1426	0.9667	0.3986	0.9040	0.1223s	0.3519	0.8980	0.8919
20
0167	0.1215	0.9833	0.4008	0.9020	0.1221s	0.3541	0.8960	0.8899
21
0168	0.1506	0.9833	0.3984	0.9020	0.1212s	0.3558	0.8990	0.8932
22
0169	0.1331	0.9833	0.3996	0.8980	0.1219s	0.3627	0.8960	0.8897
23
0170	0.1406	0.9667	0.3990	0.8940	0.1219s	0.3671	0.8950	0.8889
24
0171	0.1208	0.9833	0.3935	0.8920	0.1252s	0.3652	0.9000	0.8942
25
0172	0.1320	1.0000	0.3871	0.8960	0.1223s	0.3600	0.9010	0.8954
26
0173	0.1365	0.9750	0.3832	0.9000	0.1222s	0.3553	0.9000	0.8946
27
0174	0.1404	0.9917	0.3799	0.9000	0.1245s	0.3503	0.8980	0.8921
28
0175	0.1323	0.9917	0.3773	0.9020	0.1224s	0.3459	0.8960	0.8898
29
0176	0.1359	0.9667	0.3797	0.9060	0.1222s	0.3471	0.9020	0.8964
30
0177	0.1325	0.9750	0.3851	0.9060	0.1223s	0.3532	0.8970	0.8909
0
0178	0.1421	0.9917	0.3879	0.9000	0.1222s	0.3579	0.8920	0.8851
0
0179	0.1575	0.9750	0.3888	0.9000	0.0979s	0.3620	0.8910	0.8839
1
0180	0.1205	0.9917	0.3856	0.8980	0.1100s	0.3616	0.8930	0.8864
2
0181	0.1475	0.9750	0.3811	0.8980	0.1220s	0.3580	0.8970	0.8907
3
0182	0.1318	0.9833	0.3776	0.8980	0.1218s	0.3556	0.9010	0.8951
4
0183	0.1118	0.9917	0.3736	0.9060	0.1121s	0.3516	0.9010	0.8951
5
0184	0.1274	0.9833	0.3713	0.9080	0.1249s	0.3489	0.9010	0.8949
0
0185	0.1360	0.9667	0.3716	0.9100	0.1220s	0.3488	0.9010	0.8950
0
0186	0.1662	0.9667	0.3727	0.9080	0.1225s	0.3495	0.8990	0.8927
0
0187	0.1358	0.9750	0.3775	0.9080	0.1252s	0.3553	0.8970	0.8908
1
0188	0.1416	0.9833	0.3836	0.9060	0.1219s	0.3630	0.8950	0.8887
2
0189	0.1351	0.9667	0.3852	0.9020	0.1231s	0.3657	0.8930	0.8865
3
0190	0.1510	0.9833	0.3833	0.8980	0.1224s	0.3634	0.8980	0.8916
4
0191	0.1185	1.0000	0.3805	0.9040	0.1220s	0.3593	0.9000	0.8938
5
0192	0.1389	0.9917	0.3791	0.9020	0.1222s	0.3579	0.9040	0.8978
6
0193	0.1307	1.0000	0.3782	0.9000	0.1216s	0.3577	0.9040	0.8980
7
0194	0.1355	0.9833	0.3795	0.8960	0.1222s	0.3596	0.9050	0.8993
8
0195	0.1451	0.9750	0.3794	0.9020	0.1254s	0.3600	0.9020	0.8960
9
0196	0.1450	0.9833	0.3826	0.8960	0.1217s	0.3641	0.8990	0.8928
10
0197	0.1635	0.9500	0.3803	0.8960	0.1055s	0.3635	0.9010	0.8948
11
0198	0.1128	0.9917	0.3797	0.9020	0.1217s	0.3649	0.9030	0.8972
12
0199	0.1553	0.9750	0.3749	0.9000	0.1225s	0.3600	0.9010	0.8948
13
0200	0.1448	0.9833	0.3731	0.9040	0.1230s	0.3571	0.9040	0.8981
14
0201	0.1340	0.9917	0.3744	0.9080	0.1230s	0.3574	0.9020	0.8961
15
0202	0.1262	0.9917	0.3791	0.9060	0.1222s	0.3606	0.9010	0.8950
16
0203	0.1275	1.0000	0.3851	0.9000	0.1249s	0.3648	0.9030	0.8975
17
0204	0.1443	0.9833	0.3858	0.9000	0.1218s	0.3664	0.9000	0.8941
18
0205	0.1223	0.9917	0.3836	0.8980	0.1222s	0.3660	0.8980	0.8921
19
0206	0.1314	0.9750	0.3821	0.9000	0.1223s	0.3667	0.9000	0.8942
20
0207	0.1378	0.9583	0.3868	0.8940	0.1219s	0.3721	0.9000	0.8941
21
0208	0.1260	0.9917	0.3851	0.8980	0.1220s	0.3700	0.8990	0.8931
22
0209	0.1232	0.9917	0.3848	0.9020	0.1220s	0.3682	0.9010	0.8951
23
0210	0.1135	0.9833	0.3868	0.9000	0.1232s	0.3693	0.9000	0.8943
24
0211	0.1403	0.9750	0.3852	0.8980	0.1221s	0.3684	0.9000	0.8944
25
0212	0.1414	0.9500	0.3839	0.9000	0.1224s	0.3672	0.9000	0.8945
26
0213	0.1354	0.9917	0.3843	0.9000	0.1222s	0.3670	0.8980	0.8922
27
0214	0.1242	0.9833	0.3843	0.9000	0.1225s	0.3659	0.8990	0.8930
28
0215	0.1194	0.9500	0.3862	0.8980	0.1218s	0.3674	0.8990	0.8931
29
0216	0.1302	0.9667	0.3879	0.8940	0.1216s	0.3704	0.8990	0.8931
30
0217	0.1546	0.9917	0.3847	0.8920	0.1219s	0.3689	0.9000	0.8941
31
0218	0.1234	0.9833	0.3827	0.8880	0.1219s	0.3678	0.9010	0.8952
32
0219	0.1352	1.0000	0.3828	0.8900	0.1233s	0.3689	0.9020	0.8964
33
0220	0.1338	0.9833	0.3830	0.8940	0.1220s	0.3692	0.9020	0.8965
34
0221	0.1203	0.9833	0.3835	0.8960	0.1224s	0.3669	0.9030	0.8974
35
0222	0.1199	0.9833	0.3862	0.9020	0.1219s	0.3664	0.9000	0.8939
36
0223	0.1283	0.9917	0.3894	0.8960	0.1216s	0.3672	0.9000	0.8939
37
0224	0.1236	0.9417	0.3893	0.8980	0.1220s	0.3666	0.8990	0.8929
38
0225	0.1503	0.9750	0.3901	0.8980	0.1220s	0.3685	0.8990	0.8928
39
0226	0.1379	0.9833	0.3906	0.8900	0.1218s	0.3708	0.8980	0.8918
40
0227	0.1406	0.9750	0.3887	0.8900	0.1225s	0.3735	0.9000	0.8939
41
0228	0.1260	0.9917	0.3904	0.8880	0.1228s	0.3797	0.9010	0.8953
42
0229	0.1596	0.9833	0.3929	0.8860	0.1217s	0.3829	0.9000	0.8939
43
0230	0.1485	0.9917	0.3934	0.8860	0.1224s	0.3813	0.9010	0.8950
44
0231	0.1304	0.9917	0.3907	0.8920	0.1218s	0.3758	0.9010	0.8952
45
0232	0.1363	0.9917	0.3867	0.8980	0.1221s	0.3680	0.8990	0.8932
46
0233	0.1459	0.9667	0.3839	0.9020	0.1222s	0.3618	0.8960	0.8900
47
0234	0.1172	0.9833	0.3785	0.9100	0.1222s	0.3564	0.8990	0.8930
48
0235	0.1588	0.9750	0.3752	0.9120	0.1218s	0.3541	0.8980	0.8919
0
0236	0.1315	0.9917	0.3707	0.9100	0.1222s	0.3541	0.8970	0.8908
0
0237	0.1304	0.9667	0.3732	0.8980	0.1234s	0.3628	0.9010	0.8954
1
0238	0.1546	0.9583	0.3830	0.8880	0.1221s	0.3773	0.9000	0.8942
2
0239	0.1500	0.9500	0.3917	0.8820	0.1089s	0.3872	0.9020	0.8961
3
0240	0.1176	0.9667	0.3920	0.8840	0.1087s	0.3867	0.9040	0.8977
4
0241	0.1348	0.9750	0.3841	0.8860	0.1222s	0.3760	0.9050	0.8990
5
0242	0.1268	0.9667	0.3816	0.8960	0.1260s	0.3687	0.8980	0.8919
6
0243	0.1398	0.9667	0.3766	0.9000	0.1222s	0.3608	0.8990	0.8933
7
0244	0.1332	0.9667	0.3751	0.9040	0.1220s	0.3568	0.9030	0.8978
8
0245	0.1377	0.9750	0.3754	0.9080	0.1222s	0.3570	0.9030	0.8977
9
0246	0.1493	0.9833	0.3771	0.9040	0.1220s	0.3605	0.9000	0.8941
10
0247	0.1280	0.9750	0.3851	0.9000	0.1232s	0.3701	0.8970	0.8910
11
0248	0.1443	0.9750	0.3985	0.8880	0.1220s	0.3836	0.8990	0.8928
12
0249	0.1620	0.9833	0.4151	0.8840	0.1221s	0.3985	0.8950	0.8880
13
0250	0.1354	0.9833	0.4186	0.8840	0.1220s	0.4003	0.8960	0.8887
14
0251	0.1457	0.9833	0.4089	0.8840	0.1218s	0.3911	0.8950	0.8878
15
0252	0.1189	0.9750	0.3947	0.8860	0.1216s	0.3772	0.9010	0.8950
16
0253	0.1297	0.9833	0.3815	0.8960	0.1219s	0.3626	0.9040	0.8980
17
0254	0.1401	0.9750	0.3802	0.8960	0.1515s	0.3578	0.9030	0.8973
18
0255	0.1401	0.9917	0.3900	0.8940	0.1193s	0.3644	0.9000	0.8940
19
0256	0.1188	0.9667	0.4005	0.8940	0.1394s	0.3725	0.8950	0.8883
20
0257	0.1290	0.9917	0.3988	0.8940	0.0959s	0.3710	0.8970	0.8903
21
0258	0.1461	0.9667	0.3899	0.8920	0.1048s	0.3651	0.9040	0.8979
22
0259	0.1295	0.9750	0.3859	0.8880	0.1206s	0.3641	0.9060	0.9000
23
0260	0.1294	0.9833	0.3920	0.8880	0.1191s	0.3709	0.9080	0.9027
24
0261	0.1652	0.9667	0.3945	0.8900	0.1229s	0.3737	0.9070	0.9014
25
0262	0.1499	0.9750	0.3897	0.8880	0.1229s	0.3686	0.9070	0.9016
26
0263	0.1405	0.9833	0.3845	0.8920	0.1237s	0.3617	0.9060	0.9003
27
0264	0.1380	0.9833	0.3913	0.8900	0.1220s	0.3649	0.9010	0.8950
28
0265	0.1439	0.9833	0.4080	0.8900	0.1222s	0.3766	0.8960	0.8896
29
0266	0.1203	0.9667	0.4131	0.8920	0.1230s	0.3790	0.8950	0.8883
30
0267	0.1599	0.9750	0.4004	0.8960	0.1224s	0.3672	0.8990	0.8929
31
0268	0.1366	0.9667	0.3843	0.9000	0.1226s	0.3543	0.9050	0.8993
32
0269	0.1208	0.9917	0.3746	0.9000	0.1239s	0.3488	0.9100	0.9049
33
0270	0.1328	1.0000	0.3729	0.9000	0.1225s	0.3511	0.9110	0.9061
34
0271	0.1276	0.9667	0.3753	0.8920	0.1227s	0.3563	0.9070	0.9021
35
0272	0.1564	0.9750	0.3773	0.8960	0.1263s	0.3594	0.9080	0.9030
36
0273	0.1145	0.9750	0.3798	0.8940	0.1206s	0.3617	0.9060	0.9008
37
0274	0.1288	0.9750	0.3824	0.8960	0.1228s	0.3621	0.9050	0.8990
38
0275	0.1452	0.9750	0.3894	0.8880	0.1222s	0.3654	0.9000	0.8937
39
0276	0.1199	0.9750	0.3974	0.8900	0.1230s	0.3697	0.8990	0.8924
40
0277	0.1336	0.9583	0.3947	0.8920	0.1223s	0.3667	0.9010	0.8946
41
0278	0.1514	0.9667	0.3840	0.8960	0.1222s	0.3584	0.9000	0.8934
42
0279	0.1194	0.9917	0.3724	0.8940	0.1213s	0.3511	0.9060	0.9002
43
0280	0.1316	0.9750	0.3691	0.9060	0.1240s	0.3525	0.9060	0.9004
44
0281	0.1294	0.9750	0.3717	0.8900	0.1232s	0.3576	0.9050	0.8998
0
0282	0.1353	0.9583	0.3765	0.8920	0.1175s	0.3637	0.9030	0.8977
1
0283	0.1294	0.9667	0.3783	0.8920	0.1250s	0.3638	0.9020	0.8968
2
0284	0.1223	0.9917	0.3781	0.8960	0.1221s	0.3605	0.9030	0.8974
3
0285	0.1286	0.9667	0.3812	0.8880	0.1232s	0.3577	0.9010	0.8952
4
0286	0.1323	0.9833	0.3917	0.8860	0.1221s	0.3627	0.8960	0.8893
5
0287	0.1288	0.9750	0.3956	0.8880	0.1064s	0.3644	0.8950	0.8881
6
0288	0.1243	0.9917	0.3997	0.8900	0.1189s	0.3675	0.8950	0.8881
7
0289	0.1372	0.9917	0.3989	0.8860	0.1228s	0.3673	0.8960	0.8893
8
0290	0.1304	0.9667	0.3936	0.8900	0.1223s	0.3621	0.8960	0.8893
9
0291	0.1360	0.9667	0.3884	0.8960	0.1260s	0.3588	0.9010	0.8949
10
0292	0.1300	1.0000	0.3788	0.9000	0.1208s	0.3526	0.9030	0.8976
11
0293	0.1147	0.9833	0.3757	0.8980	0.1238s	0.3529	0.9060	0.9010
12
0294	0.1365	0.9583	0.3770	0.8980	0.1248s	0.3547	0.9070	0.9022
13
0295	0.1366	0.9833	0.3794	0.9000	0.1250s	0.3541	0.9040	0.8986
14
0296	0.1294	0.9917	0.3892	0.8920	0.1224s	0.3594	0.8990	0.8928
15
0297	0.1225	0.9833	0.4068	0.8860	0.1237s	0.3695	0.8940	0.8871
16
0298	0.1486	1.0000	0.4244	0.8820	0.1225s	0.3808	0.8880	0.8808
17
0299	0.1761	0.9667	0.4174	0.8840	0.1215s	0.3722	0.8890	0.8818
18
0300	0.1240	1.0000	0.4044	0.8980	0.1190s	0.3596	0.8950	0.8884
19
0301	0.1297	0.9750	0.3890	0.9020	0.1218s	0.3456	0.8980	0.8922
20
0302	0.1369	0.9667	0.3792	0.9060	0.1217s	0.3395	0.9050	0.9002
21
0303	0.1124	0.9750	0.3743	0.9040	0.1224s	0.3380	0.9050	0.8996
22
0304	0.1387	1.0000	0.3759	0.9060	0.1223s	0.3430	0.9080	0.9029
23
0305	0.1289	0.9833	0.3821	0.9020	0.1239s	0.3502	0.9070	0.9016
24
0306	0.1316	0.9500	0.3871	0.8960	0.1198s	0.3547	0.9030	0.8974
25
0307	0.1382	0.9667	0.3957	0.8900	0.1221s	0.3612	0.8970	0.8907
26
0308	0.1487	0.9917	0.4002	0.8920	0.1196s	0.3628	0.8960	0.8900
27
0309	0.1246	0.9750	0.3999	0.8900	0.1226s	0.3603	0.8950	0.8890
28
0310	0.1460	1.0000	0.3936	0.8980	0.1223s	0.3511	0.9010	0.8956
29
0311	0.1384	0.9750	0.3930	0.8960	0.1235s	0.3482	0.8980	0.8923
30
0312	0.1320	0.9833	0.3918	0.9020	0.1222s	0.3452	0.8980	0.8923
31
0313	0.1301	0.9833	0.3882	0.9020	0.1222s	0.3425	0.9010	0.8958
32
0314	0.1287	0.9917	0.3876	0.9020	0.1231s	0.3438	0.9040	0.8987
33
0315	0.1327	0.9917	0.3881	0.8940	0.1219s	0.3468	0.9010	0.8955
34
0316	0.1308	0.9750	0.3903	0.8920	0.1224s	0.3507	0.8970	0.8908
35
0317	0.1415	0.9917	0.3903	0.8920	0.1232s	0.3505	0.8980	0.8919
36
0318	0.1220	1.0000	0.3872	0.9000	0.1249s	0.3454	0.9010	0.8956
37
0319	0.1466	0.9667	0.3902	0.9040	0.1223s	0.3455	0.8980	0.8922
38
0320	0.1397	0.9583	0.3888	0.9020	0.1220s	0.3433	0.9000	0.8947
39
0321	0.1288	1.0000	0.3874	0.9020	0.1228s	0.3419	0.9030	0.8982
40
0322	0.1271	0.9833	0.3896	0.9000	0.1223s	0.3446	0.9030	0.8980
41
0323	0.1379	0.9667	0.3908	0.9000	0.1199s	0.3470	0.9030	0.8979
42
0324	0.1259	0.9833	0.3888	0.8980	0.1192s	0.3454	0.9050	0.9002
43
0325	0.1348	0.9833	0.3850	0.9000	0.1057s	0.3433	0.9080	0.9035
44
0326	0.1308	0.9833	0.3861	0.9040	0.1217s	0.3456	0.9100	0.9054
45
0327	0.1421	1.0000	0.3906	0.9000	0.1214s	0.3499	0.9070	0.9019
46
0328	0.1143	1.0000	0.3943	0.9000	0.1210s	0.3538	0.9020	0.8964
47
0329	0.1403	0.9583	0.3955	0.9020	0.1047s	0.3555	0.9010	0.8951
48
0330	0.1233	0.9750	0.3957	0.9000	0.1035s	0.3571	0.9000	0.8944
49
0331	0.1349	0.9750	0.3924	0.9000	0.1141s	0.3551	0.9020	0.8969
50
0332	0.1440	0.9750	0.3941	0.8980	0.1047s	0.3573	0.9030	0.8981
51
0333	0.1399	0.9917	0.3958	0.8940	0.1213s	0.3581	0.9030	0.8981
52
0334	0.1354	0.9917	0.3957	0.8960	0.1219s	0.3567	0.9040	0.8990
53
0335	0.1416	0.9750	0.3912	0.9000	0.1223s	0.3510	0.9040	0.8990
54
0336	0.1175	0.9833	0.3882	0.9020	0.1229s	0.3474	0.9030	0.8979
55
0337	0.1336	0.9750	0.3849	0.9040	0.1223s	0.3454	0.9060	0.9012
56
0338	0.1330	0.9750	0.3830	0.9040	0.1219s	0.3445	0.9080	0.9034
57
0339	0.1208	0.9750	0.3841	0.9020	0.1223s	0.3480	0.9080	0.9035
58
0340	0.1079	0.9917	0.3887	0.9000	0.1221s	0.3551	0.9020	0.8971
59
0341	0.1181	0.9833	0.3981	0.8940	0.1219s	0.3665	0.8960	0.8905
60
0342	0.1105	0.9833	0.4139	0.8800	0.1217s	0.3827	0.8900	0.8832
61
0343	0.1341	0.9750	0.4180	0.8800	0.1222s	0.3848	0.8900	0.8830
62
0344	0.1752	0.9750	0.4149	0.8880	0.1218s	0.3793	0.8900	0.8832
63
0345	0.1393	1.0000	0.4026	0.9000	0.1222s	0.3642	0.9030	0.8981
64
0346	0.1273	0.9833	0.3984	0.8980	0.1220s	0.3560	0.9070	0.9024
65
0347	0.1163	0.9917	0.3962	0.8980	0.1223s	0.3518	0.9060	0.9012
66
0348	0.1331	0.9917	0.3989	0.8980	0.1221s	0.3523	0.9040	0.8991
67
0349	0.1426	0.9417	0.3988	0.8960	0.1223s	0.3528	0.9020	0.8969
68
0350	0.1321	0.9833	0.3988	0.9000	0.1220s	0.3563	0.9010	0.8959
69
0351	0.1274	0.9750	0.3975	0.8960	0.1218s	0.3608	0.8990	0.8940
70
0352	0.1462	0.9583	0.3958	0.8900	0.1218s	0.3652	0.9040	0.8991
71
0353	0.1144	0.9917	0.3959	0.8920	0.1229s	0.3693	0.9010	0.8962
72
0354	0.1401	0.9500	0.3921	0.8940	0.1164s	0.3638	0.9020	0.8972
73
0355	0.1152	0.9833	0.3898	0.8980	0.1220s	0.3571	0.9050	0.9002
74
0356	0.1276	0.9833	0.3873	0.8960	0.1219s	0.3504	0.9060	0.9012
75
0357	0.1349	0.9583	0.3864	0.8960	0.1223s	0.3459	0.9060	0.9014
76
0358	0.1082	0.9833	0.3879	0.8980	0.1227s	0.3435	0.9070	0.9025
77
0359	0.1350	0.9833	0.3885	0.9000	0.1224s	0.3431	0.9070	0.9025
78
0360	0.1168	0.9833	0.3880	0.8980	0.1219s	0.3439	0.9110	0.9066
79
0361	0.1378	0.9750	0.3927	0.9000	0.1222s	0.3491	0.9060	0.9010
80
0362	0.1413	0.9833	0.3985	0.8980	0.1248s	0.3541	0.9030	0.8975
81
0363	0.1374	0.9833	0.3986	0.8960	0.1218s	0.3555	0.9020	0.8964
82
0364	0.1449	0.9750	0.3972	0.8960	0.1222s	0.3556	0.9070	0.9018
83
0365	0.1285	0.9917	0.3942	0.8960	0.1218s	0.3538	0.9060	0.9009
84
0366	0.1192	1.0000	0.3865	0.8980	0.1231s	0.3468	0.9090	0.9042
85
0367	0.1289	0.9833	0.3815	0.9020	0.1228s	0.3432	0.9130	0.9087
86
0368	0.1674	0.9917	0.3803	0.9020	0.1222s	0.3422	0.9130	0.9086
87
0369	0.1261	0.9917	0.3804	0.9020	0.1221s	0.3413	0.9110	0.9065
88
0370	0.1286	0.9583	0.3852	0.9020	0.1234s	0.3445	0.9060	0.9011
89
0371	0.1512	0.9667	0.3898	0.9000	0.1224s	0.3480	0.9080	0.9031
90
0372	0.1320	0.9500	0.3956	0.8980	0.1221s	0.3531	0.9000	0.8943
91
0373	0.1305	0.9917	0.3986	0.8980	0.1148s	0.3551	0.9020	0.8966
92
0374	0.1307	0.9500	0.3990	0.9040	0.1212s	0.3554	0.9040	0.8986
93
0375	0.1340	0.9833	0.3921	0.9020	0.1224s	0.3498	0.9080	0.9028
94
0376	0.1478	0.9750	0.3891	0.9000	0.1249s	0.3482	0.9090	0.9038
95
0377	0.1220	0.9917	0.3874	0.9020	0.1223s	0.3471	0.9110	0.9060
96
0378	0.1298	0.9667	0.3868	0.9020	0.1217s	0.3461	0.9100	0.9048
97
0379	0.1337	0.9917	0.3860	0.9020	0.1227s	0.3450	0.9100	0.9048
98
0380	0.1300	0.9750	0.3863	0.9020	0.1225s	0.3464	0.9070	0.9021
99
0381	0.1210	1.0000	0.3910	0.9000	0.1041s	0.3517	0.9080	0.9030
100
0382	0.1182	0.9833	0.4007	0.8940	0.1193s	0.3618	0.9030	0.8967
101
0383	0.1330	0.9833	0.4147	0.8900	0.1221s	0.3745	0.8990	0.8912
102
0384	0.1394	1.0000	0.4145	0.8980	0.1227s	0.3711	0.8960	0.8881
103
0385	0.1305	0.9917	0.4070	0.8940	0.1220s	0.3617	0.9000	0.8932
104
0386	0.1394	0.9667	0.3976	0.8960	0.1225s	0.3512	0.9040	0.8983
105
0387	0.1251	0.9917	0.3949	0.9020	0.1222s	0.3471	0.9050	0.8995
106
0388	0.1344	0.9750	0.3912	0.9020	0.1219s	0.3446	0.9040	0.8985
107
0389	0.1222	0.9833	0.3875	0.9080	0.1217s	0.3445	0.9070	0.9016
108
0390	0.1178	0.9917	0.3891	0.9080	0.1219s	0.3497	0.9060	0.9005
109
0391	0.1609	0.9667	0.3906	0.9080	0.1183s	0.3557	0.9040	0.8982
110
0392	0.1226	0.9750	0.3927	0.9060	0.1220s	0.3595	0.9040	0.8981
111
0393	0.1499	0.9667	0.3948	0.9000	0.1217s	0.3626	0.9040	0.8980
112
0394	0.1113	1.0000	0.3975	0.8980	0.1220s	0.3650	0.9020	0.8962
113
0395	0.1467	0.9583	0.3913	0.8980	0.1224s	0.3595	0.9040	0.8980
114
0396	0.1241	0.9833	0.3891	0.9040	0.1224s	0.3566	0.9040	0.8979
115
0397	0.1403	0.9667	0.3869	0.9040	0.1044s	0.3531	0.9060	0.8999
116
0398	0.1339	0.9917	0.3855	0.9040	0.1232s	0.3498	0.9040	0.8979
117
0399	0.1429	0.9417	0.3807	0.9060	0.1215s	0.3431	0.9060	0.9002
118
0400	0.1346	0.9917	0.3781	0.9040	0.1037s	0.3404	0.9040	0.8982
119
0401	0.1383	0.9667	0.3775	0.9020	0.1181s	0.3419	0.9040	0.8982
120
0402	0.1483	0.9417	0.3787	0.8980	0.1207s	0.3458	0.9030	0.8970
121
0403	0.1390	0.9750	0.3827	0.9000	0.1223s	0.3528	0.9020	0.8957
122
0404	0.1204	0.9917	0.3877	0.8960	0.1221s	0.3625	0.9000	0.8932
123
0405	0.1733	0.9917	0.3900	0.8940	0.1229s	0.3670	0.9010	0.8943
124
0406	0.1223	0.9667	0.3856	0.8940	0.1221s	0.3641	0.9040	0.8978
125
0407	0.1252	0.9750	0.3827	0.9000	0.1224s	0.3605	0.9020	0.8956
126
0408	0.1235	0.9833	0.3817	0.8980	0.1218s	0.3586	0.9050	0.8992
127
0409	0.1345	0.9750	0.3817	0.9020	0.1221s	0.3584	0.9050	0.8992
128
0410	0.1225	0.9833	0.3873	0.8980	0.1224s	0.3651	0.9040	0.8980
129
0411	0.1361	0.9833	0.3983	0.8940	0.1220s	0.3749	0.9010	0.8947
130
0412	0.1575	0.9333	0.4126	0.8920	0.1229s	0.3867	0.8970	0.8902
131
0413	0.1217	1.0000	0.4182	0.8900	0.1219s	0.3908	0.8970	0.8899
132
0414	0.1302	0.9833	0.4139	0.8860	0.1220s	0.3859	0.8980	0.8910
133
0415	0.1281	1.0000	0.4067	0.8860	0.1221s	0.3770	0.9010	0.8944
134
0416	0.1333	0.9667	0.3989	0.8920	0.1217s	0.3687	0.9050	0.8985
135
0417	0.1288	0.9750	0.3913	0.8920	0.1221s	0.3608	0.9050	0.8990
136
0418	0.1434	0.9750	0.3878	0.8920	0.1223s	0.3580	0.9080	0.9024
137
0419	0.1265	0.9667	0.3885	0.8960	0.1231s	0.3595	0.9070	0.9013
138
0420	0.1256	1.0000	0.3929	0.8960	0.1225s	0.3650	0.9050	0.8990
139
0421	0.1189	0.9833	0.4046	0.8860	0.1224s	0.3768	0.9040	0.8980
140
0422	0.1268	0.9417	0.4206	0.8840	0.1224s	0.3912	0.8970	0.8898
141
0423	0.1319	0.9667	0.4288	0.8800	0.1227s	0.3982	0.8970	0.8898
142
0424	0.1439	0.9917	0.4255	0.8820	0.1226s	0.3948	0.8900	0.8826
143
0425	0.1309	0.9917	0.4142	0.8840	0.1221s	0.3825	0.8960	0.8896
144
0426	0.1375	0.9917	0.3965	0.8940	0.1240s	0.3634	0.9030	0.8972
145
0427	0.1301	1.0000	0.3867	0.9000	0.1222s	0.3508	0.9050	0.8999
146
0428	0.1284	0.9667	0.3824	0.9000	0.1227s	0.3446	0.9060	0.9012
147
0429	0.1515	0.9750	0.3808	0.8960	0.1220s	0.3435	0.9040	0.8988
148
0430	0.1165	0.9917	0.3839	0.8980	0.1222s	0.3484	0.9040	0.8986
149
0431	0.1299	1.0000	0.3961	0.8940	0.1221s	0.3615	0.9010	0.8949
150
0432	0.1314	0.9917	0.4197	0.8840	0.1220s	0.3830	0.8950	0.8872
151
0433	0.1188	1.0000	0.4268	0.8860	0.1224s	0.3890	0.8940	0.8861
152
0434	0.1466	0.9833	0.4166	0.8900	0.1216s	0.3804	0.8980	0.8903
153
0435	0.1277	0.9500	0.4004	0.8900	0.1219s	0.3644	0.9020	0.8953
154
0436	0.1314	0.9750	0.3856	0.9000	0.1220s	0.3495	0.9070	0.9018
155
0437	0.1264	0.9750	0.3775	0.9040	0.1223s	0.3411	0.9080	0.9032
156
0438	0.1370	0.9667	0.3757	0.9100	0.1219s	0.3383	0.9080	0.9034
157
0439	0.1291	0.9667	0.3773	0.9020	0.1218s	0.3393	0.9060	0.9010
158
0440	0.1238	1.0000	0.3820	0.8980	0.1226s	0.3427	0.9100	0.9053
159
0441	0.1190	0.9750	0.3930	0.8960	0.1225s	0.3535	0.9030	0.8972
160
0442	0.1359	0.9750	0.4019	0.8940	0.1220s	0.3618	0.9020	0.8959
161
0443	0.1336	0.9833	0.4057	0.8940	0.1224s	0.3674	0.9010	0.8945
162
0444	0.1110	1.0000	0.4082	0.8960	0.1220s	0.3720	0.8980	0.8910
163
0445	0.1260	0.9917	0.4062	0.8960	0.1222s	0.3714	0.9020	0.8951
164
0446	0.1216	0.9917	0.4015	0.8960	0.1221s	0.3674	0.9050	0.8987
165
0447	0.1168	1.0000	0.3961	0.8940	0.1218s	0.3619	0.9070	0.9012
166
0448	0.1387	0.9917	0.3868	0.8960	0.1219s	0.3505	0.9150	0.9106
167
0449	0.1297	0.9917	0.3829	0.8960	0.1226s	0.3441	0.9120	0.9072
168
0450	0.1314	0.9750	0.3888	0.8980	0.1223s	0.3478	0.9060	0.9011
169
0451	0.1191	0.9500	0.4000	0.8940	0.1053s	0.3567	0.9040	0.8989
170
0452	0.1254	0.9833	0.4074	0.8940	0.1226s	0.3631	0.8990	0.8933
171
0453	0.1356	0.9833	0.4058	0.8920	0.1224s	0.3614	0.9030	0.8976
172
0454	0.1130	0.9750	0.4021	0.8940	0.1226s	0.3574	0.9040	0.8979
173
0455	0.1379	0.9917	0.3997	0.8980	0.1233s	0.3549	0.9020	0.8959
174
0456	0.1028	0.9917	0.4018	0.9020	0.1220s	0.3566	0.9090	0.9034
175
0457	0.1364	0.9750	0.4029	0.9000	0.1223s	0.3580	0.9080	0.9025
176
0458	0.1624	0.9833	0.3988	0.9040	0.1220s	0.3544	0.9100	0.9046
177
0459	0.1306	1.0000	0.3944	0.9020	0.1226s	0.3502	0.9100	0.9046
178
0460	0.1194	0.9833	0.3922	0.9040	0.1222s	0.3479	0.9050	0.8999
179
0461	0.1172	1.0000	0.3964	0.8940	0.1223s	0.3512	0.9040	0.8991
180
0462	0.1276	0.9833	0.4046	0.8980	0.1265s	0.3576	0.9020	0.8967
181
0463	0.1322	0.9917	0.4037	0.8960	0.1224s	0.3561	0.9040	0.8990
182
0464	0.1164	0.9750	0.4023	0.8960	0.1219s	0.3547	0.9020	0.8969
183
0465	0.1360	0.9667	0.3941	0.8980	0.1219s	0.3462	0.9050	0.8999
184
0466	0.1335	1.0000	0.3880	0.8980	0.1220s	0.3403	0.9100	0.9049
185
0467	0.1237	1.0000	0.3873	0.8960	0.1222s	0.3408	0.9130	0.9081
186
0468	0.1250	0.9750	0.3868	0.8960	0.1220s	0.3418	0.9120	0.9071
187
0469	0.1334	0.9750	0.3880	0.9000	0.1051s	0.3450	0.9080	0.9023
188
0470	0.1236	0.9917	0.3901	0.9020	0.1205s	0.3493	0.9030	0.8971
189
0471	0.1481	0.9917	0.3946	0.8960	0.1226s	0.3555	0.9030	0.8969
190
0472	0.1315	0.9917	0.4005	0.8940	0.1223s	0.3615	0.9000	0.8937
191
0473	0.1205	0.9750	0.4007	0.8920	0.1206s	0.3620	0.9010	0.8944
192
0474	0.1246	0.9917	0.3999	0.8940	0.1227s	0.3621	0.8980	0.8914
193
0475	0.1376	0.9667	0.3973	0.8960	0.1221s	0.3608	0.9030	0.8974
194
0476	0.1507	0.9583	0.3947	0.8980	0.1102s	0.3594	0.9020	0.8964
195
0477	0.1132	0.9750	0.3891	0.8960	0.1219s	0.3547	0.9050	0.9000
196
0478	0.1367	0.9917	0.3847	0.9020	0.1224s	0.3513	0.9050	0.8995
197
0479	0.1237	0.9917	0.3860	0.9000	0.1195s	0.3538	0.9030	0.8970
198
0480	0.1188	0.9833	0.3912	0.8980	0.1224s	0.3595	0.8960	0.8897
199
Early stop! Min loss:0.36914095282554626,  Max accuracy:0.912
Early stop model validation loss:0.36914095282554626,  accuracy:0.906
Optimization Finished!
Total time elapsed: 58.7699s
test max acc:0.9150
Loading 279th epoch
stru_node_to_hop attention:tensor([[0.2522, 0.2512, 0.2486, 0.2480],
        [0.2500, 0.2500, 0.2500, 0.2500],
        [0.2478, 0.2511, 0.2506, 0.2505],
        [0.2485, 0.2513, 0.2502, 0.2500],
        [0.2504, 0.2500, 0.2499, 0.2498],
        [0.2481, 0.2505, 0.2507, 0.2507],
        [0.2494, 0.2503, 0.2502, 0.2501],
        [0.2504, 0.2499, 0.2499, 0.2498],
        [0.2506, 0.2502, 0.2497, 0.2495],
        [0.2490, 0.2508, 0.2502, 0.2499],
        [0.2498, 0.2500, 0.2501, 0.2501],
        [0.2487, 0.2509, 0.2503, 0.2500],
        [0.2496, 0.2506, 0.2499, 0.2499],
        [0.2506, 0.2506, 0.2496, 0.2492],
        [0.2497, 0.2511, 0.2498, 0.2494],
        [0.2510, 0.2503, 0.2496, 0.2492],
        [0.2489, 0.2508, 0.2502, 0.2501],
        [0.2497, 0.2508, 0.2498, 0.2496],
        [0.2500, 0.2500, 0.2501, 0.2500],
        [0.2496, 0.2504, 0.2500, 0.2500],
        [0.2501, 0.2500, 0.2500, 0.2500],
        [0.2482, 0.2517, 0.2503, 0.2498],
        [0.2500, 0.2501, 0.2500, 0.2499],
        [0.2508, 0.2496, 0.2498, 0.2498],
        [0.2498, 0.2500, 0.2500, 0.2501],
        [0.2490, 0.2505, 0.2503, 0.2502],
        [0.2501, 0.2500, 0.2500, 0.2500],
        [0.2504, 0.2500, 0.2498, 0.2498],
        [0.2500, 0.2499, 0.2501, 0.2501],
        [0.2482, 0.2511, 0.2505, 0.2502],
        [0.2504, 0.2499, 0.2498, 0.2498],
        [0.2481, 0.2508, 0.2506, 0.2505],
        [0.2499, 0.2505, 0.2498, 0.2498],
        [0.2506, 0.2496, 0.2498, 0.2499],
        [0.2502, 0.2513, 0.2495, 0.2489],
        [0.2491, 0.2505, 0.2502, 0.2502],
        [0.2492, 0.2506, 0.2502, 0.2499],
        [0.2501, 0.2499, 0.2500, 0.2500],
        [0.2498, 0.2501, 0.2501, 0.2500],
        [0.2505, 0.2496, 0.2501, 0.2497],
        [0.2491, 0.2504, 0.2503, 0.2503],
        [0.2509, 0.2498, 0.2497, 0.2497],
        [0.2490, 0.2507, 0.2502, 0.2501],
        [0.2500, 0.2500, 0.2500, 0.2500],
        [0.2495, 0.2502, 0.2501, 0.2501],
        [0.1561, 0.1874, 0.2750, 0.3815],
        [0.2508, 0.2495, 0.2498, 0.2500],
        [0.2482, 0.2512, 0.2503, 0.2503],
        [0.2495, 0.2503, 0.2501, 0.2501],
        [0.2508, 0.2496, 0.2498, 0.2499],
        [0.2481, 0.2503, 0.2508, 0.2508],
        [0.2498, 0.2501, 0.2500, 0.2500],
        [0.2497, 0.2502, 0.2501, 0.2501],
        [0.2495, 0.2501, 0.2503, 0.2502],
        [0.2468, 0.2521, 0.2509, 0.2502],
        [0.2474, 0.2511, 0.2507, 0.2509],
        [0.2502, 0.2505, 0.2498, 0.2495],
        [0.2489, 0.2504, 0.2504, 0.2503],
        [0.2485, 0.2513, 0.2504, 0.2499],
        [0.2485, 0.2511, 0.2503, 0.2501],
        [0.2479, 0.2506, 0.2508, 0.2507],
        [0.2503, 0.2500, 0.2498, 0.2498],
        [0.2504, 0.2500, 0.2499, 0.2498],
        [0.2500, 0.2486, 0.2504, 0.2510],
        [0.2498, 0.2501, 0.2501, 0.2500],
        [0.2495, 0.2499, 0.2503, 0.2503],
        [0.2492, 0.2508, 0.2501, 0.2500],
        [0.2470, 0.2506, 0.2511, 0.2512],
        [0.2499, 0.2501, 0.2501, 0.2500],
        [0.2504, 0.2500, 0.2498, 0.2498],
        [0.2477, 0.2511, 0.2506, 0.2506],
        [0.2501, 0.2500, 0.2500, 0.2500],
        [0.2491, 0.2508, 0.2501, 0.2499],
        [0.2491, 0.2518, 0.2499, 0.2492],
        [0.2500, 0.2500, 0.2500, 0.2500],
        [0.2489, 0.2508, 0.2502, 0.2501],
        [0.2493, 0.2507, 0.2501, 0.2499],
        [0.2504, 0.2502, 0.2497, 0.2497],
        [0.2504, 0.2499, 0.2499, 0.2499],
        [0.2495, 0.2499, 0.2503, 0.2503],
        [0.2508, 0.2501, 0.2498, 0.2494],
        [0.2509, 0.2501, 0.2496, 0.2494],
        [0.2500, 0.2502, 0.2499, 0.2498],
        [0.2500, 0.2500, 0.2500, 0.2500],
        [0.2493, 0.2503, 0.2502, 0.2502],
        [0.2499, 0.2501, 0.2500, 0.2500],
        [0.2493, 0.2502, 0.2503, 0.2503],
        [0.2459, 0.2522, 0.2511, 0.2507],
        [0.2504, 0.2505, 0.2498, 0.2494],
        [0.2520, 0.2494, 0.2494, 0.2492],
        [0.2483, 0.2508, 0.2505, 0.2505],
        [0.2500, 0.2500, 0.2500, 0.2500],
        [0.2500, 0.2500, 0.2500, 0.2500],
        [0.2495, 0.2503, 0.2501, 0.2500],
        [0.2497, 0.2502, 0.2501, 0.2501],
        [0.2499, 0.2502, 0.2500, 0.2499],
        [0.2496, 0.2503, 0.2501, 0.2500],
        [0.2522, 0.2487, 0.2496, 0.2495],
        [0.2500, 0.2498, 0.2501, 0.2501],
        [0.2521, 0.2497, 0.2493, 0.2489]], device='cuda:1')
fea_node_to_hop attention:tensor([[0.3283, 0.3360, 0.3357],
        [0.3331, 0.3334, 0.3335],
        [0.3278, 0.3359, 0.3363],
        [0.3321, 0.3331, 0.3348],
        [0.3315, 0.3344, 0.3340],
        [0.3320, 0.3335, 0.3345],
        [0.3305, 0.3340, 0.3355],
        [0.3330, 0.3327, 0.3343],
        [0.3323, 0.3329, 0.3348],
        [0.3301, 0.3336, 0.3363],
        [0.3317, 0.3340, 0.3343],
        [0.3289, 0.3335, 0.3376],
        [0.3316, 0.3337, 0.3347],
        [0.3318, 0.3324, 0.3358],
        [0.3289, 0.3343, 0.3368],
        [0.3316, 0.3331, 0.3353],
        [0.3305, 0.3336, 0.3359],
        [0.3325, 0.3325, 0.3349],
        [0.3320, 0.3328, 0.3352],
        [0.3326, 0.3339, 0.3334],
        [0.3333, 0.3334, 0.3334],
        [0.3338, 0.3310, 0.3352],
        [0.3309, 0.3342, 0.3349],
        [0.3343, 0.3325, 0.3332],
        [0.3334, 0.3335, 0.3331],
        [0.3305, 0.3347, 0.3348],
        [0.3318, 0.3341, 0.3341],
        [0.3314, 0.3345, 0.3340],
        [0.3290, 0.3341, 0.3369],
        [0.3327, 0.3331, 0.3342],
        [0.3339, 0.3332, 0.3329],
        [0.3305, 0.3333, 0.3362],
        [0.3304, 0.3343, 0.3353],
        [0.3355, 0.3327, 0.3318],
        [0.3368, 0.3317, 0.3315],
        [0.3308, 0.3340, 0.3351],
        [0.3318, 0.3334, 0.3347],
        [0.3330, 0.3339, 0.3331],
        [0.3334, 0.3332, 0.3334],
        [0.3300, 0.3353, 0.3347],
        [0.3309, 0.3343, 0.3349],
        [0.3298, 0.3354, 0.3348],
        [0.3300, 0.3349, 0.3351],
        [0.3335, 0.3332, 0.3332],
        [0.3312, 0.3340, 0.3348],
        [0.3110, 0.3450, 0.3441],
        [0.3333, 0.3333, 0.3334],
        [0.3299, 0.3347, 0.3355],
        [0.3307, 0.3347, 0.3346],
        [0.3346, 0.3330, 0.3324],
        [0.3310, 0.3351, 0.3339],
        [0.3334, 0.3329, 0.3337],
        [0.3329, 0.3335, 0.3336],
        [0.3293, 0.3351, 0.3356],
        [0.3348, 0.3325, 0.3327],
        [0.3321, 0.3326, 0.3353],
        [0.3307, 0.3352, 0.3341],
        [0.3275, 0.3355, 0.3370],
        [0.3316, 0.3337, 0.3347],
        [0.3334, 0.3323, 0.3343],
        [0.3318, 0.3342, 0.3340],
        [0.3322, 0.3338, 0.3340],
        [0.3323, 0.3334, 0.3343],
        [0.3327, 0.3340, 0.3333],
        [0.3327, 0.3337, 0.3336],
        [0.3343, 0.3322, 0.3334],
        [0.3330, 0.3333, 0.3337],
        [0.3324, 0.3328, 0.3348],
        [0.3323, 0.3338, 0.3339],
        [0.3319, 0.3333, 0.3348],
        [0.3324, 0.3334, 0.3342],
        [0.3338, 0.3331, 0.3331],
        [0.3302, 0.3338, 0.3360],
        [0.3276, 0.3349, 0.3375],
        [0.3335, 0.3332, 0.3332],
        [0.3310, 0.3341, 0.3349],
        [0.3299, 0.3336, 0.3365],
        [0.3321, 0.3333, 0.3346],
        [0.3340, 0.3328, 0.3332],
        [0.3323, 0.3332, 0.3345],
        [0.3317, 0.3334, 0.3348],
        [0.3318, 0.3341, 0.3342],
        [0.3309, 0.3336, 0.3355],
        [0.3320, 0.3335, 0.3345],
        [0.3329, 0.3337, 0.3334],
        [0.3304, 0.3334, 0.3362],
        [0.3329, 0.3340, 0.3330],
        [0.3282, 0.3347, 0.3370],
        [0.3310, 0.3337, 0.3354],
        [0.3320, 0.3341, 0.3338],
        [0.3306, 0.3348, 0.3346],
        [0.3333, 0.3333, 0.3333],
        [0.3331, 0.3334, 0.3335],
        [0.3300, 0.3356, 0.3343],
        [0.3326, 0.3337, 0.3337],
        [0.3312, 0.3342, 0.3346],
        [0.3319, 0.3338, 0.3342],
        [0.3326, 0.3344, 0.3330],
        [0.3325, 0.3338, 0.3337],
        [0.3295, 0.3361, 0.3344]], device='cuda:1')
perception attention:tensor([0.5000, 0.5000], device='cuda:1')
Test set results: loss= 0.3525 accuracy= 0.9060 F1_score= 0.9004
