# epoch	loss_train	acc_train	loss_val	acc_val	time	acc_test	f1_test
0001	1.7948	0.1750	1.6794	0.3280	0.1218s	1.6624	0.3330	0.2464
0
0002	1.6826	0.4000	1.5283	0.4380	0.1247s	1.4992	0.4510	0.3140
0
0003	1.5308	0.3667	1.3451	0.5840	0.1046s	1.3183	0.6110	0.5339
0
0004	1.3379	0.6750	1.1501	0.7900	0.1199s	1.1295	0.8120	0.7946
0
0005	1.1208	0.7500	0.9846	0.8660	0.1228s	0.9669	0.8690	0.8612
0
0006	0.9675	0.8083	0.8483	0.8520	0.1217s	0.8306	0.8530	0.8447
0
0007	0.8271	0.8417	0.7323	0.8580	0.1221s	0.7105	0.8590	0.8502
0
0008	0.6986	0.8750	0.6332	0.8660	0.1224s	0.6115	0.8710	0.8616
0
0009	0.5797	0.8917	0.5579	0.8840	0.1198s	0.5382	0.8870	0.8782
0
0010	0.4917	0.9250	0.5038	0.8880	0.1222s	0.4827	0.8890	0.8808
0
0011	0.4360	0.9250	0.4615	0.8960	0.1229s	0.4367	0.8990	0.8925
0
0012	0.3690	0.9500	0.4338	0.9000	0.1224s	0.4044	0.8890	0.8815
0
0013	0.3445	0.9333	0.4132	0.8940	0.1220s	0.3806	0.8920	0.8849
0
0014	0.3226	0.9083	0.3950	0.8960	0.1219s	0.3610	0.8970	0.8911
0
0015	0.2881	0.9250	0.3826	0.8940	0.1219s	0.3478	0.9010	0.8956
0
0016	0.2884	0.9417	0.3787	0.8940	0.1222s	0.3422	0.8990	0.8932
0
0017	0.2850	0.9500	0.3793	0.8920	0.1223s	0.3411	0.9020	0.8957
0
0018	0.2177	0.9750	0.3813	0.8940	0.1219s	0.3414	0.9020	0.8950
1
0019	0.2480	0.9250	0.3810	0.8940	0.1221s	0.3401	0.9010	0.8943
2
0020	0.2321	0.9667	0.3783	0.8960	0.1222s	0.3363	0.8940	0.8870
3
0021	0.1814	0.9583	0.3789	0.8980	0.1224s	0.3357	0.8940	0.8872
0
0022	0.2162	0.9583	0.3794	0.8960	0.1128s	0.3371	0.8950	0.8882
1
0023	0.2019	0.9833	0.3798	0.8900	0.1045s	0.3384	0.8980	0.8914
2
0024	0.1891	0.9917	0.3804	0.8880	0.1214s	0.3398	0.8970	0.8907
3
0025	0.1766	0.9583	0.3823	0.8900	0.1219s	0.3419	0.8970	0.8908
4
0026	0.1776	0.9667	0.3835	0.8900	0.1220s	0.3435	0.8990	0.8929
5
0027	0.1903	0.9667	0.3864	0.8900	0.1050s	0.3467	0.8990	0.8928
6
0028	0.1770	0.9833	0.3886	0.8880	0.1042s	0.3484	0.8980	0.8917
7
0029	0.1928	0.9750	0.3953	0.8900	0.1046s	0.3552	0.8950	0.8876
8
0030	0.1648	0.9500	0.4031	0.8920	0.1046s	0.3637	0.8940	0.8869
9
0031	0.1414	0.9750	0.4119	0.8940	0.1194s	0.3722	0.8870	0.8799
10
0032	0.1665	0.9417	0.4104	0.8920	0.1221s	0.3714	0.8870	0.8799
11
0033	0.1892	0.9833	0.4045	0.8900	0.1226s	0.3672	0.8870	0.8801
12
0034	0.1524	0.9667	0.3984	0.8940	0.1226s	0.3630	0.8900	0.8831
13
0035	0.1637	0.9667	0.3957	0.8940	0.1216s	0.3620	0.8920	0.8855
14
0036	0.1651	0.9750	0.4001	0.8860	0.1227s	0.3674	0.8880	0.8812
15
0037	0.1622	0.9583	0.4074	0.8760	0.1224s	0.3752	0.8880	0.8808
16
0038	0.1348	1.0000	0.4146	0.8780	0.1224s	0.3826	0.8870	0.8789
17
0039	0.1722	0.9833	0.4175	0.8800	0.1224s	0.3850	0.8880	0.8797
18
0040	0.1837	0.9750	0.4137	0.8780	0.1045s	0.3800	0.8860	0.8775
19
0041	0.1700	0.9667	0.4086	0.8840	0.1047s	0.3740	0.8870	0.8790
20
0042	0.1445	0.9917	0.4065	0.8900	0.1044s	0.3719	0.8880	0.8805
21
0043	0.1684	0.9917	0.4101	0.8920	0.1203s	0.3752	0.8840	0.8765
22
0044	0.1563	0.9750	0.4138	0.8900	0.1187s	0.3785	0.8820	0.8743
23
0045	0.1588	0.9667	0.4141	0.8880	0.1118s	0.3791	0.8800	0.8730
24
0046	0.1496	0.9667	0.4062	0.8900	0.1219s	0.3735	0.8860	0.8794
25
0047	0.1513	0.9833	0.3979	0.8860	0.1220s	0.3678	0.8880	0.8815
26
0048	0.1715	0.9667	0.3935	0.8840	0.1073s	0.3643	0.8910	0.8844
27
0049	0.1782	0.9833	0.3956	0.8860	0.1226s	0.3648	0.8950	0.8885
28
0050	0.1644	0.9917	0.3963	0.8920	0.1219s	0.3643	0.8940	0.8876
29
0051	0.1579	0.9833	0.3955	0.8940	0.1219s	0.3630	0.8930	0.8867
30
0052	0.1727	0.9833	0.3904	0.8900	0.1224s	0.3574	0.8990	0.8924
31
0053	0.1475	0.9917	0.3855	0.8960	0.1225s	0.3530	0.8970	0.8907
32
0054	0.1431	0.9833	0.3837	0.8960	0.1224s	0.3527	0.8940	0.8877
33
0055	0.2071	0.9750	0.3846	0.8960	0.1218s	0.3557	0.8950	0.8886
34
0056	0.1564	0.9917	0.3906	0.8960	0.1221s	0.3635	0.8880	0.8822
35
0057	0.1553	0.9833	0.3883	0.8960	0.1227s	0.3631	0.8890	0.8833
36
0058	0.1322	0.9917	0.3832	0.9000	0.1221s	0.3590	0.8910	0.8858
37
0059	0.1264	0.9917	0.3745	0.9000	0.1224s	0.3504	0.8940	0.8882
0
0060	0.1444	0.9917	0.3701	0.9040	0.1202s	0.3453	0.8970	0.8910
0
0061	0.1540	0.9917	0.3688	0.9000	0.1218s	0.3428	0.8970	0.8914
0
0062	0.1745	0.9750	0.3711	0.8940	0.1054s	0.3445	0.8990	0.8931
0
0063	0.1437	0.9583	0.3774	0.8900	0.1221s	0.3511	0.8970	0.8907
1
0064	0.1587	0.9833	0.3801	0.8880	0.1216s	0.3548	0.9010	0.8947
2
0065	0.1307	1.0000	0.3794	0.8860	0.1222s	0.3554	0.9020	0.8958
3
0066	0.1432	0.9750	0.3721	0.8940	0.1226s	0.3496	0.9020	0.8963
4
0067	0.1568	0.9917	0.3640	0.8980	0.1230s	0.3416	0.9000	0.8945
5
0068	0.1746	0.9583	0.3616	0.9040	0.1222s	0.3380	0.8970	0.8913
0
0069	0.1563	0.9833	0.3646	0.9080	0.1225s	0.3407	0.8990	0.8931
0
0070	0.1605	0.9750	0.3684	0.9020	0.1221s	0.3460	0.8940	0.8881
0
0071	0.1553	0.9833	0.3699	0.9040	0.1223s	0.3497	0.8930	0.8874
1
0072	0.1365	0.9833	0.3740	0.9000	0.1229s	0.3568	0.8910	0.8850
2
0073	0.1702	0.9500	0.3754	0.8980	0.1225s	0.3597	0.8960	0.8899
3
0074	0.1511	0.9917	0.3751	0.9000	0.1220s	0.3603	0.9000	0.8935
4
0075	0.1442	0.9833	0.3753	0.8940	0.1221s	0.3617	0.9030	0.8965
5
0076	0.1565	0.9750	0.3699	0.8980	0.1216s	0.3570	0.9050	0.8987
6
0077	0.1597	0.9417	0.3612	0.9040	0.1235s	0.3477	0.9030	0.8970
7
0078	0.1276	0.9833	0.3560	0.9080	0.1219s	0.3404	0.9050	0.8994
0
0079	0.1513	0.9917	0.3515	0.9100	0.1225s	0.3357	0.9070	0.9016
0
0080	0.1436	0.9583	0.3503	0.9120	0.1225s	0.3352	0.9020	0.8964
0
0081	0.1535	0.9667	0.3530	0.9120	0.1223s	0.3376	0.9000	0.8949
0
0082	0.1577	0.9917	0.3558	0.9000	0.1219s	0.3421	0.8980	0.8924
0
0083	0.1631	0.9750	0.3587	0.9000	0.1225s	0.3478	0.8980	0.8925
1
0084	0.1509	0.9833	0.3585	0.9020	0.1225s	0.3487	0.8980	0.8923
2
0085	0.1310	1.0000	0.3565	0.9000	0.1046s	0.3466	0.9010	0.8953
3
0086	0.1673	0.9500	0.3520	0.8980	0.1221s	0.3418	0.9000	0.8946
4
0087	0.1368	1.0000	0.3495	0.9060	0.1112s	0.3381	0.9030	0.8976
5
0088	0.1385	0.9833	0.3492	0.9040	0.1219s	0.3348	0.9050	0.8999
0
0089	0.1548	0.9750	0.3509	0.9060	0.1222s	0.3324	0.9080	0.9031
0
0090	0.1394	0.9583	0.3542	0.9040	0.1225s	0.3345	0.9070	0.9018
1
0091	0.1544	0.9833	0.3578	0.9060	0.1218s	0.3346	0.9100	0.9047
2
0092	0.1545	0.9667	0.3649	0.9040	0.1227s	0.3402	0.9030	0.8975
3
0093	0.1413	0.9917	0.3688	0.9040	0.1049s	0.3430	0.8980	0.8928
4
0094	0.1396	0.9833	0.3695	0.9060	0.1216s	0.3444	0.8960	0.8906
5
0095	0.1680	0.9833	0.3625	0.9060	0.1223s	0.3416	0.9000	0.8951
6
0096	0.1416	0.9833	0.3544	0.9040	0.1219s	0.3390	0.9030	0.8979
7
0097	0.1639	0.9500	0.3529	0.9000	0.1222s	0.3423	0.9020	0.8965
8
0098	0.1492	0.9833	0.3543	0.9000	0.1225s	0.3471	0.9040	0.8984
9
0099	0.1387	0.9667	0.3531	0.9000	0.1220s	0.3455	0.9070	0.9019
10
0100	0.1366	0.9833	0.3532	0.9040	0.1217s	0.3436	0.9080	0.9028
11
0101	0.1366	1.0000	0.3531	0.9040	0.1224s	0.3408	0.9140	0.9095
12
0102	0.1411	0.9917	0.3561	0.9040	0.1224s	0.3424	0.9100	0.9051
13
0103	0.1471	0.9833	0.3633	0.9020	0.1225s	0.3485	0.9040	0.8984
14
0104	0.1385	0.9833	0.3673	0.9000	0.1224s	0.3527	0.9010	0.8952
15
0105	0.1668	0.9583	0.3635	0.9020	0.1222s	0.3520	0.9030	0.8972
16
0106	0.1383	0.9750	0.3563	0.9040	0.1223s	0.3466	0.9070	0.9020
17
0107	0.1527	0.9750	0.3516	0.9020	0.1222s	0.3448	0.9050	0.8999
18
0108	0.1264	0.9833	0.3509	0.9000	0.1216s	0.3464	0.9110	0.9065
19
0109	0.1442	0.9917	0.3533	0.9000	0.1217s	0.3502	0.9100	0.9051
20
0110	0.1522	0.9917	0.3557	0.9020	0.1216s	0.3528	0.9100	0.9051
21
0111	0.1421	0.9833	0.3566	0.9040	0.1222s	0.3520	0.9120	0.9073
22
0112	0.1576	0.9750	0.3567	0.9080	0.1224s	0.3483	0.9120	0.9070
23
0113	0.1461	0.9833	0.3609	0.9060	0.1112s	0.3485	0.9050	0.8997
24
0114	0.1251	0.9917	0.3673	0.9040	0.1223s	0.3528	0.9070	0.9021
25
0115	0.1580	1.0000	0.3716	0.9020	0.1221s	0.3569	0.9050	0.8998
26
0116	0.1458	0.9917	0.3782	0.9020	0.1227s	0.3667	0.8980	0.8922
27
0117	0.1336	0.9750	0.3799	0.9020	0.1222s	0.3715	0.8960	0.8903
28
0118	0.1493	0.9917	0.3708	0.9000	0.1221s	0.3656	0.9000	0.8951
29
0119	0.1563	0.9833	0.3603	0.9060	0.1049s	0.3559	0.9060	0.9014
30
0120	0.1377	0.9750	0.3565	0.9040	0.1191s	0.3515	0.9090	0.9043
31
0121	0.1758	0.9917	0.3562	0.9040	0.1227s	0.3504	0.9100	0.9052
32
0122	0.1287	0.9917	0.3599	0.9040	0.1173s	0.3530	0.9080	0.9029
33
0123	0.1442	0.9833	0.3651	0.9020	0.1221s	0.3579	0.9090	0.9037
34
0124	0.1414	0.9833	0.3754	0.8980	0.1213s	0.3691	0.9080	0.9017
35
0125	0.1635	0.9833	0.3928	0.8900	0.1219s	0.3867	0.8970	0.8897
36
0126	0.1303	1.0000	0.3995	0.8860	0.1228s	0.3934	0.8920	0.8844
37
0127	0.1772	0.9667	0.3895	0.8860	0.1221s	0.3856	0.8880	0.8807
38
0128	0.1244	0.9917	0.3742	0.8960	0.1221s	0.3722	0.8940	0.8875
39
0129	0.1408	0.9833	0.3653	0.9100	0.1225s	0.3635	0.9010	0.8955
40
0130	0.1594	0.9583	0.3566	0.9100	0.1227s	0.3541	0.9060	0.9012
41
0131	0.1369	0.9833	0.3545	0.9100	0.1222s	0.3500	0.9070	0.9023
42
0132	0.1357	0.9750	0.3544	0.9100	0.1216s	0.3494	0.9110	0.9067
43
0133	0.1222	0.9917	0.3573	0.9100	0.1221s	0.3524	0.9060	0.9010
44
0134	0.1391	0.9750	0.3636	0.9100	0.1223s	0.3586	0.9030	0.8974
45
0135	0.1444	0.9750	0.3694	0.9040	0.1224s	0.3632	0.9030	0.8973
46
0136	0.1377	0.9417	0.3790	0.8980	0.1215s	0.3718	0.9000	0.8939
47
0137	0.1523	0.9583	0.3821	0.8980	0.1220s	0.3752	0.9010	0.8952
48
0138	0.1271	0.9667	0.3784	0.8980	0.1050s	0.3713	0.9000	0.8942
49
0139	0.1277	0.9917	0.3714	0.9000	0.1197s	0.3645	0.9010	0.8958
50
0140	0.1362	0.9917	0.3664	0.9040	0.1087s	0.3594	0.9030	0.8975
51
0141	0.1391	0.9833	0.3613	0.9060	0.1219s	0.3538	0.9050	0.8996
52
0142	0.1689	0.9500	0.3582	0.9100	0.1219s	0.3484	0.9060	0.9009
53
0143	0.1289	0.9667	0.3568	0.9160	0.1224s	0.3456	0.9060	0.9011
54
0144	0.1303	0.9833	0.3581	0.9120	0.1225s	0.3465	0.9100	0.9054
0
0145	0.1322	0.9833	0.3631	0.9100	0.1226s	0.3526	0.9060	0.9008
1
0146	0.1282	0.9750	0.3688	0.9060	0.1224s	0.3602	0.9050	0.8993
2
0147	0.1346	0.9833	0.3722	0.9020	0.1191s	0.3656	0.9060	0.9002
3
0148	0.1271	0.9917	0.3699	0.9040	0.1050s	0.3638	0.9040	0.8982
4
0149	0.1162	0.9917	0.3664	0.9060	0.1050s	0.3590	0.9080	0.9031
5
0150	0.1691	0.9667	0.3656	0.9080	0.1224s	0.3548	0.9060	0.9016
6
0151	0.1273	0.9917	0.3672	0.9080	0.1219s	0.3523	0.9060	0.9014
7
0152	0.1595	0.9750	0.3701	0.9060	0.1225s	0.3502	0.9090	0.9043
8
0153	0.1574	0.9667	0.3722	0.9060	0.1222s	0.3502	0.9070	0.9016
9
0154	0.1373	0.9667	0.3756	0.9040	0.1226s	0.3514	0.9050	0.8992
10
0155	0.1329	0.9667	0.3784	0.9020	0.1072s	0.3536	0.9050	0.8994
11
0156	0.1245	0.9667	0.3766	0.9040	0.1045s	0.3529	0.9060	0.9009
12
0157	0.1431	0.9750	0.3717	0.9060	0.1220s	0.3505	0.9090	0.9043
13
0158	0.1369	0.9333	0.3662	0.9060	0.1217s	0.3464	0.9110	0.9066
14
0159	0.1452	0.9917	0.3593	0.9100	0.1227s	0.3403	0.9090	0.9050
15
0160	0.1495	0.9667	0.3605	0.9080	0.1233s	0.3418	0.9100	0.9061
16
0161	0.1587	1.0000	0.3657	0.9060	0.1221s	0.3453	0.9070	0.9033
17
0162	0.1723	0.9833	0.3680	0.9100	0.1221s	0.3451	0.9030	0.8989
18
0163	0.1449	0.9917	0.3699	0.9080	0.1223s	0.3436	0.9050	0.9006
19
0164	0.1337	0.9667	0.3746	0.9060	0.1222s	0.3427	0.9070	0.9022
20
0165	0.1310	1.0000	0.3828	0.9040	0.1221s	0.3454	0.9040	0.8984
21
0166	0.1357	0.9833	0.3884	0.8980	0.1221s	0.3487	0.9010	0.8953
22
0167	0.1246	0.9750	0.3872	0.9020	0.1224s	0.3486	0.9050	0.8999
23
0168	0.1385	0.9750	0.3892	0.9000	0.1221s	0.3547	0.9060	0.9006
24
0169	0.1373	0.9833	0.3934	0.8980	0.1223s	0.3615	0.9030	0.8966
25
0170	0.1481	0.9833	0.3963	0.8960	0.1221s	0.3660	0.8980	0.8913
26
0171	0.1588	0.9750	0.3944	0.9000	0.1044s	0.3645	0.8990	0.8935
27
0172	0.1506	0.9833	0.3937	0.9000	0.1221s	0.3624	0.9010	0.8962
28
0173	0.1420	0.9667	0.3910	0.9040	0.1216s	0.3588	0.9020	0.8975
29
0174	0.1398	0.9500	0.3868	0.9080	0.1214s	0.3541	0.8990	0.8944
30
0175	0.1406	0.9750	0.3838	0.9040	0.1224s	0.3501	0.9010	0.8962
31
0176	0.1298	0.9750	0.3796	0.9040	0.1216s	0.3485	0.9040	0.8989
32
0177	0.1495	0.9833	0.3758	0.9080	0.1059s	0.3479	0.9070	0.9021
33
0178	0.1403	0.9667	0.3774	0.9020	0.1215s	0.3511	0.9050	0.9001
34
0179	0.1423	0.9750	0.3811	0.9040	0.1221s	0.3555	0.9030	0.8974
35
0180	0.1237	0.9750	0.3866	0.9020	0.1045s	0.3603	0.9040	0.8985
36
0181	0.1324	1.0000	0.3930	0.9000	0.1043s	0.3663	0.9040	0.8987
37
0182	0.1283	0.9833	0.3944	0.9020	0.1217s	0.3685	0.9000	0.8952
38
0183	0.1313	0.9917	0.3933	0.9020	0.1223s	0.3680	0.9010	0.8966
39
0184	0.1418	0.9833	0.3851	0.9020	0.1222s	0.3620	0.8990	0.8945
40
0185	0.1385	0.9833	0.3706	0.9120	0.1058s	0.3507	0.9060	0.9014
41
0186	0.1308	0.9833	0.3634	0.9100	0.1220s	0.3455	0.9030	0.8981
42
0187	0.1217	0.9667	0.3603	0.9120	0.1222s	0.3433	0.9040	0.8993
43
0188	0.1504	0.9750	0.3602	0.9100	0.1221s	0.3432	0.9060	0.9015
44
0189	0.1326	0.9750	0.3611	0.9140	0.1199s	0.3434	0.9050	0.9004
45
0190	0.1388	0.9833	0.3625	0.9140	0.1045s	0.3435	0.9050	0.9003
46
0191	0.1289	0.9750	0.3688	0.9120	0.1215s	0.3474	0.9050	0.9003
47
0192	0.1520	0.9917	0.3764	0.9080	0.1224s	0.3528	0.9040	0.8994
48
0193	0.1574	0.9917	0.3801	0.9080	0.1217s	0.3536	0.9020	0.8973
49
0194	0.1317	0.9917	0.3779	0.9080	0.1222s	0.3500	0.9020	0.8970
50
0195	0.1366	0.9833	0.3766	0.9060	0.1225s	0.3490	0.9070	0.9019
51
0196	0.1550	0.9917	0.3715	0.9060	0.1223s	0.3443	0.9040	0.8992
52
0197	0.1187	0.9750	0.3652	0.9140	0.1223s	0.3402	0.9050	0.9004
53
0198	0.1197	0.9667	0.3624	0.9100	0.1074s	0.3408	0.9070	0.9023
54
0199	0.1236	1.0000	0.3632	0.9080	0.1213s	0.3434	0.9050	0.9000
55
0200	0.1321	0.9917	0.3637	0.9100	0.1046s	0.3436	0.9050	0.8997
56
0201	0.1289	0.9750	0.3669	0.9100	0.1200s	0.3460	0.9090	0.9037
57
0202	0.1257	0.9917	0.3675	0.9040	0.1228s	0.3455	0.9070	0.9021
58
0203	0.1213	0.9833	0.3672	0.9080	0.1222s	0.3436	0.9120	0.9079
59
0204	0.1473	0.9583	0.3718	0.9060	0.1220s	0.3457	0.9040	0.8994
60
0205	0.1506	0.9917	0.3733	0.9120	0.1060s	0.3444	0.9040	0.8997
61
0206	0.1687	1.0000	0.3712	0.9100	0.1223s	0.3420	0.9060	0.9016
62
0207	0.1360	0.9917	0.3666	0.9120	0.1227s	0.3400	0.9070	0.9022
63
0208	0.1323	0.9917	0.3667	0.9080	0.1220s	0.3436	0.9080	0.9033
64
0209	0.1353	0.9667	0.3730	0.9080	0.1219s	0.3526	0.9020	0.8968
65
0210	0.1442	0.9833	0.3863	0.9080	0.1061s	0.3663	0.8990	0.8935
66
0211	0.1570	0.9833	0.3901	0.9060	0.1217s	0.3695	0.8980	0.8921
67
0212	0.1604	0.9667	0.3893	0.9020	0.1221s	0.3655	0.8990	0.8932
68
0213	0.1594	0.9583	0.3876	0.9000	0.1224s	0.3618	0.9010	0.8962
69
0214	0.1186	0.9833	0.3847	0.9040	0.1052s	0.3567	0.9050	0.9006
70
0215	0.1227	0.9833	0.3829	0.9040	0.1217s	0.3537	0.9110	0.9074
71
0216	0.1332	0.9667	0.3770	0.9020	0.1218s	0.3486	0.9090	0.9048
72
0217	0.1161	0.9917	0.3730	0.9100	0.1221s	0.3480	0.9090	0.9044
73
0218	0.1377	0.9917	0.3805	0.9060	0.1216s	0.3571	0.9060	0.9008
74
0219	0.1273	0.9750	0.3927	0.8980	0.1214s	0.3693	0.8980	0.8922
75
0220	0.1427	0.9750	0.3922	0.8980	0.1220s	0.3693	0.8980	0.8921
76
0221	0.1286	1.0000	0.3897	0.8980	0.1059s	0.3673	0.9020	0.8962
77
0222	0.1451	0.9750	0.3900	0.8940	0.1205s	0.3660	0.9010	0.8952
78
0223	0.1407	1.0000	0.3874	0.8960	0.1230s	0.3628	0.9000	0.8937
79
0224	0.1486	0.9833	0.3852	0.8960	0.1209s	0.3611	0.9080	0.9022
80
0225	0.1479	0.9667	0.3816	0.8960	0.1224s	0.3592	0.9090	0.9036
81
0226	0.1323	1.0000	0.3815	0.8960	0.1222s	0.3607	0.9100	0.9046
82
0227	0.1198	0.9917	0.3821	0.9020	0.1221s	0.3613	0.9100	0.9047
83
0228	0.1131	1.0000	0.3866	0.8980	0.1218s	0.3641	0.9040	0.8982
84
0229	0.1525	0.9750	0.3921	0.8940	0.1249s	0.3678	0.8990	0.8927
85
0230	0.1287	0.9833	0.3890	0.8940	0.1221s	0.3655	0.9010	0.8951
86
0231	0.1360	0.9750	0.3818	0.8940	0.1223s	0.3606	0.9090	0.9041
87
0232	0.1278	0.9750	0.3781	0.9040	0.1220s	0.3585	0.9070	0.9019
88
0233	0.1199	0.9750	0.3764	0.9020	0.1222s	0.3592	0.9070	0.9019
89
0234	0.1508	0.9750	0.3743	0.8980	0.1217s	0.3607	0.9100	0.9048
90
0235	0.1194	0.9667	0.3750	0.9020	0.1222s	0.3643	0.9110	0.9061
91
0236	0.1422	0.9667	0.3753	0.9020	0.1221s	0.3652	0.9120	0.9070
92
0237	0.1383	0.9667	0.3759	0.9020	0.1222s	0.3640	0.9100	0.9049
93
0238	0.1420	0.9917	0.3794	0.9020	0.1223s	0.3663	0.9070	0.9020
94
0239	0.1298	0.9917	0.3853	0.8960	0.1107s	0.3699	0.9020	0.8964
95
0240	0.1269	0.9833	0.3942	0.8940	0.1220s	0.3763	0.8990	0.8931
96
0241	0.1321	1.0000	0.4011	0.8960	0.1203s	0.3806	0.8980	0.8918
97
0242	0.1358	1.0000	0.3977	0.8960	0.1224s	0.3767	0.8980	0.8921
98
0243	0.1260	0.9917	0.3890	0.9000	0.1210s	0.3697	0.9050	0.9000
99
0244	0.1299	1.0000	0.3851	0.9020	0.1228s	0.3678	0.9070	0.9017
100
0245	0.1422	0.9833	0.3838	0.9020	0.1185s	0.3683	0.9080	0.9027
101
0246	0.1313	0.9750	0.3842	0.9000	0.1194s	0.3701	0.9070	0.9017
102
0247	0.1172	0.9917	0.3881	0.8980	0.1225s	0.3759	0.9010	0.8951
103
0248	0.1453	0.9917	0.4002	0.8960	0.1218s	0.3879	0.8970	0.8910
104
0249	0.1150	1.0000	0.4094	0.8920	0.1219s	0.3967	0.8940	0.8875
105
0250	0.1421	0.9667	0.4106	0.8920	0.1185s	0.3976	0.8950	0.8888
106
0251	0.1341	0.9917	0.3989	0.8960	0.1150s	0.3872	0.8960	0.8903
107
0252	0.1229	0.9917	0.3886	0.8980	0.1047s	0.3766	0.8970	0.8909
108
0253	0.1261	0.9833	0.3825	0.9080	0.1139s	0.3681	0.9030	0.8977
109
0254	0.1228	0.9833	0.3817	0.9060	0.1200s	0.3649	0.9060	0.9008
110
0255	0.1454	0.9667	0.3868	0.9060	0.1049s	0.3697	0.9040	0.8987
111
0256	0.1360	0.9917	0.3992	0.9020	0.1195s	0.3825	0.9030	0.8974
112
0257	0.1310	0.9917	0.4172	0.8960	0.1046s	0.3993	0.8970	0.8906
113
0258	0.1267	0.9833	0.4223	0.8900	0.1214s	0.4033	0.8980	0.8914
114
0259	0.1345	0.9667	0.4155	0.8940	0.1220s	0.3959	0.8990	0.8925
115
0260	0.1321	0.9667	0.3995	0.8980	0.1165s	0.3793	0.9040	0.8979
116
0261	0.1333	0.9750	0.3900	0.9000	0.1045s	0.3693	0.9050	0.8992
117
0262	0.1191	0.9667	0.3849	0.8980	0.1201s	0.3639	0.9080	0.9026
118
0263	0.1316	0.9750	0.3860	0.8980	0.1143s	0.3658	0.9040	0.8982
119
0264	0.1334	0.9667	0.3896	0.8920	0.1174s	0.3699	0.9010	0.8956
120
0265	0.1413	0.9917	0.3987	0.8960	0.1130s	0.3777	0.9010	0.8958
121
0266	0.1209	0.9917	0.4110	0.8900	0.1231s	0.3876	0.8960	0.8905
122
0267	0.1166	0.9750	0.4115	0.8900	0.1221s	0.3871	0.8990	0.8929
123
0268	0.1282	0.9917	0.4072	0.8920	0.1183s	0.3839	0.9000	0.8940
124
0269	0.1632	0.9667	0.3898	0.8960	0.1225s	0.3681	0.9060	0.9005
125
0270	0.1278	0.9833	0.3769	0.9100	0.1178s	0.3564	0.9130	0.9080
126
0271	0.1428	0.9667	0.3727	0.9020	0.1136s	0.3536	0.9110	0.9061
127
0272	0.1341	0.9917	0.3699	0.9000	0.1065s	0.3519	0.9100	0.9050
128
0273	0.1224	0.9917	0.3664	0.9020	0.1179s	0.3506	0.9090	0.9041
129
0274	0.1304	0.9833	0.3681	0.9020	0.1056s	0.3544	0.9070	0.9013
130
0275	0.1181	0.9917	0.3758	0.8920	0.1204s	0.3635	0.9030	0.8972
131
0276	0.1407	0.9667	0.3811	0.8900	0.1198s	0.3694	0.9010	0.8951
132
0277	0.1273	0.9750	0.3902	0.8880	0.1227s	0.3774	0.8940	0.8879
133
0278	0.1251	0.9750	0.3978	0.8900	0.1099s	0.3830	0.8920	0.8854
134
0279	0.1330	0.9750	0.3958	0.8900	0.1198s	0.3802	0.8930	0.8866
135
0280	0.1431	0.9750	0.3792	0.9020	0.1218s	0.3637	0.9040	0.8979
136
0281	0.1437	0.9833	0.3665	0.9100	0.1049s	0.3516	0.9070	0.9015
137
0282	0.1325	0.9583	0.3629	0.9060	0.1152s	0.3486	0.9080	0.9031
138
0283	0.1228	0.9833	0.3653	0.9020	0.1132s	0.3520	0.9060	0.9015
139
0284	0.1456	0.9833	0.3663	0.9020	0.1199s	0.3540	0.9100	0.9053
140
0285	0.1431	0.9917	0.3683	0.9040	0.1200s	0.3558	0.9040	0.8985
141
0286	0.1358	0.9833	0.3774	0.8960	0.1099s	0.3646	0.9050	0.8992
142
0287	0.1263	0.9750	0.3864	0.8960	0.1066s	0.3730	0.8990	0.8928
143
0288	0.1199	0.9667	0.3868	0.8980	0.1209s	0.3720	0.8950	0.8889
144
0289	0.1327	0.9833	0.3848	0.9020	0.1200s	0.3678	0.8970	0.8911
145
0290	0.1218	1.0000	0.3808	0.9000	0.1229s	0.3626	0.8970	0.8913
146
0291	0.1372	0.9750	0.3753	0.9020	0.1201s	0.3568	0.9020	0.8964
147
0292	0.1345	1.0000	0.3710	0.9040	0.1050s	0.3521	0.9090	0.9037
148
0293	0.1431	0.9750	0.3708	0.9060	0.1048s	0.3520	0.9080	0.9028
149
0294	0.1434	0.9833	0.3723	0.9060	0.1221s	0.3522	0.9060	0.9008
150
0295	0.1361	0.9833	0.3776	0.9000	0.1227s	0.3576	0.9090	0.9035
151
0296	0.1049	1.0000	0.3850	0.8960	0.1225s	0.3654	0.9040	0.8983
152
0297	0.1313	0.9917	0.3909	0.8940	0.1193s	0.3698	0.9040	0.8979
153
0298	0.1161	0.9917	0.3970	0.8940	0.1153s	0.3723	0.9020	0.8959
154
0299	0.1157	0.9833	0.3953	0.8920	0.1211s	0.3667	0.9020	0.8962
155
0300	0.1177	0.9917	0.3913	0.8960	0.1048s	0.3607	0.9020	0.8963
156
0301	0.1493	0.9583	0.3892	0.8980	0.1168s	0.3564	0.9050	0.8999
157
0302	0.1173	1.0000	0.3878	0.8980	0.1226s	0.3537	0.9040	0.8989
158
0303	0.1194	0.9833	0.3857	0.9000	0.1227s	0.3526	0.9040	0.8991
159
0304	0.1232	0.9750	0.3883	0.8980	0.1229s	0.3575	0.9030	0.8978
160
0305	0.1283	0.9583	0.3889	0.8960	0.1226s	0.3597	0.9050	0.8998
161
0306	0.1025	1.0000	0.3910	0.9000	0.1048s	0.3633	0.9040	0.8981
162
0307	0.1296	0.9667	0.3937	0.8960	0.1227s	0.3671	0.9040	0.8981
163
0308	0.1209	0.9833	0.3948	0.8960	0.1225s	0.3682	0.9050	0.8990
164
0309	0.1157	0.9833	0.3933	0.8980	0.1192s	0.3665	0.9050	0.8989
165
0310	0.1264	0.9833	0.3880	0.9000	0.1130s	0.3607	0.9070	0.9015
166
0311	0.1282	0.9833	0.3829	0.9000	0.1200s	0.3538	0.9120	0.9069
167
0312	0.1274	0.9667	0.3828	0.8980	0.1053s	0.3523	0.9110	0.9060
168
0313	0.1386	0.9667	0.3863	0.8960	0.1153s	0.3554	0.9100	0.9047
169
0314	0.1110	1.0000	0.3928	0.8980	0.1202s	0.3625	0.9080	0.9022
170
0315	0.1258	0.9833	0.4027	0.8880	0.1227s	0.3732	0.9050	0.8989
171
0316	0.1297	0.9667	0.4077	0.8880	0.1090s	0.3789	0.9060	0.8998
172
0317	0.1169	0.9917	0.4040	0.8960	0.1146s	0.3779	0.9060	0.8999
173
0318	0.1517	0.9833	0.3997	0.8940	0.1127s	0.3754	0.9010	0.8950
174
0319	0.1234	1.0000	0.3970	0.8940	0.1145s	0.3737	0.8980	0.8925
175
0320	0.1457	0.9583	0.3899	0.8940	0.1182s	0.3660	0.8990	0.8935
176
0321	0.1159	0.9833	0.3844	0.8980	0.1224s	0.3605	0.9030	0.8976
177
0322	0.1270	1.0000	0.3802	0.9020	0.1225s	0.3563	0.9040	0.8986
178
0323	0.1088	0.9917	0.3807	0.9000	0.1051s	0.3569	0.9040	0.8986
179
0324	0.1372	0.9917	0.3807	0.9040	0.1200s	0.3570	0.9100	0.9051
180
0325	0.1286	0.9833	0.3857	0.9000	0.1074s	0.3610	0.9130	0.9080
181
0326	0.1376	0.9917	0.3972	0.8940	0.1221s	0.3691	0.9140	0.9088
182
0327	0.1226	0.9833	0.4053	0.8940	0.1195s	0.3750	0.9130	0.9076
183
0328	0.1707	0.9583	0.4013	0.8940	0.1222s	0.3701	0.9110	0.9058
184
0329	0.1351	0.9750	0.3979	0.8920	0.1197s	0.3669	0.9010	0.8952
185
0330	0.1269	0.9667	0.3958	0.9000	0.1043s	0.3647	0.9000	0.8943
186
0331	0.1256	0.9917	0.3952	0.8960	0.1188s	0.3640	0.9020	0.8966
187
0332	0.1201	0.9750	0.3922	0.8920	0.1226s	0.3609	0.9030	0.8977
188
0333	0.1254	0.9917	0.3865	0.9000	0.1226s	0.3553	0.9040	0.8988
189
0334	0.1239	0.9917	0.3844	0.9040	0.1226s	0.3524	0.9080	0.9032
190
0335	0.1431	0.9833	0.3863	0.9060	0.1200s	0.3530	0.9130	0.9082
191
0336	0.1321	0.9750	0.3937	0.8960	0.1197s	0.3596	0.9140	0.9090
192
0337	0.1233	0.9667	0.4040	0.8940	0.1201s	0.3692	0.9160	0.9108
193
0338	0.1431	0.9750	0.4083	0.8940	0.1054s	0.3716	0.9110	0.9050
194
0339	0.1513	0.9833	0.4052	0.8920	0.1162s	0.3687	0.9120	0.9061
195
0340	0.1400	0.9667	0.3995	0.8920	0.1045s	0.3633	0.9050	0.8989
196
0341	0.1354	0.9583	0.3871	0.9000	0.1114s	0.3529	0.9000	0.8943
197
0342	0.1243	0.9833	0.3777	0.9000	0.1111s	0.3458	0.9060	0.9008
198
0343	0.1384	0.9583	0.3717	0.9020	0.1149s	0.3433	0.9070	0.9022
199
Early stop! Min loss:0.3491517901420593,  Max accuracy:0.916
Early stop model validation loss:0.3491517901420593,  accuracy:0.904
Optimization Finished!
Total time elapsed: 41.3383s
test max acc:0.9160
Loading 87th epoch
stru_node_to_hop attention:tensor([[0.2488, 0.2507, 0.2502, 0.2502],
        [0.2501, 0.2499, 0.2500, 0.2500],
        [0.2482, 0.2509, 0.2505, 0.2504],
        [0.2484, 0.2517, 0.2501, 0.2498],
        [0.2489, 0.2506, 0.2503, 0.2502],
        [0.2494, 0.2507, 0.2500, 0.2499],
        [0.2488, 0.2505, 0.2504, 0.2503],
        [0.2500, 0.2500, 0.2500, 0.2500],
        [0.2494, 0.2505, 0.2501, 0.2500],
        [0.2499, 0.2504, 0.2499, 0.2498],
        [0.2501, 0.2500, 0.2499, 0.2499],
        [0.2496, 0.2502, 0.2501, 0.2501],
        [0.2506, 0.2497, 0.2499, 0.2499],
        [0.2476, 0.2512, 0.2506, 0.2506],
        [0.2494, 0.2504, 0.2502, 0.2500],
        [0.2500, 0.2507, 0.2498, 0.2494],
        [0.2494, 0.2507, 0.2501, 0.2498],
        [0.2488, 0.2511, 0.2503, 0.2499],
        [0.2500, 0.2500, 0.2500, 0.2500],
        [0.2500, 0.2504, 0.2499, 0.2496],
        [0.2500, 0.2500, 0.2500, 0.2500],
        [0.2497, 0.2512, 0.2497, 0.2494],
        [0.2493, 0.2504, 0.2503, 0.2501],
        [0.2489, 0.2506, 0.2502, 0.2503],
        [0.2498, 0.2500, 0.2501, 0.2501],
        [0.2497, 0.2505, 0.2500, 0.2498],
        [0.2504, 0.2499, 0.2499, 0.2498],
        [0.2483, 0.2508, 0.2505, 0.2503],
        [0.2509, 0.2496, 0.2497, 0.2497],
        [0.2487, 0.2511, 0.2502, 0.2500],
        [0.2488, 0.2510, 0.2502, 0.2500],
        [0.2496, 0.2501, 0.2502, 0.2501],
        [0.2501, 0.2502, 0.2499, 0.2498],
        [0.2497, 0.2501, 0.2501, 0.2501],
        [0.2500, 0.2505, 0.2499, 0.2496],
        [0.2499, 0.2501, 0.2500, 0.2500],
        [0.2493, 0.2503, 0.2503, 0.2501],
        [0.2482, 0.2506, 0.2506, 0.2506],
        [0.2497, 0.2501, 0.2501, 0.2501],
        [0.2504, 0.2502, 0.2497, 0.2496],
        [0.2496, 0.2501, 0.2501, 0.2501],
        [0.2502, 0.2500, 0.2499, 0.2498],
        [0.2488, 0.2509, 0.2503, 0.2500],
        [0.2500, 0.2500, 0.2500, 0.2500],
        [0.2485, 0.2507, 0.2505, 0.2502],
        [0.1825, 0.1998, 0.2751, 0.3426],
        [0.2506, 0.2499, 0.2498, 0.2497],
        [0.2482, 0.2512, 0.2504, 0.2502],
        [0.2494, 0.2504, 0.2502, 0.2500],
        [0.2496, 0.2503, 0.2502, 0.2500],
        [0.2485, 0.2505, 0.2505, 0.2505],
        [0.2499, 0.2501, 0.2500, 0.2500],
        [0.2499, 0.2500, 0.2500, 0.2500],
        [0.2503, 0.2500, 0.2499, 0.2498],
        [0.2494, 0.2504, 0.2502, 0.2500],
        [0.2491, 0.2504, 0.2502, 0.2502],
        [0.2499, 0.2506, 0.2499, 0.2497],
        [0.2497, 0.2505, 0.2499, 0.2498],
        [0.2497, 0.2510, 0.2499, 0.2494],
        [0.2479, 0.2518, 0.2504, 0.2500],
        [0.2499, 0.2502, 0.2500, 0.2499],
        [0.2482, 0.2512, 0.2503, 0.2502],
        [0.2496, 0.2507, 0.2499, 0.2498],
        [0.2491, 0.2494, 0.2505, 0.2509],
        [0.2498, 0.2501, 0.2500, 0.2500],
        [0.2495, 0.2500, 0.2502, 0.2503],
        [0.2495, 0.2505, 0.2500, 0.2500],
        [0.2477, 0.2506, 0.2508, 0.2510],
        [0.2494, 0.2503, 0.2502, 0.2501],
        [0.2497, 0.2502, 0.2501, 0.2500],
        [0.2484, 0.2515, 0.2502, 0.2500],
        [0.2493, 0.2501, 0.2503, 0.2503],
        [0.2495, 0.2505, 0.2501, 0.2499],
        [0.2492, 0.2512, 0.2499, 0.2496],
        [0.2501, 0.2500, 0.2499, 0.2500],
        [0.2490, 0.2508, 0.2502, 0.2500],
        [0.2494, 0.2509, 0.2500, 0.2497],
        [0.2503, 0.2496, 0.2500, 0.2501],
        [0.2495, 0.2503, 0.2501, 0.2501],
        [0.2487, 0.2502, 0.2505, 0.2505],
        [0.2506, 0.2502, 0.2498, 0.2494],
        [0.2493, 0.2507, 0.2501, 0.2499],
        [0.2504, 0.2501, 0.2498, 0.2497],
        [0.2494, 0.2503, 0.2502, 0.2501],
        [0.2491, 0.2505, 0.2502, 0.2501],
        [0.2500, 0.2500, 0.2500, 0.2500],
        [0.2490, 0.2502, 0.2504, 0.2504],
        [0.2497, 0.2501, 0.2501, 0.2501],
        [0.2496, 0.2508, 0.2500, 0.2497],
        [0.2512, 0.2497, 0.2496, 0.2494],
        [0.2493, 0.2504, 0.2502, 0.2502],
        [0.2500, 0.2500, 0.2500, 0.2500],
        [0.2497, 0.2502, 0.2500, 0.2500],
        [0.2492, 0.2504, 0.2502, 0.2501],
        [0.2496, 0.2504, 0.2501, 0.2499],
        [0.2503, 0.2498, 0.2499, 0.2499],
        [0.2495, 0.2504, 0.2501, 0.2500],
        [0.2502, 0.2498, 0.2500, 0.2499],
        [0.2492, 0.2506, 0.2502, 0.2500],
        [0.2504, 0.2501, 0.2498, 0.2496]], device='cuda:1')
fea_node_to_hop attention:tensor([[0.3327, 0.3329, 0.3344],
        [0.3336, 0.3332, 0.3332],
        [0.3291, 0.3351, 0.3358],
        [0.3310, 0.3341, 0.3349],
        [0.3344, 0.3325, 0.3331],
        [0.3316, 0.3336, 0.3348],
        [0.3294, 0.3337, 0.3369],
        [0.3333, 0.3329, 0.3338],
        [0.3300, 0.3350, 0.3350],
        [0.3320, 0.3333, 0.3346],
        [0.3319, 0.3337, 0.3344],
        [0.3320, 0.3336, 0.3344],
        [0.3344, 0.3327, 0.3329],
        [0.3321, 0.3337, 0.3343],
        [0.3287, 0.3348, 0.3365],
        [0.3312, 0.3340, 0.3348],
        [0.3298, 0.3347, 0.3355],
        [0.3301, 0.3347, 0.3352],
        [0.3335, 0.3331, 0.3334],
        [0.3312, 0.3334, 0.3354],
        [0.3330, 0.3336, 0.3335],
        [0.3337, 0.3324, 0.3339],
        [0.3296, 0.3341, 0.3363],
        [0.3320, 0.3341, 0.3339],
        [0.3329, 0.3336, 0.3335],
        [0.3312, 0.3339, 0.3349],
        [0.3331, 0.3331, 0.3338],
        [0.3293, 0.3347, 0.3359],
        [0.3312, 0.3337, 0.3351],
        [0.3283, 0.3362, 0.3354],
        [0.3300, 0.3339, 0.3361],
        [0.3317, 0.3335, 0.3348],
        [0.3344, 0.3324, 0.3332],
        [0.3332, 0.3330, 0.3338],
        [0.3339, 0.3331, 0.3330],
        [0.3320, 0.3338, 0.3342],
        [0.3313, 0.3341, 0.3346],
        [0.3315, 0.3344, 0.3341],
        [0.3321, 0.3338, 0.3342],
        [0.3308, 0.3346, 0.3346],
        [0.3325, 0.3332, 0.3343],
        [0.3330, 0.3329, 0.3341],
        [0.3275, 0.3356, 0.3369],
        [0.3332, 0.3334, 0.3335],
        [0.3321, 0.3342, 0.3337],
        [0.3213, 0.3624, 0.3163],
        [0.3331, 0.3332, 0.3338],
        [0.3291, 0.3351, 0.3357],
        [0.3299, 0.3343, 0.3358],
        [0.3327, 0.3336, 0.3337],
        [0.3319, 0.3339, 0.3341],
        [0.3314, 0.3342, 0.3344],
        [0.3330, 0.3335, 0.3335],
        [0.3303, 0.3346, 0.3351],
        [0.3338, 0.3324, 0.3338],
        [0.3321, 0.3339, 0.3340],
        [0.3329, 0.3332, 0.3339],
        [0.3306, 0.3345, 0.3349],
        [0.3336, 0.3322, 0.3342],
        [0.3326, 0.3327, 0.3347],
        [0.3321, 0.3336, 0.3342],
        [0.3276, 0.3351, 0.3373],
        [0.3310, 0.3339, 0.3351],
        [0.3327, 0.3336, 0.3338],
        [0.3326, 0.3337, 0.3337],
        [0.3326, 0.3335, 0.3339],
        [0.3315, 0.3345, 0.3340],
        [0.3318, 0.3333, 0.3349],
        [0.3314, 0.3343, 0.3343],
        [0.3299, 0.3350, 0.3351],
        [0.3302, 0.3347, 0.3351],
        [0.3311, 0.3343, 0.3345],
        [0.3320, 0.3333, 0.3347],
        [0.3303, 0.3339, 0.3358],
        [0.3338, 0.3331, 0.3331],
        [0.3298, 0.3344, 0.3358],
        [0.3292, 0.3351, 0.3357],
        [0.3320, 0.3334, 0.3347],
        [0.3324, 0.3333, 0.3343],
        [0.3273, 0.3360, 0.3367],
        [0.3315, 0.3341, 0.3344],
        [0.3287, 0.3362, 0.3351],
        [0.3299, 0.3347, 0.3354],
        [0.3328, 0.3330, 0.3342],
        [0.3296, 0.3351, 0.3353],
        [0.3334, 0.3326, 0.3340],
        [0.3328, 0.3338, 0.3334],
        [0.3323, 0.3338, 0.3339],
        [0.3319, 0.3335, 0.3347],
        [0.3285, 0.3355, 0.3361],
        [0.3296, 0.3350, 0.3354],
        [0.3334, 0.3333, 0.3333],
        [0.3310, 0.3343, 0.3347],
        [0.3314, 0.3345, 0.3341],
        [0.3312, 0.3342, 0.3346],
        [0.3338, 0.3331, 0.3330],
        [0.3322, 0.3339, 0.3340],
        [0.3309, 0.3350, 0.3341],
        [0.3296, 0.3348, 0.3356],
        [0.3317, 0.3338, 0.3345]], device='cuda:1')
perception attention:tensor([0.5000, 0.5000], device='cuda:1')
Test set results: loss= 0.3348 accuracy= 0.9050 F1_score= 0.8999
