# epoch	loss_train	acc_train	loss_val	acc_val	time	acc_test	f1_test
0001	1.7996	0.1417	1.7073	0.3940	0.1238s	1.7023	0.4050	0.3312
0
0002	1.6949	0.4583	1.5625	0.4180	0.1222s	1.5492	0.4150	0.3296
0
0003	1.5514	0.4500	1.3789	0.5180	0.1219s	1.3565	0.5490	0.4945
0
0004	1.3649	0.6333	1.1737	0.7620	0.1207s	1.1472	0.7810	0.7621
0
0005	1.1631	0.7583	0.9794	0.8760	0.1057s	0.9523	0.8810	0.8718
0
0006	0.9168	0.7833	0.8278	0.8880	0.1044s	0.7994	0.8790	0.8726
0
0007	0.8099	0.8667	0.7032	0.8840	0.1220s	0.6743	0.8870	0.8809
0
0008	0.7439	0.8750	0.6017	0.8980	0.1211s	0.5737	0.8950	0.8884
0
0009	0.5671	0.8750	0.5371	0.8960	0.1223s	0.5095	0.9030	0.8962
0
0010	0.4850	0.8917	0.4915	0.8880	0.1226s	0.4610	0.9000	0.8926
0
0011	0.4424	0.8750	0.4508	0.8920	0.1223s	0.4150	0.9010	0.8935
0
0012	0.3697	0.9417	0.4207	0.9020	0.1224s	0.3805	0.9010	0.8947
0
0013	0.3535	0.9333	0.4026	0.9000	0.1217s	0.3594	0.8980	0.8921
0
0014	0.2951	0.9250	0.3950	0.8900	0.1221s	0.3497	0.8990	0.8936
0
0015	0.3285	0.9083	0.3883	0.8940	0.1217s	0.3422	0.8960	0.8905
0
0016	0.2602	0.9500	0.3839	0.8920	0.1220s	0.3382	0.9040	0.8986
0
0017	0.2567	0.9583	0.3828	0.9040	0.1220s	0.3365	0.9020	0.8959
0
0018	0.2346	0.9583	0.3852	0.8980	0.1235s	0.3393	0.8980	0.8907
0
0019	0.2113	0.9583	0.3879	0.8980	0.1221s	0.3420	0.8960	0.8885
1
0020	0.2322	0.9667	0.3918	0.8980	0.1216s	0.3457	0.8960	0.8890
2
0021	0.1948	0.9750	0.3946	0.9000	0.1219s	0.3484	0.8930	0.8861
3
0022	0.1910	0.9667	0.3963	0.8980	0.1221s	0.3493	0.8950	0.8882
4
0023	0.1927	0.9750	0.4026	0.8940	0.1234s	0.3548	0.8950	0.8886
5
0024	0.1832	0.9833	0.4101	0.8980	0.1224s	0.3615	0.8910	0.8844
6
0025	0.1736	0.9750	0.4193	0.8960	0.1222s	0.3709	0.8890	0.8824
7
0026	0.1697	0.9750	0.4179	0.8960	0.1208s	0.3717	0.8890	0.8826
8
0027	0.2102	0.9583	0.4062	0.8960	0.1221s	0.3632	0.8900	0.8830
9
0028	0.1462	0.9667	0.4005	0.8960	0.1228s	0.3588	0.8900	0.8827
10
0029	0.1599	0.9750	0.4006	0.8960	0.1212s	0.3603	0.8890	0.8823
11
0030	0.1688	0.9917	0.4016	0.8960	0.1220s	0.3614	0.8880	0.8812
12
0031	0.1583	0.9833	0.4053	0.8940	0.1222s	0.3656	0.8890	0.8813
13
0032	0.1560	0.9833	0.4103	0.8860	0.1235s	0.3692	0.8850	0.8774
14
0033	0.1573	0.9667	0.4174	0.8920	0.1220s	0.3739	0.8890	0.8823
15
0034	0.1429	0.9500	0.4257	0.8920	0.1220s	0.3806	0.8820	0.8746
16
0035	0.1692	0.9833	0.4335	0.8920	0.1222s	0.3859	0.8840	0.8768
17
0036	0.1793	0.9667	0.4328	0.8920	0.1222s	0.3849	0.8830	0.8759
18
0037	0.1651	0.9750	0.4210	0.8940	0.1228s	0.3737	0.8890	0.8828
19
0038	0.1482	0.9750	0.4082	0.8980	0.1223s	0.3633	0.8960	0.8904
20
0039	0.1684	0.9917	0.3959	0.9020	0.1227s	0.3548	0.8950	0.8893
21
0040	0.1530	1.0000	0.3920	0.8940	0.1216s	0.3544	0.8910	0.8848
22
0041	0.1759	0.9750	0.3962	0.8840	0.1216s	0.3616	0.8930	0.8867
23
0042	0.1619	0.9750	0.3968	0.8840	0.1221s	0.3614	0.8890	0.8822
24
0043	0.1697	0.9750	0.3963	0.8780	0.1222s	0.3594	0.8910	0.8841
25
0044	0.1627	0.9667	0.3963	0.8880	0.1219s	0.3569	0.8880	0.8807
26
0045	0.1507	0.9750	0.4010	0.8920	0.1216s	0.3592	0.8930	0.8860
27
0046	0.1558	0.9833	0.4078	0.8920	0.1224s	0.3648	0.8900	0.8830
28
0047	0.1203	1.0000	0.4126	0.8940	0.1059s	0.3688	0.8870	0.8800
29
0048	0.1696	1.0000	0.4108	0.8920	0.1214s	0.3664	0.8880	0.8810
30
0049	0.1714	0.9833	0.4041	0.8940	0.1223s	0.3600	0.8970	0.8908
31
0050	0.1613	0.9833	0.3979	0.8960	0.1225s	0.3549	0.8940	0.8874
32
0051	0.1749	0.9583	0.3884	0.8980	0.1220s	0.3480	0.8960	0.8896
33
0052	0.1531	0.9583	0.3818	0.8940	0.1224s	0.3440	0.9020	0.8966
34
0053	0.1429	0.9917	0.3789	0.8940	0.1221s	0.3430	0.9050	0.9002
0
0054	0.1390	1.0000	0.3773	0.8940	0.1226s	0.3427	0.9060	0.9012
0
0055	0.1651	0.9667	0.3774	0.8940	0.1223s	0.3439	0.9060	0.9011
0
0056	0.1774	0.9750	0.3860	0.8880	0.1219s	0.3536	0.8950	0.8886
1
0057	0.1428	0.9917	0.3984	0.8880	0.1208s	0.3657	0.8930	0.8859
2
0058	0.1592	0.9917	0.4046	0.8860	0.1222s	0.3703	0.8840	0.8758
3
0059	0.1484	0.9667	0.4070	0.8840	0.1251s	0.3713	0.8820	0.8735
4
0060	0.1722	0.9667	0.4017	0.8820	0.1223s	0.3650	0.8930	0.8863
5
0061	0.1381	1.0000	0.3956	0.8840	0.1220s	0.3576	0.8950	0.8882
6
0062	0.1761	1.0000	0.3965	0.8860	0.1221s	0.3574	0.8980	0.8912
7
0063	0.1566	0.9667	0.3902	0.8880	0.1220s	0.3516	0.8990	0.8927
8
0064	0.1424	0.9750	0.3815	0.8980	0.1219s	0.3450	0.8980	0.8918
9
0065	0.1598	0.9750	0.3755	0.8980	0.1217s	0.3423	0.9020	0.8961
10
0066	0.1513	0.9917	0.3735	0.9020	0.1218s	0.3440	0.9010	0.8950
0
0067	0.1695	0.9667	0.3770	0.8960	0.1226s	0.3494	0.9040	0.8985
0
0068	0.1299	0.9750	0.3797	0.8940	0.1044s	0.3537	0.9030	0.8973
1
0069	0.1335	0.9750	0.3876	0.8880	0.1218s	0.3619	0.9020	0.8961
2
0070	0.1433	0.9750	0.3895	0.8880	0.1218s	0.3642	0.8990	0.8927
3
0071	0.1388	0.9750	0.3939	0.8840	0.1222s	0.3680	0.8970	0.8908
4
0072	0.1619	0.9833	0.3917	0.8860	0.1219s	0.3644	0.8970	0.8909
5
0073	0.1381	0.9667	0.3853	0.8980	0.1216s	0.3561	0.8950	0.8885
6
0074	0.1442	0.9833	0.3833	0.9020	0.1222s	0.3519	0.8980	0.8921
7
0075	0.1596	0.9917	0.3846	0.9000	0.1074s	0.3518	0.9010	0.8953
8
0076	0.1530	0.9833	0.3818	0.8940	0.1221s	0.3488	0.8980	0.8919
9
0077	0.1489	0.9917	0.3813	0.8900	0.1223s	0.3485	0.8990	0.8926
10
0078	0.1483	0.9917	0.3828	0.8900	0.1224s	0.3519	0.9000	0.8936
11
0079	0.1354	1.0000	0.3834	0.8880	0.1221s	0.3542	0.9000	0.8937
12
0080	0.1275	0.9917	0.3829	0.8880	0.1223s	0.3555	0.9000	0.8935
13
0081	0.1392	0.9750	0.3815	0.8880	0.1222s	0.3543	0.9000	0.8936
14
0082	0.1518	0.9667	0.3791	0.8920	0.1221s	0.3520	0.8990	0.8926
15
0083	0.1439	0.9833	0.3791	0.8940	0.1233s	0.3511	0.9010	0.8951
16
0084	0.1308	0.9917	0.3842	0.8940	0.1217s	0.3535	0.9000	0.8942
17
0085	0.1329	0.9417	0.3895	0.8920	0.1219s	0.3549	0.8970	0.8908
18
0086	0.1411	1.0000	0.3896	0.8940	0.1221s	0.3533	0.9010	0.8956
19
0087	0.1464	0.9750	0.3862	0.8980	0.1223s	0.3500	0.9000	0.8944
20
0088	0.1443	0.9917	0.3826	0.9020	0.1218s	0.3482	0.9010	0.8952
21
0089	0.1631	0.9833	0.3822	0.9000	0.1224s	0.3498	0.9020	0.8963
22
0090	0.1539	0.9917	0.3771	0.9000	0.1222s	0.3473	0.9030	0.8977
23
0091	0.1493	0.9917	0.3759	0.8960	0.1233s	0.3474	0.9020	0.8962
24
0092	0.1315	0.9667	0.3772	0.8980	0.1217s	0.3485	0.9000	0.8944
25
0093	0.1694	0.9667	0.3813	0.8940	0.1215s	0.3506	0.8940	0.8886
26
0094	0.1230	0.9500	0.3799	0.8980	0.1219s	0.3472	0.8940	0.8881
27
0095	0.1717	0.9667	0.3755	0.8980	0.1220s	0.3428	0.8970	0.8907
28
0096	0.1535	0.9500	0.3720	0.9000	0.1219s	0.3414	0.9030	0.8971
29
0097	0.1186	0.9833	0.3705	0.9020	0.1221s	0.3431	0.9020	0.8961
0
0098	0.1520	0.9833	0.3676	0.9000	0.1225s	0.3436	0.9060	0.9010
0
0099	0.1423	0.9833	0.3650	0.8960	0.1046s	0.3444	0.9060	0.9009
0
0100	0.1456	0.9750	0.3644	0.8920	0.1101s	0.3455	0.9070	0.9021
0
0101	0.1583	0.9750	0.3670	0.8960	0.1217s	0.3477	0.9060	0.9018
0
0102	0.1663	0.9583	0.3698	0.9000	0.1045s	0.3495	0.9050	0.8998
1
0103	0.1451	0.9750	0.3767	0.8960	0.1061s	0.3549	0.8980	0.8923
2
0104	0.1488	0.9833	0.3801	0.8920	0.1179s	0.3579	0.8940	0.8883
3
0105	0.1457	0.9833	0.3815	0.8880	0.1220s	0.3584	0.8930	0.8872
4
0106	0.1449	0.9833	0.3766	0.8920	0.1218s	0.3536	0.8990	0.8935
5
0107	0.1299	0.9917	0.3754	0.8940	0.1185s	0.3518	0.8980	0.8924
6
0108	0.1638	0.9833	0.3698	0.8920	0.1043s	0.3475	0.9030	0.8977
7
0109	0.1664	0.9750	0.3639	0.8960	0.1215s	0.3441	0.9060	0.9005
8
0110	0.1415	0.9583	0.3643	0.9000	0.1221s	0.3461	0.9050	0.8998
0
0111	0.1482	0.9750	0.3684	0.9000	0.1222s	0.3508	0.9060	0.9008
1
0112	0.1400	0.9917	0.3769	0.8980	0.1219s	0.3592	0.9030	0.8973
2
0113	0.1469	0.9917	0.3790	0.8940	0.1219s	0.3618	0.9030	0.8976
3
0114	0.1307	1.0000	0.3762	0.8940	0.1213s	0.3585	0.9060	0.9009
4
0115	0.1477	0.9833	0.3780	0.8920	0.1235s	0.3578	0.9060	0.9009
5
0116	0.1445	0.9917	0.3834	0.8900	0.1215s	0.3594	0.8980	0.8921
6
0117	0.1364	0.9917	0.3829	0.8900	0.1221s	0.3547	0.9020	0.8965
7
0118	0.1492	0.9917	0.3741	0.9000	0.1217s	0.3451	0.9080	0.9027
8
0119	0.1395	0.9750	0.3665	0.9060	0.1223s	0.3385	0.9100	0.9052
9
0120	0.1310	0.9667	0.3632	0.9040	0.1221s	0.3382	0.9090	0.9042
0
0121	0.1661	0.9750	0.3653	0.9040	0.1218s	0.3435	0.9080	0.9031
0
0122	0.1602	0.9667	0.3709	0.9000	0.1210s	0.3526	0.9070	0.9022
1
0123	0.1495	0.9750	0.3745	0.8980	0.1044s	0.3568	0.9020	0.8967
2
0124	0.1223	0.9917	0.3796	0.8940	0.1189s	0.3606	0.9020	0.8964
3
0125	0.1422	0.9833	0.3844	0.8860	0.1212s	0.3632	0.8990	0.8934
4
0126	0.1319	0.9667	0.3932	0.8860	0.1225s	0.3678	0.8920	0.8862
5
0127	0.1370	0.9750	0.3938	0.8860	0.1214s	0.3656	0.8950	0.8896
6
0128	0.1547	0.9750	0.3815	0.8960	0.1220s	0.3512	0.9020	0.8967
7
0129	0.1314	0.9833	0.3764	0.8980	0.1222s	0.3461	0.9040	0.8987
8
0130	0.1476	0.9750	0.3691	0.9040	0.1229s	0.3435	0.9090	0.9039
9
0131	0.1495	0.9667	0.3697	0.9060	0.1222s	0.3469	0.9060	0.9006
10
0132	0.1392	0.9667	0.3759	0.9020	0.1224s	0.3553	0.9040	0.8981
0
0133	0.1297	1.0000	0.3813	0.8960	0.1225s	0.3617	0.9050	0.8995
1
0134	0.1495	0.9917	0.3867	0.8960	0.1221s	0.3683	0.9070	0.9015
2
0135	0.1282	0.9833	0.3858	0.8980	0.1216s	0.3679	0.9040	0.8982
3
0136	0.1411	0.9833	0.3840	0.8960	0.1219s	0.3658	0.9030	0.8972
4
0137	0.1211	0.9917	0.3795	0.8960	0.1217s	0.3605	0.9020	0.8966
5
0138	0.1200	0.9917	0.3741	0.9060	0.1259s	0.3553	0.9040	0.8987
6
0139	0.1368	0.9500	0.3699	0.9060	0.1231s	0.3489	0.9030	0.8978
0
0140	0.1331	0.9833	0.3697	0.9060	0.1220s	0.3476	0.9040	0.8987
0
0141	0.1462	0.9917	0.3726	0.9060	0.1220s	0.3491	0.9070	0.9017
0
0142	0.1301	0.9917	0.3803	0.9020	0.1223s	0.3571	0.9030	0.8971
0
0143	0.1276	0.9750	0.3927	0.8940	0.1219s	0.3697	0.9040	0.8977
1
0144	0.1290	0.9583	0.4035	0.8880	0.1216s	0.3814	0.9040	0.8978
2
0145	0.1542	0.9417	0.4073	0.8820	0.1215s	0.3867	0.9010	0.8947
3
0146	0.1348	0.9833	0.3992	0.8860	0.1221s	0.3816	0.8990	0.8932
4
0147	0.1471	0.9833	0.3873	0.8960	0.1219s	0.3709	0.9000	0.8948
5
0148	0.1360	0.9750	0.3712	0.9000	0.1221s	0.3540	0.9020	0.8970
6
0149	0.1814	0.9417	0.3642	0.9080	0.1220s	0.3468	0.9030	0.8980
7
0150	0.1220	0.9833	0.3636	0.9040	0.1218s	0.3465	0.9040	0.8990
0
0151	0.1478	0.9917	0.3682	0.8960	0.1220s	0.3516	0.9020	0.8966
1
0152	0.1405	0.9917	0.3756	0.8980	0.1218s	0.3600	0.9010	0.8951
2
0153	0.1435	1.0000	0.3782	0.8940	0.1219s	0.3635	0.9020	0.8961
3
0154	0.1376	1.0000	0.3773	0.8960	0.1226s	0.3641	0.9000	0.8942
4
0155	0.1380	0.9917	0.3736	0.8980	0.1217s	0.3618	0.9010	0.8955
5
0156	0.1465	0.9833	0.3705	0.9040	0.1221s	0.3590	0.9030	0.8979
6
0157	0.1260	0.9917	0.3692	0.9080	0.1219s	0.3567	0.9040	0.8994
7
0158	0.1390	0.9667	0.3649	0.9100	0.1222s	0.3509	0.9050	0.9004
0
0159	0.1544	0.9917	0.3605	0.9100	0.1221s	0.3443	0.9080	0.9034
0
0160	0.1483	0.9583	0.3627	0.9060	0.1222s	0.3459	0.9060	0.9012
0
0161	0.1350	0.9917	0.3653	0.9040	0.1494s	0.3485	0.9040	0.8989
1
0162	0.1660	0.9917	0.3724	0.8980	0.1228s	0.3568	0.8980	0.8919
2
0163	0.1301	0.9833	0.3810	0.8920	0.1222s	0.3661	0.8970	0.8907
3
0164	0.1671	0.9750	0.3869	0.8880	0.1222s	0.3713	0.8970	0.8907
4
0165	0.1446	0.9667	0.3819	0.8920	0.1219s	0.3657	0.8990	0.8927
5
0166	0.1311	0.9833	0.3703	0.8980	0.1213s	0.3546	0.9040	0.8984
6
0167	0.1369	0.9750	0.3652	0.9020	0.1222s	0.3488	0.9090	0.9042
7
0168	0.1242	0.9833	0.3672	0.9020	0.1225s	0.3490	0.9090	0.9042
8
0169	0.1313	1.0000	0.3683	0.9020	0.1223s	0.3498	0.9080	0.9033
9
0170	0.1580	1.0000	0.3684	0.9040	0.1223s	0.3497	0.9100	0.9055
10
0171	0.1407	0.9833	0.3646	0.9000	0.1224s	0.3480	0.9070	0.9020
11
0172	0.1209	1.0000	0.3673	0.8980	0.1103s	0.3539	0.9020	0.8965
12
0173	0.1325	0.9833	0.3795	0.8960	0.1195s	0.3669	0.9000	0.8941
13
0174	0.1530	0.9583	0.3922	0.8900	0.1224s	0.3785	0.8950	0.8884
14
0175	0.1322	1.0000	0.4035	0.8820	0.1222s	0.3878	0.8940	0.8871
15
0176	0.1314	0.9667	0.3993	0.8880	0.1251s	0.3832	0.8980	0.8915
16
0177	0.1345	0.9833	0.3847	0.8980	0.1227s	0.3687	0.8970	0.8903
17
0178	0.1308	0.9750	0.3779	0.8980	0.1221s	0.3608	0.9090	0.9037
18
0179	0.1336	0.9750	0.3761	0.9040	0.1224s	0.3584	0.9110	0.9058
19
0180	0.1405	0.9833	0.3765	0.9040	0.1221s	0.3576	0.9070	0.9016
20
0181	0.1301	0.9917	0.3806	0.9000	0.1222s	0.3600	0.9020	0.8963
21
0182	0.1261	1.0000	0.3874	0.8940	0.1223s	0.3651	0.8970	0.8909
22
0183	0.1355	0.9583	0.3959	0.8940	0.1234s	0.3725	0.8940	0.8869
23
0184	0.1339	0.9917	0.3986	0.8940	0.1221s	0.3742	0.8930	0.8860
24
0185	0.1284	0.9750	0.3971	0.8940	0.1219s	0.3714	0.8950	0.8882
25
0186	0.1227	0.9833	0.3851	0.9000	0.1219s	0.3604	0.9000	0.8936
26
0187	0.1414	0.9917	0.3740	0.9060	0.1219s	0.3521	0.9040	0.8981
27
0188	0.1393	0.9667	0.3711	0.9020	0.1231s	0.3507	0.9110	0.9059
28
0189	0.1527	0.9667	0.3726	0.9000	0.1211s	0.3540	0.9110	0.9063
29
0190	0.1251	0.9917	0.3739	0.9000	0.1220s	0.3568	0.9090	0.9040
30
0191	0.1690	0.9750	0.3800	0.9040	0.1046s	0.3619	0.9060	0.9003
31
0192	0.1534	0.9750	0.3943	0.8920	0.1224s	0.3738	0.8970	0.8904
32
0193	0.1378	0.9833	0.4129	0.8860	0.1221s	0.3890	0.8910	0.8842
33
0194	0.1565	0.9583	0.4133	0.8820	0.1225s	0.3899	0.8910	0.8841
34
0195	0.1462	0.9917	0.3978	0.8900	0.1222s	0.3780	0.8940	0.8875
35
0196	0.1384	0.9750	0.3780	0.9040	0.1062s	0.3625	0.8960	0.8900
36
0197	0.1235	0.9833	0.3647	0.9060	0.1127s	0.3526	0.9020	0.8969
37
0198	0.1273	0.9917	0.3624	0.9040	0.1076s	0.3534	0.9060	0.9013
38
0199	0.1422	0.9750	0.3656	0.9060	0.1076s	0.3583	0.9070	0.9022
39
0200	0.1482	0.9583	0.3708	0.9080	0.1216s	0.3636	0.9070	0.9022
40
0201	0.1652	0.9833	0.3753	0.9040	0.1200s	0.3669	0.9010	0.8953
41
0202	0.1187	0.9833	0.3817	0.8980	0.1174s	0.3700	0.8980	0.8919
42
0203	0.1218	0.9833	0.3976	0.8880	0.1259s	0.3815	0.8930	0.8867
43
0204	0.1238	0.9917	0.4042	0.8840	0.1209s	0.3861	0.8940	0.8877
44
0205	0.1456	0.9917	0.3972	0.8860	0.1204s	0.3801	0.8960	0.8899
45
0206	0.1623	0.9750	0.3841	0.9000	0.1201s	0.3686	0.9000	0.8940
46
0207	0.1408	0.9917	0.3749	0.9020	0.1190s	0.3618	0.9030	0.8974
47
0208	0.1480	0.9833	0.3732	0.9040	0.1212s	0.3621	0.9000	0.8942
48
0209	0.1283	0.9833	0.3738	0.9020	0.1205s	0.3640	0.9020	0.8967
49
0210	0.1442	0.9667	0.3719	0.9040	0.1224s	0.3627	0.9010	0.8954
50
0211	0.1252	1.0000	0.3707	0.9040	0.1218s	0.3626	0.9020	0.8964
51
0212	0.1480	1.0000	0.3755	0.9020	0.1221s	0.3667	0.8990	0.8929
52
0213	0.1463	0.9833	0.3839	0.8960	0.1228s	0.3728	0.8970	0.8904
53
0214	0.1363	0.9917	0.3869	0.8920	0.1221s	0.3740	0.8960	0.8894
54
0215	0.1341	0.9500	0.3822	0.9000	0.1221s	0.3696	0.9010	0.8949
55
0216	0.1407	0.9917	0.3782	0.9000	0.1219s	0.3661	0.9030	0.8972
56
0217	0.1572	0.9667	0.3733	0.9000	0.1219s	0.3615	0.9040	0.8987
57
0218	0.1251	1.0000	0.3700	0.9020	0.1205s	0.3597	0.9010	0.8960
58
0219	0.1387	0.9833	0.3722	0.9000	0.1222s	0.3637	0.8990	0.8933
59
0220	0.1310	0.9917	0.3761	0.9020	0.1140s	0.3686	0.9020	0.8964
60
0221	0.1399	0.9750	0.3781	0.9020	0.1225s	0.3710	0.9010	0.8951
61
0222	0.1372	0.9833	0.3820	0.9000	0.1214s	0.3742	0.9030	0.8971
62
0223	0.1494	0.9917	0.3830	0.8980	0.1204s	0.3734	0.8990	0.8930
63
0224	0.1296	0.9833	0.3840	0.8960	0.1043s	0.3717	0.9010	0.8954
64
0225	0.1120	1.0000	0.3813	0.8980	0.1219s	0.3682	0.9000	0.8945
65
0226	0.1427	0.9750	0.3734	0.8980	0.1224s	0.3616	0.9030	0.8978
66
0227	0.1394	0.9833	0.3696	0.9020	0.1148s	0.3597	0.9020	0.8969
67
0228	0.1277	0.9833	0.3691	0.9020	0.1217s	0.3600	0.9010	0.8961
68
0229	0.1443	0.9833	0.3689	0.9000	0.1218s	0.3586	0.9040	0.8995
69
0230	0.1247	0.9833	0.3692	0.9020	0.1218s	0.3574	0.9020	0.8968
70
0231	0.1355	0.9917	0.3717	0.9000	0.1052s	0.3586	0.9000	0.8947
71
0232	0.1376	0.9750	0.3772	0.9000	0.1216s	0.3634	0.9010	0.8955
72
0233	0.1324	0.9833	0.3836	0.9000	0.1217s	0.3702	0.9010	0.8952
73
0234	0.1388	0.9917	0.3927	0.8920	0.1229s	0.3801	0.8980	0.8917
74
0235	0.1327	0.9833	0.3986	0.8940	0.1227s	0.3869	0.8980	0.8914
75
0236	0.1239	0.9917	0.4018	0.8900	0.1220s	0.3909	0.8930	0.8865
76
0237	0.1537	0.9667	0.3903	0.8980	0.1217s	0.3805	0.8980	0.8918
77
0238	0.1272	1.0000	0.3755	0.9020	0.1216s	0.3661	0.9010	0.8956
78
0239	0.1348	0.9583	0.3722	0.9020	0.1045s	0.3610	0.9000	0.8944
79
0240	0.1383	0.9750	0.3714	0.9000	0.1185s	0.3616	0.9030	0.8976
80
0241	0.1170	0.9750	0.3729	0.9000	0.1204s	0.3644	0.9030	0.8976
81
0242	0.1381	0.9917	0.3780	0.9040	0.1225s	0.3709	0.8990	0.8932
82
0243	0.1247	0.9917	0.3820	0.9000	0.1048s	0.3758	0.8990	0.8930
83
0244	0.1382	0.9917	0.3800	0.9000	0.1219s	0.3754	0.9000	0.8941
84
0245	0.1379	0.9667	0.3778	0.9000	0.1224s	0.3743	0.9020	0.8964
85
0246	0.1292	0.9417	0.3766	0.9000	0.1220s	0.3733	0.9010	0.8955
86
0247	0.1394	0.9917	0.3725	0.9000	0.1169s	0.3692	0.9010	0.8955
87
0248	0.1390	0.9833	0.3705	0.9020	0.1229s	0.3662	0.9020	0.8964
88
0249	0.1200	0.9667	0.3712	0.9020	0.1222s	0.3660	0.9010	0.8956
89
0250	0.1356	0.9750	0.3736	0.9020	0.1213s	0.3663	0.9010	0.8954
90
0251	0.1222	0.9750	0.3766	0.9040	0.1219s	0.3676	0.9010	0.8955
91
0252	0.1410	1.0000	0.3777	0.9020	0.1223s	0.3680	0.9000	0.8946
92
0253	0.1564	0.9667	0.3758	0.9040	0.1214s	0.3658	0.8990	0.8933
93
0254	0.1554	0.9667	0.3728	0.9020	0.1216s	0.3608	0.9010	0.8955
94
0255	0.1567	0.9833	0.3675	0.9080	0.1220s	0.3551	0.9010	0.8955
95
0256	0.1403	0.9833	0.3674	0.9080	0.1219s	0.3548	0.9010	0.8957
96
0257	0.1309	0.9917	0.3692	0.9080	0.1206s	0.3561	0.9000	0.8946
97
0258	0.1417	0.9667	0.3775	0.9040	0.1221s	0.3650	0.9000	0.8944
98
0259	0.1216	0.9917	0.3876	0.9000	0.1050s	0.3750	0.8950	0.8887
99
0260	0.1273	0.9917	0.3918	0.8980	0.1220s	0.3788	0.8950	0.8887
100
0261	0.1461	0.9917	0.3882	0.9040	0.1220s	0.3750	0.8980	0.8919
101
0262	0.1591	1.0000	0.3783	0.9040	0.1223s	0.3660	0.9010	0.8951
102
0263	0.1372	1.0000	0.3755	0.9020	0.1221s	0.3636	0.8970	0.8917
103
0264	0.1340	0.9833	0.3803	0.9000	0.1220s	0.3689	0.8940	0.8890
104
0265	0.1362	0.9833	0.3822	0.8980	0.1211s	0.3710	0.8900	0.8847
105
0266	0.1373	0.9917	0.3832	0.8980	0.1215s	0.3716	0.8940	0.8887
106
0267	0.1517	0.9833	0.3818	0.8980	0.1212s	0.3700	0.8980	0.8928
107
0268	0.1381	0.9667	0.3797	0.9020	0.1226s	0.3682	0.9000	0.8947
108
0269	0.1375	0.9833	0.3810	0.8980	0.1222s	0.3695	0.8980	0.8925
109
0270	0.1254	0.9917	0.3845	0.8980	0.1219s	0.3733	0.9000	0.8943
110
0271	0.1328	0.9833	0.3822	0.8980	0.1224s	0.3712	0.8980	0.8925
111
0272	0.1163	1.0000	0.3789	0.9020	0.1239s	0.3674	0.8970	0.8915
112
0273	0.1293	0.9917	0.3764	0.9060	0.1036s	0.3631	0.9010	0.8958
113
0274	0.1279	0.9750	0.3795	0.9040	0.1222s	0.3647	0.8980	0.8926
114
0275	0.1298	0.9750	0.3833	0.8980	0.1222s	0.3664	0.9010	0.8957
115
0276	0.1613	0.9750	0.3853	0.8980	0.1220s	0.3675	0.8980	0.8929
116
0277	0.1307	0.9750	0.3818	0.8980	0.1223s	0.3646	0.9000	0.8948
117
0278	0.1581	0.9583	0.3772	0.9020	0.1247s	0.3621	0.8980	0.8930
118
0279	0.1258	0.9917	0.3774	0.9040	0.1219s	0.3647	0.9000	0.8949
119
0280	0.1298	0.9500	0.3823	0.9040	0.1218s	0.3709	0.8990	0.8937
120
0281	0.1290	0.9750	0.3884	0.9000	0.1218s	0.3759	0.8990	0.8941
121
0282	0.1354	1.0000	0.3946	0.9000	0.1217s	0.3784	0.8990	0.8938
122
0283	0.1266	0.9750	0.3982	0.8980	0.1226s	0.3769	0.9000	0.8945
123
0284	0.1386	0.9667	0.4090	0.8960	0.1218s	0.3812	0.8960	0.8900
124
0285	0.1230	0.9833	0.4180	0.8960	0.1223s	0.3853	0.8950	0.8892
125
0286	0.1367	0.9500	0.4210	0.8980	0.1220s	0.3848	0.8950	0.8894
126
0287	0.1375	0.9833	0.4175	0.8960	0.1221s	0.3799	0.8970	0.8912
127
0288	0.1356	0.9917	0.4089	0.8960	0.1220s	0.3731	0.8980	0.8922
128
0289	0.1299	0.9750	0.4021	0.8980	0.1225s	0.3691	0.9000	0.8945
129
0290	0.1435	0.9750	0.3954	0.8980	0.1218s	0.3673	0.8980	0.8925
130
0291	0.1400	0.9833	0.3955	0.8920	0.1221s	0.3712	0.9020	0.8965
131
0292	0.1560	0.9833	0.3937	0.8920	0.1222s	0.3683	0.9030	0.8977
132
0293	0.1234	0.9917	0.3919	0.9020	0.1216s	0.3632	0.9010	0.8958
133
0294	0.1329	0.9750	0.3918	0.9020	0.1221s	0.3575	0.9000	0.8947
134
0295	0.1421	0.9750	0.4003	0.9020	0.1220s	0.3581	0.9020	0.8972
135
0296	0.1482	0.9917	0.4027	0.8980	0.1216s	0.3559	0.9010	0.8958
136
0297	0.1274	0.9917	0.4030	0.9000	0.1224s	0.3557	0.9000	0.8945
137
0298	0.1271	0.9750	0.4012	0.9000	0.1106s	0.3570	0.9000	0.8951
138
0299	0.1355	0.9750	0.3941	0.9000	0.1220s	0.3562	0.9000	0.8949
139
0300	0.1264	0.9917	0.3907	0.8960	0.1218s	0.3594	0.8980	0.8925
140
0301	0.1442	0.9833	0.3885	0.8920	0.1220s	0.3635	0.8980	0.8927
141
0302	0.1443	0.9583	0.3800	0.9020	0.1216s	0.3586	0.9040	0.8994
142
0303	0.1244	0.9833	0.3733	0.9020	0.1221s	0.3513	0.9060	0.9019
143
0304	0.1436	0.9833	0.3691	0.9080	0.1223s	0.3443	0.9060	0.9019
144
0305	0.1267	0.9917	0.3712	0.9060	0.1220s	0.3437	0.9060	0.9016
145
0306	0.1494	0.9667	0.3824	0.9040	0.1223s	0.3529	0.9040	0.8991
146
0307	0.1261	0.9833	0.3967	0.9020	0.1222s	0.3653	0.9010	0.8956
147
0308	0.1275	0.9750	0.4071	0.8940	0.1223s	0.3743	0.8990	0.8928
148
0309	0.1322	0.9667	0.4052	0.8940	0.1217s	0.3719	0.9020	0.8959
149
0310	0.1293	0.9667	0.3891	0.9000	0.1104s	0.3597	0.9050	0.8991
150
0311	0.1529	0.9750	0.3777	0.9020	0.1223s	0.3531	0.9070	0.9018
151
0312	0.1207	0.9750	0.3710	0.9020	0.1224s	0.3514	0.9020	0.8970
152
0313	0.1328	0.9833	0.3702	0.8960	0.1223s	0.3528	0.9010	0.8963
153
0314	0.1476	0.9667	0.3707	0.8980	0.1223s	0.3541	0.9000	0.8952
154
0315	0.1401	0.9917	0.3746	0.9020	0.1220s	0.3581	0.8960	0.8907
155
0316	0.1221	0.9833	0.3828	0.8980	0.1219s	0.3653	0.8960	0.8903
156
0317	0.1425	1.0000	0.3865	0.8960	0.1224s	0.3677	0.8950	0.8887
157
0318	0.1444	0.9667	0.3929	0.8920	0.1220s	0.3701	0.8970	0.8911
158
0319	0.1419	0.9833	0.3974	0.8980	0.1221s	0.3719	0.9040	0.8988
159
0320	0.1209	0.9917	0.3941	0.9020	0.1219s	0.3674	0.9090	0.9046
160
0321	0.1396	0.9833	0.3875	0.9060	0.1220s	0.3609	0.9090	0.9045
161
0322	0.1385	0.9917	0.3826	0.9080	0.1216s	0.3565	0.9050	0.9005
162
0323	0.1314	0.9917	0.3843	0.9040	0.1220s	0.3586	0.9040	0.8993
163
0324	0.1370	0.9750	0.3896	0.9000	0.1219s	0.3649	0.9030	0.8978
164
0325	0.1260	0.9917	0.3984	0.8980	0.1226s	0.3745	0.8980	0.8926
165
0326	0.1363	0.9500	0.4078	0.9000	0.1224s	0.3835	0.8980	0.8918
166
0327	0.1291	0.9917	0.4171	0.8940	0.1222s	0.3924	0.8960	0.8890
167
0328	0.1216	1.0000	0.4193	0.8920	0.1222s	0.3945	0.8930	0.8853
168
0329	0.1446	0.9917	0.4147	0.8900	0.1217s	0.3899	0.8980	0.8905
169
0330	0.1442	0.9833	0.4047	0.8960	0.1217s	0.3795	0.9020	0.8953
170
0331	0.1230	0.9583	0.3948	0.9000	0.1045s	0.3689	0.9070	0.9013
171
0332	0.1411	0.9917	0.3896	0.9000	0.1216s	0.3623	0.9080	0.9029
172
0333	0.1326	0.9833	0.3884	0.9020	0.1219s	0.3586	0.9000	0.8944
173
0334	0.1298	0.9833	0.3899	0.9040	0.1222s	0.3596	0.8990	0.8933
174
0335	0.1307	0.9750	0.3891	0.9040	0.1222s	0.3606	0.9000	0.8944
175
0336	0.1138	0.9750	0.3903	0.8960	0.1050s	0.3643	0.9010	0.8950
176
0337	0.1277	0.9833	0.3918	0.8960	0.1228s	0.3678	0.9010	0.8950
177
0338	0.1192	0.9833	0.3959	0.8920	0.1199s	0.3732	0.8990	0.8929
178
0339	0.1266	0.9917	0.3990	0.8900	0.1222s	0.3764	0.8970	0.8909
179
0340	0.1528	1.0000	0.4018	0.8900	0.1219s	0.3785	0.9010	0.8949
180
0341	0.1367	1.0000	0.3999	0.8900	0.1217s	0.3751	0.9010	0.8945
181
0342	0.1301	0.9750	0.4018	0.8920	0.1221s	0.3760	0.8960	0.8893
182
0343	0.1111	1.0000	0.4039	0.8920	0.1222s	0.3761	0.8920	0.8851
183
0344	0.1256	0.9667	0.4026	0.8940	0.1219s	0.3720	0.8940	0.8877
184
0345	0.1292	0.9833	0.3988	0.9000	0.1198s	0.3657	0.8990	0.8930
185
0346	0.1319	0.9667	0.3909	0.8980	0.1218s	0.3573	0.8990	0.8931
186
0347	0.1499	0.9750	0.3874	0.9000	0.1218s	0.3538	0.9030	0.8974
187
0348	0.1199	0.9750	0.3863	0.9040	0.1213s	0.3527	0.9070	0.9013
188
0349	0.1318	0.9917	0.3912	0.9000	0.1220s	0.3594	0.9040	0.8978
189
0350	0.1344	0.9833	0.4004	0.8980	0.1219s	0.3681	0.9030	0.8970
190
0351	0.1408	0.9750	0.4073	0.8900	0.1221s	0.3739	0.9040	0.8977
191
0352	0.1237	0.9833	0.4084	0.8880	0.1219s	0.3734	0.9020	0.8954
192
0353	0.1506	0.9750	0.4012	0.8920	0.1224s	0.3642	0.9040	0.8976
193
0354	0.1238	0.9917	0.3905	0.8980	0.1045s	0.3504	0.9030	0.8973
194
0355	0.1573	0.9750	0.3840	0.9000	0.1221s	0.3416	0.9040	0.8985
195
0356	0.1158	0.9833	0.3795	0.9020	0.1222s	0.3358	0.9040	0.8984
196
0357	0.1263	0.9917	0.3788	0.9020	0.1233s	0.3345	0.9070	0.9019
197
0358	0.1165	0.9833	0.3813	0.9040	0.1218s	0.3384	0.9030	0.8976
198
0359	0.1140	0.9917	0.3859	0.9000	0.1222s	0.3451	0.9040	0.8983
199
Early stop! Min loss:0.3605338931083679,  Max accuracy:0.91
Early stop model validation loss:0.3605338931083679,  accuracy:0.91
Optimization Finished!
Total time elapsed: 43.9179s
test max acc:0.9110
Loading 158th epoch
stru_node_to_hop attention:tensor([[0.2529, 0.2506, 0.2486, 0.2480],
        [0.2496, 0.2501, 0.2502, 0.2502],
        [0.2462, 0.2519, 0.2510, 0.2509],
        [0.2499, 0.2506, 0.2498, 0.2497],
        [0.2481, 0.2504, 0.2507, 0.2508],
        [0.2503, 0.2507, 0.2496, 0.2494],
        [0.2491, 0.2504, 0.2503, 0.2502],
        [0.2500, 0.2501, 0.2500, 0.2500],
        [0.2503, 0.2503, 0.2498, 0.2496],
        [0.2492, 0.2506, 0.2501, 0.2501],
        [0.2499, 0.2501, 0.2500, 0.2500],
        [0.2494, 0.2503, 0.2502, 0.2501],
        [0.2503, 0.2498, 0.2499, 0.2500],
        [0.2499, 0.2509, 0.2498, 0.2494],
        [0.2488, 0.2507, 0.2503, 0.2502],
        [0.2505, 0.2502, 0.2498, 0.2495],
        [0.2483, 0.2508, 0.2505, 0.2504],
        [0.2487, 0.2511, 0.2502, 0.2500],
        [0.2487, 0.2506, 0.2504, 0.2504],
        [0.2498, 0.2504, 0.2500, 0.2498],
        [0.2492, 0.2504, 0.2502, 0.2502],
        [0.2491, 0.2511, 0.2500, 0.2498],
        [0.2497, 0.2501, 0.2501, 0.2501],
        [0.2455, 0.2523, 0.2511, 0.2511],
        [0.2502, 0.2499, 0.2499, 0.2499],
        [0.2477, 0.2514, 0.2506, 0.2503],
        [0.2493, 0.2505, 0.2501, 0.2501],
        [0.2496, 0.2501, 0.2502, 0.2501],
        [0.2488, 0.2503, 0.2504, 0.2505],
        [0.2476, 0.2515, 0.2505, 0.2503],
        [0.2481, 0.2514, 0.2504, 0.2501],
        [0.2485, 0.2503, 0.2506, 0.2506],
        [0.2496, 0.2503, 0.2501, 0.2500],
        [0.2492, 0.2503, 0.2503, 0.2502],
        [0.2485, 0.2511, 0.2503, 0.2501],
        [0.2499, 0.2499, 0.2501, 0.2501],
        [0.2498, 0.2502, 0.2500, 0.2500],
        [0.2484, 0.2506, 0.2505, 0.2505],
        [0.2490, 0.2504, 0.2504, 0.2502],
        [0.2493, 0.2508, 0.2500, 0.2499],
        [0.2487, 0.2504, 0.2504, 0.2505],
        [0.2492, 0.2508, 0.2501, 0.2499],
        [0.2489, 0.2508, 0.2502, 0.2501],
        [0.2503, 0.2500, 0.2499, 0.2499],
        [0.2485, 0.2507, 0.2504, 0.2503],
        [0.1760, 0.1995, 0.2736, 0.3509],
        [0.2488, 0.2506, 0.2504, 0.2503],
        [0.2489, 0.2508, 0.2502, 0.2501],
        [0.2494, 0.2504, 0.2501, 0.2501],
        [0.2508, 0.2497, 0.2498, 0.2498],
        [0.2498, 0.2505, 0.2499, 0.2498],
        [0.2495, 0.2503, 0.2501, 0.2500],
        [0.2500, 0.2500, 0.2500, 0.2500],
        [0.2489, 0.2507, 0.2502, 0.2501],
        [0.2475, 0.2513, 0.2505, 0.2507],
        [0.2492, 0.2504, 0.2501, 0.2503],
        [0.2501, 0.2505, 0.2498, 0.2496],
        [0.2493, 0.2502, 0.2502, 0.2503],
        [0.2493, 0.2511, 0.2500, 0.2496],
        [0.2479, 0.2517, 0.2504, 0.2500],
        [0.2479, 0.2512, 0.2506, 0.2503],
        [0.2497, 0.2503, 0.2500, 0.2500],
        [0.2496, 0.2505, 0.2501, 0.2499],
        [0.2493, 0.2514, 0.2499, 0.2494],
        [0.2498, 0.2502, 0.2500, 0.2500],
        [0.2493, 0.2499, 0.2504, 0.2504],
        [0.2491, 0.2514, 0.2499, 0.2496],
        [0.2469, 0.2506, 0.2512, 0.2514],
        [0.2495, 0.2502, 0.2502, 0.2501],
        [0.2489, 0.2505, 0.2504, 0.2502],
        [0.2482, 0.2509, 0.2505, 0.2504],
        [0.2499, 0.2499, 0.2501, 0.2502],
        [0.2507, 0.2503, 0.2497, 0.2493],
        [0.2501, 0.2505, 0.2498, 0.2496],
        [0.2513, 0.2495, 0.2496, 0.2496],
        [0.2502, 0.2501, 0.2500, 0.2498],
        [0.2503, 0.2503, 0.2498, 0.2496],
        [0.2499, 0.2503, 0.2500, 0.2499],
        [0.2499, 0.2501, 0.2500, 0.2500],
        [0.2494, 0.2503, 0.2502, 0.2502],
        [0.2502, 0.2504, 0.2499, 0.2494],
        [0.2491, 0.2511, 0.2500, 0.2498],
        [0.2503, 0.2499, 0.2500, 0.2499],
        [0.2498, 0.2501, 0.2501, 0.2501],
        [0.2501, 0.2501, 0.2499, 0.2499],
        [0.2489, 0.2504, 0.2504, 0.2504],
        [0.2486, 0.2506, 0.2504, 0.2505],
        [0.2469, 0.2517, 0.2509, 0.2505],
        [0.2496, 0.2505, 0.2501, 0.2499],
        [0.2503, 0.2498, 0.2500, 0.2498],
        [0.2493, 0.2504, 0.2502, 0.2502],
        [0.2490, 0.2505, 0.2503, 0.2502],
        [0.2502, 0.2499, 0.2499, 0.2499],
        [0.2493, 0.2504, 0.2502, 0.2501],
        [0.2494, 0.2504, 0.2501, 0.2500],
        [0.2497, 0.2501, 0.2501, 0.2501],
        [0.2496, 0.2503, 0.2501, 0.2500],
        [0.2493, 0.2503, 0.2502, 0.2502],
        [0.2481, 0.2512, 0.2505, 0.2501],
        [0.2505, 0.2500, 0.2498, 0.2496]], device='cuda:1')
fea_node_to_hop attention:tensor([[0.3294, 0.3351, 0.3355],
        [0.3312, 0.3346, 0.3343],
        [0.3279, 0.3347, 0.3374],
        [0.3330, 0.3328, 0.3342],
        [0.3326, 0.3342, 0.3331],
        [0.3302, 0.3341, 0.3357],
        [0.3306, 0.3340, 0.3353],
        [0.3333, 0.3333, 0.3334],
        [0.3309, 0.3343, 0.3349],
        [0.3329, 0.3331, 0.3340],
        [0.3321, 0.3342, 0.3337],
        [0.3306, 0.3340, 0.3354],
        [0.3334, 0.3337, 0.3329],
        [0.3286, 0.3358, 0.3355],
        [0.3302, 0.3350, 0.3348],
        [0.3312, 0.3339, 0.3349],
        [0.3297, 0.3339, 0.3363],
        [0.3319, 0.3337, 0.3344],
        [0.3300, 0.3341, 0.3359],
        [0.3318, 0.3332, 0.3350],
        [0.3293, 0.3357, 0.3350],
        [0.3339, 0.3328, 0.3333],
        [0.3332, 0.3333, 0.3335],
        [0.3311, 0.3349, 0.3340],
        [0.3336, 0.3331, 0.3333],
        [0.3277, 0.3348, 0.3375],
        [0.3332, 0.3333, 0.3335],
        [0.3304, 0.3341, 0.3355],
        [0.3318, 0.3338, 0.3344],
        [0.3310, 0.3349, 0.3341],
        [0.3292, 0.3346, 0.3362],
        [0.3306, 0.3339, 0.3355],
        [0.3331, 0.3327, 0.3343],
        [0.3313, 0.3341, 0.3346],
        [0.3335, 0.3334, 0.3331],
        [0.3344, 0.3333, 0.3323],
        [0.3339, 0.3326, 0.3335],
        [0.3341, 0.3325, 0.3334],
        [0.3298, 0.3346, 0.3356],
        [0.3307, 0.3342, 0.3351],
        [0.3297, 0.3350, 0.3353],
        [0.3297, 0.3351, 0.3352],
        [0.3297, 0.3346, 0.3357],
        [0.3339, 0.3331, 0.3330],
        [0.3321, 0.3345, 0.3334],
        [0.3283, 0.3618, 0.3099],
        [0.3320, 0.3338, 0.3341],
        [0.3332, 0.3331, 0.3337],
        [0.3328, 0.3336, 0.3336],
        [0.3347, 0.3327, 0.3326],
        [0.3327, 0.3332, 0.3341],
        [0.3325, 0.3338, 0.3336],
        [0.3334, 0.3334, 0.3333],
        [0.3311, 0.3341, 0.3348],
        [0.3328, 0.3332, 0.3340],
        [0.3298, 0.3356, 0.3345],
        [0.3323, 0.3340, 0.3337],
        [0.3289, 0.3349, 0.3363],
        [0.3332, 0.3325, 0.3343],
        [0.3293, 0.3345, 0.3363],
        [0.3263, 0.3376, 0.3361],
        [0.3327, 0.3331, 0.3342],
        [0.3291, 0.3350, 0.3359],
        [0.3315, 0.3339, 0.3346],
        [0.3326, 0.3337, 0.3337],
        [0.3275, 0.3359, 0.3366],
        [0.3325, 0.3335, 0.3340],
        [0.3300, 0.3346, 0.3354],
        [0.3308, 0.3342, 0.3350],
        [0.3273, 0.3366, 0.3360],
        [0.3327, 0.3331, 0.3342],
        [0.3344, 0.3327, 0.3329],
        [0.3318, 0.3332, 0.3351],
        [0.3335, 0.3322, 0.3343],
        [0.3340, 0.3332, 0.3328],
        [0.3312, 0.3340, 0.3347],
        [0.3313, 0.3336, 0.3351],
        [0.3302, 0.3345, 0.3354],
        [0.3327, 0.3335, 0.3338],
        [0.3315, 0.3337, 0.3347],
        [0.3304, 0.3352, 0.3344],
        [0.3276, 0.3364, 0.3361],
        [0.3305, 0.3338, 0.3357],
        [0.3341, 0.3333, 0.3326],
        [0.3331, 0.3334, 0.3335],
        [0.3309, 0.3337, 0.3355],
        [0.3312, 0.3349, 0.3339],
        [0.3279, 0.3357, 0.3364],
        [0.3301, 0.3345, 0.3354],
        [0.3296, 0.3335, 0.3369],
        [0.3297, 0.3350, 0.3353],
        [0.3299, 0.3351, 0.3350],
        [0.3331, 0.3336, 0.3334],
        [0.3309, 0.3347, 0.3343],
        [0.3311, 0.3342, 0.3347],
        [0.3318, 0.3343, 0.3339],
        [0.3322, 0.3338, 0.3340],
        [0.3314, 0.3335, 0.3352],
        [0.3304, 0.3343, 0.3353],
        [0.3328, 0.3338, 0.3333]], device='cuda:1')
perception attention:tensor([0.5000, 0.5000], device='cuda:1')
Test set results: loss= 0.3443 accuracy= 0.9080 F1_score= 0.9034
