# epoch	loss_train	acc_train	loss_val	acc_val	time	acc_test	f1_test
0001	1.7958	0.1417	1.6856	0.4240	0.1186s	1.6756	0.4120	0.2693
0
0002	1.6694	0.4167	1.5356	0.4420	0.1220s	1.5094	0.4520	0.3122
0
0003	1.5156	0.4750	1.3701	0.5600	0.1223s	1.3414	0.5860	0.4935
0
0004	1.3367	0.5750	1.1753	0.7920	0.1224s	1.1528	0.8010	0.7831
0
0005	1.1506	0.7833	1.0024	0.8500	0.1224s	0.9853	0.8560	0.8457
0
0006	0.9758	0.8083	0.8661	0.8440	0.1220s	0.8534	0.8520	0.8451
0
0007	0.8214	0.8333	0.7468	0.8400	0.1223s	0.7372	0.8410	0.8355
0
0008	0.7172	0.8333	0.6456	0.8640	0.1227s	0.6388	0.8550	0.8471
0
0009	0.6178	0.9000	0.5737	0.8740	0.1224s	0.5671	0.8740	0.8627
0
0010	0.5304	0.8750	0.5194	0.8760	0.1220s	0.5089	0.8830	0.8719
0
0011	0.4579	0.9250	0.4720	0.8900	0.1221s	0.4559	0.8950	0.8883
0
0012	0.3926	0.9583	0.4403	0.8900	0.1224s	0.4199	0.8920	0.8854
0
0013	0.3741	0.9417	0.4173	0.8940	0.1218s	0.3937	0.8910	0.8845
0
0014	0.3503	0.9500	0.4005	0.8960	0.1220s	0.3757	0.8940	0.8882
0
0015	0.2867	0.9333	0.3980	0.8840	0.1224s	0.3726	0.8930	0.8868
0
0016	0.3026	0.9583	0.3994	0.8740	0.1227s	0.3716	0.8950	0.8878
0
0017	0.2686	0.9333	0.3988	0.8880	0.1221s	0.3681	0.8920	0.8845
1
0018	0.2388	0.9750	0.3922	0.8880	0.1221s	0.3593	0.8970	0.8905
2
0019	0.2701	0.9500	0.3889	0.8980	0.1224s	0.3534	0.9020	0.8956
0
0020	0.2658	0.9250	0.3878	0.8960	0.1223s	0.3501	0.8970	0.8910
0
0021	0.2213	0.9583	0.3872	0.8960	0.1229s	0.3490	0.8960	0.8897
0
0022	0.2052	0.9500	0.3879	0.8940	0.1177s	0.3491	0.8940	0.8873
0
0023	0.1949	0.9833	0.3932	0.8980	0.1233s	0.3541	0.8960	0.8892
1
0024	0.2165	0.9083	0.4054	0.8940	0.1047s	0.3666	0.8900	0.8836
0
0025	0.1740	0.9917	0.4157	0.8840	0.1219s	0.3783	0.8930	0.8865
1
0026	0.1709	0.9750	0.4304	0.8760	0.1223s	0.3931	0.8910	0.8846
2
0027	0.1734	0.9750	0.4378	0.8680	0.1222s	0.4012	0.8930	0.8864
3
0028	0.1706	0.9833	0.4341	0.8760	0.1222s	0.3973	0.8900	0.8829
4
0029	0.1877	0.9417	0.4283	0.8800	0.1222s	0.3910	0.8910	0.8845
5
0030	0.1770	0.9583	0.4207	0.8860	0.1221s	0.3820	0.8950	0.8881
6
0031	0.1558	0.9750	0.4182	0.8880	0.1227s	0.3777	0.8910	0.8842
7
0032	0.1735	0.9583	0.4220	0.8860	0.1216s	0.3789	0.8930	0.8862
8
0033	0.1839	0.9667	0.4267	0.8900	0.1221s	0.3823	0.8920	0.8852
9
0034	0.1800	0.9417	0.4302	0.8860	0.1222s	0.3873	0.8850	0.8777
10
0035	0.1929	0.9833	0.4324	0.8800	0.1218s	0.3921	0.8870	0.8796
11
0036	0.1535	0.9917	0.4375	0.8800	0.1223s	0.4001	0.8850	0.8771
12
0037	0.1372	0.9667	0.4388	0.8720	0.1220s	0.4043	0.8890	0.8818
13
0038	0.1501	1.0000	0.4371	0.8760	0.1222s	0.4044	0.8860	0.8781
14
0039	0.1621	0.9833	0.4303	0.8720	0.1221s	0.3993	0.8860	0.8783
15
0040	0.1347	0.9917	0.4224	0.8780	0.1216s	0.3916	0.8920	0.8853
16
0041	0.1633	0.9917	0.4147	0.8840	0.1221s	0.3817	0.8940	0.8880
17
0042	0.1626	0.9917	0.4133	0.8900	0.1221s	0.3781	0.9010	0.8946
18
0043	0.1649	0.9917	0.4169	0.8920	0.1226s	0.3782	0.8980	0.8914
19
0044	0.1544	0.9750	0.4257	0.8800	0.1224s	0.3850	0.8900	0.8830
20
0045	0.1736	0.9917	0.4316	0.8760	0.1223s	0.3923	0.8820	0.8741
21
0046	0.1547	1.0000	0.4299	0.8760	0.1219s	0.3942	0.8800	0.8715
22
0047	0.1606	0.9667	0.4247	0.8820	0.1220s	0.3942	0.8850	0.8774
23
0048	0.1634	0.9750	0.4210	0.8800	0.1222s	0.3954	0.8840	0.8756
24
0049	0.1584	0.9667	0.4193	0.8760	0.1224s	0.3967	0.8810	0.8733
25
0050	0.1702	0.9833	0.4128	0.8720	0.1221s	0.3905	0.8850	0.8781
26
0051	0.1544	0.9583	0.4045	0.8840	0.1223s	0.3807	0.8890	0.8827
27
0052	0.1560	0.9667	0.3974	0.8900	0.1221s	0.3705	0.8970	0.8912
28
0053	0.1631	0.9833	0.3988	0.8880	0.1219s	0.3670	0.9010	0.8950
29
0054	0.1570	0.9833	0.4098	0.8840	0.1216s	0.3736	0.8930	0.8861
30
0055	0.1828	0.9750	0.4236	0.8840	0.1221s	0.3852	0.8840	0.8757
31
0056	0.1642	0.9750	0.4240	0.8880	0.1224s	0.3855	0.8830	0.8751
32
0057	0.1537	0.9917	0.4199	0.8840	0.1218s	0.3829	0.8880	0.8806
33
0058	0.1696	0.9500	0.4055	0.8900	0.1222s	0.3713	0.8950	0.8887
34
0059	0.1583	0.9750	0.3951	0.8860	0.1224s	0.3628	0.8980	0.8921
35
0060	0.1524	0.9667	0.3923	0.8880	0.1223s	0.3611	0.8950	0.8894
36
0061	0.1537	0.9750	0.3923	0.8840	0.1224s	0.3613	0.8940	0.8887
37
0062	0.1546	0.9750	0.3918	0.8840	0.1051s	0.3595	0.8970	0.8914
38
0063	0.1574	0.9833	0.3930	0.8860	0.1223s	0.3569	0.9020	0.8961
39
0064	0.1403	1.0000	0.4005	0.8840	0.1239s	0.3610	0.8980	0.8913
40
0065	0.1494	0.9750	0.4080	0.8840	0.1223s	0.3654	0.8910	0.8833
41
0066	0.1484	0.9667	0.4043	0.8860	0.1222s	0.3592	0.8940	0.8871
42
0067	0.1619	0.9833	0.3965	0.8920	0.1219s	0.3514	0.9000	0.8938
43
0068	0.1516	0.9750	0.3882	0.8960	0.1224s	0.3441	0.9020	0.8963
44
0069	0.1529	0.9750	0.3819	0.9000	0.1222s	0.3404	0.9050	0.8997
45
0070	0.1343	1.0000	0.3796	0.8960	0.1224s	0.3409	0.9050	0.9000
0
0071	0.1483	0.9500	0.3817	0.8960	0.1223s	0.3468	0.9000	0.8949
0
0072	0.1640	0.9667	0.3887	0.8840	0.1220s	0.3576	0.8970	0.8915
1
0073	0.1461	0.9750	0.3931	0.8840	0.1221s	0.3626	0.8940	0.8879
2
0074	0.1688	0.9750	0.3959	0.8840	0.1221s	0.3634	0.8910	0.8843
3
0075	0.1666	0.9500	0.3984	0.8820	0.1219s	0.3618	0.8910	0.8843
4
0076	0.1534	0.9500	0.4006	0.8880	0.1219s	0.3606	0.8930	0.8863
5
0077	0.1423	0.9917	0.3978	0.8900	0.1225s	0.3571	0.8990	0.8927
6
0078	0.1615	0.9667	0.3921	0.8940	0.1221s	0.3522	0.9000	0.8940
7
0079	0.1599	0.9750	0.3853	0.8960	0.1219s	0.3481	0.8990	0.8930
8
0080	0.1466	1.0000	0.3764	0.8940	0.1221s	0.3434	0.9090	0.9043
9
0081	0.1436	0.9833	0.3708	0.9000	0.1221s	0.3423	0.9080	0.9029
0
0082	0.1526	0.9750	0.3739	0.8940	0.1219s	0.3495	0.9050	0.8998
0
0083	0.1442	0.9833	0.3774	0.8880	0.1222s	0.3545	0.9040	0.8983
1
0084	0.1490	0.9833	0.3809	0.8880	0.1193s	0.3584	0.9000	0.8940
2
0085	0.1240	0.9750	0.3807	0.8900	0.1250s	0.3564	0.8990	0.8931
3
0086	0.1477	0.9833	0.3833	0.8880	0.1223s	0.3572	0.8990	0.8932
4
0087	0.1440	0.9833	0.3850	0.8860	0.1223s	0.3572	0.8990	0.8927
5
0088	0.1383	0.9917	0.3818	0.8940	0.1222s	0.3533	0.9000	0.8936
6
0089	0.1503	0.9667	0.3763	0.8940	0.1221s	0.3482	0.9020	0.8958
7
0090	0.1420	0.9833	0.3728	0.9000	0.1223s	0.3446	0.9040	0.8986
8
0091	0.1300	0.9917	0.3734	0.8940	0.1052s	0.3462	0.9070	0.9016
0
0092	0.1527	0.9917	0.3765	0.8960	0.1218s	0.3508	0.9060	0.9006
1
0093	0.1381	0.9750	0.3820	0.8920	0.1226s	0.3569	0.9040	0.8982
2
0094	0.1629	0.9750	0.3874	0.8960	0.1224s	0.3625	0.9020	0.8962
3
0095	0.1273	0.9667	0.3903	0.8920	0.1221s	0.3654	0.9020	0.8961
4
0096	0.1421	0.9917	0.3925	0.8900	0.1246s	0.3680	0.9000	0.8936
5
0097	0.1414	0.9833	0.3911	0.8880	0.1220s	0.3647	0.9000	0.8936
6
0098	0.1344	0.9833	0.3871	0.8920	0.1218s	0.3585	0.9010	0.8948
7
0099	0.1473	0.9500	0.3816	0.8980	0.1228s	0.3494	0.9040	0.8981
8
0100	0.1616	0.9833	0.3777	0.9020	0.1219s	0.3438	0.9040	0.8982
9
0101	0.1326	0.9833	0.3747	0.9040	0.1221s	0.3421	0.9060	0.9005
0
0102	0.1468	0.9750	0.3750	0.9080	0.1226s	0.3463	0.9080	0.9025
0
0103	0.1349	0.9917	0.3798	0.9060	0.1228s	0.3543	0.9050	0.8990
0
0104	0.1600	0.9833	0.3895	0.8980	0.1220s	0.3685	0.9040	0.8980
1
0105	0.1557	0.9667	0.4000	0.8920	0.1234s	0.3811	0.9000	0.8930
2
0106	0.1502	0.9750	0.4053	0.8880	0.1224s	0.3853	0.8970	0.8902
3
0107	0.1515	0.9750	0.4016	0.8880	0.1219s	0.3785	0.8970	0.8902
4
0108	0.1331	0.9833	0.3905	0.8900	0.1042s	0.3651	0.9010	0.8948
5
0109	0.1304	0.9833	0.3818	0.8960	0.1223s	0.3546	0.9050	0.8994
6
0110	0.1365	0.9667	0.3762	0.9080	0.1224s	0.3477	0.9070	0.9017
7
0111	0.1748	0.9750	0.3785	0.9020	0.1224s	0.3489	0.9070	0.9018
0
0112	0.1402	0.9917	0.3792	0.9000	0.1220s	0.3505	0.9040	0.8986
1
0113	0.1438	0.9833	0.3818	0.9020	0.1220s	0.3561	0.9050	0.8992
2
0114	0.1298	0.9833	0.3876	0.8980	0.1212s	0.3641	0.9030	0.8968
3
0115	0.1424	0.9917	0.3970	0.8900	0.1217s	0.3745	0.8980	0.8913
4
0116	0.1404	0.9833	0.3976	0.8900	0.1220s	0.3766	0.8970	0.8902
5
0117	0.1384	0.9833	0.3967	0.8900	0.1215s	0.3781	0.8960	0.8890
6
0118	0.1374	0.9833	0.3932	0.8900	0.1218s	0.3771	0.8920	0.8852
7
0119	0.1385	0.9917	0.3888	0.8920	0.1217s	0.3726	0.8950	0.8890
8
0120	0.1194	1.0000	0.3800	0.8940	0.1056s	0.3646	0.9020	0.8965
9
0121	0.1313	0.9750	0.3756	0.8920	0.1194s	0.3609	0.9060	0.9004
10
0122	0.1611	0.9583	0.3743	0.8920	0.1219s	0.3600	0.9080	0.9027
11
0123	0.1509	1.0000	0.3787	0.8920	0.1220s	0.3651	0.9050	0.8992
12
0124	0.1199	0.9750	0.3873	0.8920	0.1215s	0.3738	0.9010	0.8951
13
0125	0.1376	0.9917	0.3935	0.8920	0.1221s	0.3803	0.9040	0.8982
14
0126	0.1332	0.9833	0.3955	0.8880	0.1218s	0.3812	0.8980	0.8914
15
0127	0.1264	0.9750	0.3932	0.8840	0.1219s	0.3782	0.9010	0.8948
16
0128	0.1362	0.9917	0.3930	0.8920	0.1223s	0.3767	0.8970	0.8908
17
0129	0.1429	1.0000	0.3884	0.8920	0.1221s	0.3728	0.8980	0.8919
18
0130	0.1407	0.9833	0.3881	0.8940	0.1222s	0.3723	0.8960	0.8892
19
0131	0.1433	0.9917	0.3863	0.8880	0.1221s	0.3708	0.8960	0.8894
20
0132	0.1427	0.9833	0.3856	0.8940	0.1218s	0.3705	0.8980	0.8920
21
0133	0.1446	0.9667	0.3849	0.8940	0.1220s	0.3719	0.9000	0.8939
22
0134	0.1334	0.9750	0.3851	0.8980	0.1218s	0.3744	0.9010	0.8950
23
0135	0.1324	0.9833	0.3873	0.8940	0.1224s	0.3775	0.9040	0.8980
24
0136	0.1371	0.9833	0.3914	0.8920	0.1227s	0.3796	0.9020	0.8961
25
0137	0.1337	0.9750	0.3962	0.8900	0.1222s	0.3811	0.8990	0.8925
26
0138	0.1485	0.9583	0.3951	0.8920	0.1223s	0.3757	0.9000	0.8936
27
0139	0.1448	0.9750	0.3943	0.8980	0.1223s	0.3702	0.9000	0.8939
28
0140	0.1566	0.9750	0.3872	0.9020	0.1224s	0.3582	0.9020	0.8962
29
0141	0.1500	0.9917	0.3819	0.9040	0.1225s	0.3491	0.9030	0.8973
30
0142	0.1505	0.9667	0.3770	0.9000	0.1218s	0.3452	0.9080	0.9030
31
0143	0.1301	0.9833	0.3798	0.9080	0.1222s	0.3501	0.9080	0.9026
32
0144	0.1280	0.9917	0.3883	0.8900	0.1224s	0.3598	0.9060	0.9008
0
0145	0.1167	0.9917	0.3954	0.8900	0.1224s	0.3662	0.9070	0.9015
1
0146	0.1333	0.9917	0.3999	0.8880	0.1232s	0.3681	0.9090	0.9037
2
0147	0.1508	0.9750	0.4054	0.8900	0.1224s	0.3680	0.9080	0.9024
3
0148	0.1299	0.9833	0.4053	0.8900	0.1222s	0.3623	0.9040	0.8981
4
0149	0.1286	0.9833	0.4045	0.8940	0.1220s	0.3564	0.8940	0.8871
5
0150	0.1349	0.9833	0.3990	0.8960	0.1209s	0.3468	0.8990	0.8929
6
0151	0.1377	0.9917	0.3970	0.8960	0.1221s	0.3429	0.8970	0.8910
7
0152	0.1436	0.9917	0.3925	0.8940	0.1222s	0.3407	0.8980	0.8922
8
0153	0.1426	0.9917	0.3910	0.8980	0.1220s	0.3436	0.9040	0.8981
9
0154	0.1351	0.9917	0.3919	0.8980	0.1216s	0.3487	0.9060	0.9007
10
0155	0.1430	1.0000	0.3961	0.8980	0.1220s	0.3570	0.9090	0.9039
11
0156	0.1370	0.9667	0.3991	0.8940	0.1221s	0.3600	0.9080	0.9026
12
0157	0.1450	0.9667	0.3978	0.8960	0.1228s	0.3575	0.9100	0.9050
13
0158	0.1311	0.9917	0.3947	0.8980	0.1225s	0.3511	0.9110	0.9061
14
0159	0.1383	0.9917	0.3963	0.9000	0.1230s	0.3502	0.9010	0.8950
15
0160	0.1464	0.9583	0.4030	0.8940	0.1222s	0.3551	0.8960	0.8895
16
0161	0.1539	0.9917	0.4143	0.8900	0.1062s	0.3655	0.8930	0.8863
17
0162	0.1380	0.9833	0.4219	0.8900	0.1198s	0.3737	0.8920	0.8849
18
0163	0.1312	0.9833	0.4223	0.8920	0.1221s	0.3758	0.8920	0.8844
19
0164	0.1127	0.9750	0.4232	0.8920	0.1221s	0.3791	0.8930	0.8854
20
0165	0.1523	0.9667	0.4151	0.8920	0.1225s	0.3734	0.8980	0.8912
21
0166	0.1439	0.9583	0.4045	0.8900	0.1222s	0.3642	0.9070	0.9013
22
0167	0.1244	0.9750	0.3987	0.8900	0.1219s	0.3591	0.9080	0.9024
23
0168	0.1212	0.9833	0.3911	0.8960	0.1220s	0.3508	0.9110	0.9058
24
0169	0.1486	0.9833	0.3886	0.8940	0.1223s	0.3460	0.9080	0.9030
25
0170	0.1532	0.9833	0.3916	0.8980	0.1220s	0.3486	0.9040	0.8992
26
0171	0.1597	0.9833	0.3968	0.8960	0.1217s	0.3540	0.9000	0.8947
27
0172	0.1284	0.9750	0.4024	0.8980	0.1215s	0.3607	0.9010	0.8952
28
0173	0.1288	0.9917	0.4092	0.8900	0.1221s	0.3676	0.8980	0.8921
29
0174	0.1403	0.9833	0.4091	0.8900	0.1047s	0.3693	0.9010	0.8957
30
0175	0.1293	0.9917	0.4042	0.8980	0.1221s	0.3660	0.8990	0.8933
31
0176	0.1446	0.9583	0.4081	0.8960	0.1222s	0.3696	0.9000	0.8941
32
0177	0.1283	0.9667	0.4133	0.8920	0.1224s	0.3740	0.9020	0.8962
33
0178	0.1291	0.9833	0.4148	0.8920	0.1220s	0.3746	0.9030	0.8969
34
0179	0.1468	0.9833	0.4049	0.8960	0.1223s	0.3630	0.9010	0.8949
35
0180	0.1472	0.9667	0.3951	0.9040	0.1217s	0.3532	0.9020	0.8965
36
0181	0.1322	0.9667	0.3879	0.9000	0.1217s	0.3459	0.9040	0.8987
37
0182	0.1218	0.9750	0.3846	0.9040	0.1220s	0.3434	0.9080	0.9033
38
0183	0.1493	0.9833	0.3843	0.9040	0.1217s	0.3467	0.9050	0.8997
39
0184	0.1497	0.9750	0.3915	0.8960	0.1169s	0.3582	0.9020	0.8968
40
0185	0.1435	0.9750	0.4065	0.8920	0.1225s	0.3756	0.9020	0.8962
41
0186	0.1354	0.9833	0.4250	0.8880	0.1222s	0.3927	0.8980	0.8917
42
0187	0.1550	0.9750	0.4288	0.8840	0.1222s	0.3958	0.8950	0.8887
43
0188	0.1367	0.9833	0.4224	0.8860	0.1226s	0.3882	0.8960	0.8898
44
0189	0.1439	0.9833	0.4086	0.8980	0.1220s	0.3729	0.9000	0.8942
45
0190	0.1323	0.9917	0.3966	0.9000	0.1220s	0.3602	0.9060	0.9008
46
0191	0.1323	0.9583	0.3923	0.9020	0.1221s	0.3554	0.9020	0.8966
47
0192	0.1379	0.9583	0.3887	0.8960	0.1224s	0.3537	0.9070	0.9018
48
0193	0.1463	0.9917	0.3891	0.8980	0.1219s	0.3559	0.9070	0.9017
49
0194	0.1304	0.9750	0.3979	0.8980	0.1217s	0.3653	0.9030	0.8974
50
0195	0.1400	0.9917	0.4033	0.8900	0.1220s	0.3685	0.9030	0.8975
51
0196	0.1263	0.9917	0.4133	0.8900	0.1224s	0.3758	0.8970	0.8913
52
0197	0.1320	0.9833	0.4165	0.8900	0.1223s	0.3762	0.8960	0.8903
53
0198	0.1367	0.9833	0.4156	0.8900	0.1222s	0.3741	0.8940	0.8882
54
0199	0.1888	0.9750	0.4119	0.8880	0.1219s	0.3707	0.9020	0.8961
55
0200	0.1317	1.0000	0.4071	0.8960	0.1219s	0.3678	0.9020	0.8962
56
0201	0.1385	0.9750	0.4056	0.8900	0.1224s	0.3686	0.9070	0.9014
57
0202	0.1148	0.9833	0.4006	0.8940	0.1221s	0.3659	0.9060	0.9007
58
0203	0.1086	0.9917	0.3945	0.8960	0.1220s	0.3613	0.9060	0.9005
59
0204	0.1537	0.9833	0.3883	0.8960	0.1226s	0.3552	0.9060	0.9004
60
0205	0.1273	0.9750	0.3858	0.8960	0.1220s	0.3508	0.9020	0.8965
61
0206	0.1588	0.9583	0.3966	0.8920	0.1222s	0.3557	0.9000	0.8945
62
0207	0.1541	0.9917	0.4043	0.8940	0.1221s	0.3600	0.8970	0.8911
63
0208	0.1276	0.9917	0.4098	0.8940	0.1223s	0.3638	0.8940	0.8877
64
0209	0.1545	0.9667	0.4073	0.8920	0.1223s	0.3625	0.8990	0.8931
65
0210	0.1457	0.9750	0.3984	0.8960	0.1225s	0.3571	0.9000	0.8943
66
0211	0.1305	0.9750	0.3916	0.8940	0.1222s	0.3536	0.9030	0.8976
67
0212	0.1480	0.9750	0.3865	0.8980	0.1219s	0.3505	0.9060	0.9008
68
0213	0.1366	0.9583	0.3880	0.8940	0.1218s	0.3504	0.9020	0.8967
69
0214	0.1137	0.9917	0.3931	0.8920	0.1060s	0.3536	0.9030	0.8974
70
0215	0.1322	0.9583	0.3970	0.8960	0.1194s	0.3558	0.9000	0.8945
71
0216	0.1255	1.0000	0.4033	0.8960	0.1220s	0.3604	0.8990	0.8935
72
0217	0.1276	1.0000	0.4078	0.8920	0.1222s	0.3641	0.9010	0.8951
73
0218	0.1378	0.9917	0.4083	0.8880	0.1223s	0.3637	0.9020	0.8959
74
0219	0.1248	0.9667	0.4056	0.8900	0.1227s	0.3622	0.9000	0.8940
75
0220	0.1163	0.9917	0.4077	0.8900	0.1224s	0.3649	0.9010	0.8952
76
0221	0.1440	0.9833	0.4056	0.8880	0.1225s	0.3641	0.9010	0.8952
77
0222	0.1264	0.9917	0.4028	0.8860	0.1222s	0.3624	0.9010	0.8951
78
0223	0.1187	0.9917	0.3992	0.8900	0.1224s	0.3602	0.9000	0.8940
79
0224	0.1351	0.9833	0.3986	0.8900	0.1222s	0.3603	0.9000	0.8943
80
0225	0.1388	0.9833	0.3971	0.8900	0.1222s	0.3577	0.8970	0.8912
81
0226	0.1352	0.9917	0.3971	0.8900	0.1221s	0.3580	0.8960	0.8902
82
0227	0.1276	0.9750	0.3969	0.8900	0.1246s	0.3588	0.8970	0.8916
83
0228	0.1344	1.0000	0.3971	0.8880	0.1220s	0.3603	0.9000	0.8950
84
0229	0.1437	0.9750	0.3958	0.8900	0.1224s	0.3592	0.8990	0.8936
85
0230	0.1458	0.9917	0.3939	0.8920	0.1221s	0.3570	0.9000	0.8942
86
0231	0.1575	0.9750	0.3941	0.8920	0.1226s	0.3546	0.9030	0.8973
87
0232	0.1174	0.9833	0.3967	0.8920	0.1220s	0.3544	0.9030	0.8974
88
0233	0.1289	0.9833	0.4000	0.8960	0.1224s	0.3556	0.9000	0.8940
89
0234	0.1386	0.9917	0.4044	0.8900	0.1128s	0.3580	0.9000	0.8937
90
0235	0.1368	0.9583	0.4104	0.8880	0.1198s	0.3615	0.8970	0.8902
91
0236	0.1281	0.9917	0.4161	0.8880	0.1226s	0.3654	0.8950	0.8882
92
0237	0.1241	0.9833	0.4188	0.8860	0.1349s	0.3673	0.8970	0.8902
93
0238	0.1405	0.9750	0.4144	0.8920	0.1218s	0.3630	0.8970	0.8902
94
0239	0.1351	0.9500	0.4048	0.9000	0.1220s	0.3544	0.9020	0.8961
95
0240	0.1368	0.9833	0.3963	0.9000	0.1236s	0.3488	0.9010	0.8955
96
0241	0.1233	0.9917	0.3922	0.9000	0.1223s	0.3487	0.9050	0.8999
97
0242	0.1307	0.9833	0.3954	0.8980	0.1223s	0.3538	0.9010	0.8952
98
0243	0.1367	0.9917	0.4076	0.8880	0.1235s	0.3652	0.8980	0.8921
99
0244	0.1364	0.9500	0.4184	0.8880	0.1223s	0.3745	0.8930	0.8871
100
0245	0.1485	0.9667	0.4198	0.8900	0.1223s	0.3745	0.8930	0.8866
101
0246	0.1385	0.9750	0.4146	0.8940	0.1235s	0.3699	0.8950	0.8885
102
0247	0.1313	0.9667	0.4047	0.8960	0.1244s	0.3614	0.8980	0.8920
103
0248	0.1198	0.9917	0.3969	0.9000	0.1223s	0.3554	0.9010	0.8954
104
0249	0.1374	0.9833	0.3921	0.9020	0.1227s	0.3527	0.9030	0.8976
105
0250	0.1468	0.9667	0.3908	0.9000	0.1264s	0.3537	0.9040	0.8987
106
0251	0.1693	0.9917	0.3981	0.8980	0.1197s	0.3636	0.9010	0.8951
107
0252	0.1366	0.9750	0.4127	0.8900	0.1239s	0.3793	0.8940	0.8877
108
0253	0.1265	0.9833	0.4348	0.8800	0.1222s	0.4016	0.8870	0.8806
109
0254	0.1657	1.0000	0.4448	0.8860	0.1232s	0.4100	0.8820	0.8750
110
0255	0.1338	0.9500	0.4355	0.8840	0.1230s	0.4014	0.8870	0.8800
111
0256	0.1308	0.9750	0.4196	0.8900	0.1218s	0.3867	0.8950	0.8889
112
0257	0.1347	0.9917	0.4068	0.8920	0.1219s	0.3741	0.9000	0.8936
113
0258	0.1150	0.9917	0.3974	0.8980	0.1234s	0.3648	0.9000	0.8936
114
0259	0.1419	0.9917	0.3922	0.9000	0.1226s	0.3601	0.9040	0.8982
115
0260	0.1269	0.9833	0.3895	0.9020	0.1237s	0.3568	0.9030	0.8973
116
0261	0.1360	0.9833	0.3900	0.9000	0.1226s	0.3579	0.9040	0.8982
117
0262	0.1329	0.9750	0.3926	0.8960	0.1223s	0.3615	0.9020	0.8959
118
0263	0.1296	0.9833	0.3980	0.8940	0.1226s	0.3666	0.8980	0.8915
119
0264	0.1418	0.9750	0.4060	0.8860	0.1217s	0.3737	0.8980	0.8915
120
0265	0.1279	0.9917	0.4125	0.8840	0.1221s	0.3787	0.8960	0.8895
121
0266	0.1460	0.9667	0.4136	0.8880	0.1226s	0.3790	0.8960	0.8895
122
0267	0.1427	0.9917	0.4122	0.8900	0.1221s	0.3773	0.8980	0.8917
123
0268	0.1361	0.9750	0.4026	0.8940	0.1217s	0.3690	0.9000	0.8939
124
0269	0.1457	0.9833	0.3977	0.8960	0.1224s	0.3658	0.9020	0.8963
125
0270	0.1458	0.9833	0.3934	0.9000	0.1223s	0.3625	0.9070	0.9017
126
0271	0.1283	0.9833	0.3960	0.8920	0.1224s	0.3639	0.9020	0.8960
127
0272	0.1175	0.9833	0.4037	0.8920	0.1223s	0.3701	0.8970	0.8907
128
0273	0.1415	0.9833	0.4127	0.8840	0.1227s	0.3791	0.8960	0.8898
129
0274	0.1339	0.9667	0.4126	0.8820	0.1226s	0.3793	0.8960	0.8897
130
0275	0.1403	0.9417	0.4023	0.8860	0.1219s	0.3715	0.8980	0.8917
131
0276	0.1420	0.9750	0.3898	0.8940	0.1221s	0.3623	0.9020	0.8958
132
0277	0.1327	0.9917	0.3833	0.8900	0.1221s	0.3583	0.9080	0.9023
133
0278	0.1547	0.9667	0.3836	0.8940	0.1226s	0.3593	0.9080	0.9024
134
0279	0.1375	0.9917	0.3869	0.8940	0.1220s	0.3625	0.9100	0.9045
135
0280	0.1334	0.9917	0.3929	0.8900	0.1232s	0.3660	0.9050	0.8990
136
0281	0.1247	0.9917	0.4119	0.8900	0.1222s	0.3812	0.8980	0.8915
137
0282	0.1483	0.9833	0.4308	0.8880	0.1225s	0.3958	0.8910	0.8837
138
0283	0.1397	0.9833	0.4492	0.8900	0.1059s	0.4090	0.8890	0.8814
139
0284	0.1340	0.9917	0.4466	0.8860	0.1243s	0.4041	0.8900	0.8827
140
0285	0.1425	0.9667	0.4250	0.8880	0.1219s	0.3851	0.8950	0.8880
141
0286	0.1433	0.9833	0.4010	0.8940	0.1229s	0.3651	0.9010	0.8948
142
0287	0.1344	0.9917	0.3934	0.8980	0.1223s	0.3602	0.9090	0.9037
143
0288	0.1279	0.9833	0.3935	0.8960	0.1224s	0.3599	0.9070	0.9019
144
0289	0.1234	0.9917	0.3934	0.9000	0.1220s	0.3567	0.9080	0.9028
145
0290	0.1315	0.9917	0.3975	0.8980	0.1219s	0.3569	0.9060	0.9005
146
0291	0.1455	0.9833	0.4072	0.8980	0.1223s	0.3612	0.8980	0.8918
147
0292	0.1409	1.0000	0.4241	0.8860	0.1235s	0.3730	0.8970	0.8905
148
0293	0.1304	0.9833	0.4419	0.8880	0.1220s	0.3868	0.8950	0.8877
149
0294	0.1130	0.9833	0.4510	0.8920	0.1207s	0.3948	0.8940	0.8865
150
0295	0.1386	0.9667	0.4364	0.8860	0.1223s	0.3834	0.8960	0.8890
151
0296	0.1408	0.9833	0.4201	0.8900	0.1223s	0.3710	0.9030	0.8971
152
0297	0.1312	0.9750	0.4058	0.8940	0.1227s	0.3630	0.9050	0.8993
153
0298	0.1477	0.9750	0.4000	0.9020	0.1221s	0.3603	0.9070	0.9016
154
0299	0.1257	0.9833	0.4007	0.8980	0.1231s	0.3610	0.9080	0.9028
155
0300	0.1266	1.0000	0.4041	0.8920	0.1218s	0.3654	0.9090	0.9037
156
0301	0.1404	0.9667	0.4160	0.8900	0.1222s	0.3760	0.9040	0.8983
157
0302	0.1391	0.9917	0.4280	0.8900	0.1226s	0.3859	0.9000	0.8938
158
0303	0.1228	0.9917	0.4393	0.8900	0.1224s	0.3936	0.8940	0.8875
159
0304	0.1529	0.9833	0.4469	0.8920	0.1221s	0.3972	0.8900	0.8834
160
0305	0.1294	0.9750	0.4449	0.8920	0.1222s	0.3920	0.8900	0.8828
161
0306	0.1360	0.9833	0.4297	0.8880	0.1223s	0.3774	0.8940	0.8874
162
0307	0.1326	0.9667	0.4148	0.8920	0.1218s	0.3647	0.8990	0.8925
163
0308	0.1110	0.9833	0.4024	0.8980	0.1219s	0.3557	0.9030	0.8974
164
0309	0.1295	0.9833	0.3950	0.8960	0.1058s	0.3523	0.9040	0.8985
165
0310	0.1460	0.9583	0.3959	0.8940	0.1236s	0.3558	0.9090	0.9039
166
0311	0.1440	0.9917	0.4067	0.8900	0.1046s	0.3679	0.8990	0.8933
167
0312	0.1252	0.9667	0.4236	0.8860	0.1235s	0.3841	0.8940	0.8872
168
0313	0.1641	0.9833	0.4361	0.8900	0.1224s	0.3939	0.8950	0.8877
169
0314	0.1253	0.9750	0.4379	0.8880	0.1219s	0.3942	0.8910	0.8834
170
0315	0.1429	0.9917	0.4284	0.8860	0.1256s	0.3817	0.8950	0.8887
171
0316	0.1401	0.9917	0.4172	0.8940	0.1221s	0.3682	0.9000	0.8942
172
0317	0.1415	0.9750	0.4106	0.8960	0.1223s	0.3588	0.9010	0.8951
173
0318	0.1256	1.0000	0.4092	0.8920	0.1235s	0.3556	0.9010	0.8954
174
0319	0.1419	0.9917	0.4049	0.8940	0.1227s	0.3535	0.9050	0.8998
175
0320	0.1209	0.9833	0.3989	0.8980	0.1216s	0.3530	0.9090	0.9043
176
0321	0.1293	1.0000	0.4025	0.8880	0.1227s	0.3633	0.9050	0.8997
177
0322	0.1198	0.9833	0.4154	0.8900	0.1223s	0.3815	0.8990	0.8931
178
0323	0.1403	0.9917	0.4239	0.8900	0.1224s	0.3940	0.8910	0.8834
179
0324	0.1335	0.9750	0.4288	0.8880	0.1234s	0.4014	0.8900	0.8828
180
0325	0.1391	0.9583	0.4167	0.8900	0.1224s	0.3905	0.8930	0.8863
181
0326	0.1438	0.9917	0.3976	0.8900	0.1219s	0.3707	0.9030	0.8975
182
0327	0.1254	0.9750	0.3906	0.8940	0.1241s	0.3598	0.9050	0.9001
183
0328	0.1197	0.9833	0.3937	0.8960	0.1223s	0.3584	0.9000	0.8943
184
0329	0.1110	1.0000	0.3990	0.8960	0.1223s	0.3611	0.8990	0.8932
185
0330	0.1296	0.9750	0.3967	0.8960	0.1222s	0.3617	0.8980	0.8921
186
0331	0.1208	0.9750	0.3939	0.8960	0.1223s	0.3644	0.9010	0.8956
187
0332	0.1198	0.9917	0.3961	0.8940	0.1219s	0.3720	0.9020	0.8966
188
0333	0.1336	0.9750	0.4020	0.8920	0.1429s	0.3824	0.8980	0.8924
189
0334	0.1147	0.9917	0.4113	0.8900	0.1192s	0.3957	0.8880	0.8812
190
0335	0.1302	0.9917	0.4145	0.8900	0.1219s	0.3993	0.8860	0.8787
191
0336	0.1224	1.0000	0.4120	0.8880	0.1218s	0.3940	0.8910	0.8838
192
0337	0.1521	0.9667	0.4044	0.8860	0.1221s	0.3819	0.8990	0.8926
193
0338	0.1465	0.9583	0.3962	0.8900	0.1223s	0.3680	0.9020	0.8964
194
0339	0.1370	0.9667	0.3943	0.8960	0.1219s	0.3612	0.9030	0.8978
195
0340	0.1441	0.9833	0.3952	0.8940	0.1223s	0.3605	0.9030	0.8979
196
0341	0.1273	0.9917	0.3965	0.8940	0.1222s	0.3611	0.9010	0.8959
197
0342	0.1365	0.9500	0.3979	0.8980	0.1079s	0.3633	0.9020	0.8971
198
0343	0.1378	0.9833	0.3993	0.8940	0.1237s	0.3697	0.9040	0.8989
199
Early stop! Min loss:0.37080246210098267,  Max accuracy:0.908
Early stop model validation loss:0.37080246210098267,  accuracy:0.9
Optimization Finished!
Total time elapsed: 42.4113s
test max acc:0.9110
Loading 80th epoch
stru_node_to_hop attention:tensor([[0.2513, 0.2504, 0.2494, 0.2489],
        [0.2501, 0.2499, 0.2500, 0.2500],
        [0.2481, 0.2510, 0.2505, 0.2504],
        [0.2493, 0.2514, 0.2498, 0.2495],
        [0.2478, 0.2503, 0.2508, 0.2511],
        [0.2513, 0.2501, 0.2494, 0.2492],
        [0.2501, 0.2500, 0.2500, 0.2500],
        [0.2501, 0.2500, 0.2500, 0.2499],
        [0.2494, 0.2505, 0.2501, 0.2500],
        [0.2498, 0.2503, 0.2500, 0.2499],
        [0.2503, 0.2499, 0.2499, 0.2499],
        [0.2498, 0.2501, 0.2501, 0.2501],
        [0.2497, 0.2502, 0.2500, 0.2500],
        [0.2517, 0.2497, 0.2494, 0.2492],
        [0.2481, 0.2505, 0.2507, 0.2507],
        [0.2500, 0.2504, 0.2499, 0.2496],
        [0.2479, 0.2511, 0.2506, 0.2504],
        [0.2484, 0.2514, 0.2502, 0.2499],
        [0.2500, 0.2500, 0.2500, 0.2500],
        [0.2500, 0.2502, 0.2500, 0.2498],
        [0.2500, 0.2500, 0.2500, 0.2500],
        [0.2481, 0.2515, 0.2503, 0.2501],
        [0.2501, 0.2500, 0.2500, 0.2499],
        [0.2486, 0.2507, 0.2504, 0.2503],
        [0.2503, 0.2500, 0.2499, 0.2498],
        [0.2482, 0.2510, 0.2504, 0.2504],
        [0.2498, 0.2503, 0.2500, 0.2499],
        [0.2489, 0.2507, 0.2502, 0.2501],
        [0.2496, 0.2502, 0.2501, 0.2501],
        [0.2480, 0.2512, 0.2505, 0.2503],
        [0.2482, 0.2511, 0.2505, 0.2503],
        [0.2485, 0.2511, 0.2504, 0.2500],
        [0.2504, 0.2499, 0.2498, 0.2498],
        [0.2497, 0.2502, 0.2501, 0.2500],
        [0.2474, 0.2512, 0.2508, 0.2506],
        [0.2499, 0.2502, 0.2500, 0.2500],
        [0.2496, 0.2503, 0.2501, 0.2499],
        [0.2492, 0.2501, 0.2503, 0.2504],
        [0.2501, 0.2500, 0.2500, 0.2499],
        [0.2495, 0.2506, 0.2501, 0.2499],
        [0.2501, 0.2499, 0.2500, 0.2500],
        [0.2497, 0.2504, 0.2501, 0.2499],
        [0.2495, 0.2504, 0.2501, 0.2500],
        [0.2497, 0.2502, 0.2501, 0.2500],
        [0.2489, 0.2507, 0.2503, 0.2502],
        [0.1743, 0.1980, 0.2823, 0.3453],
        [0.2498, 0.2502, 0.2501, 0.2500],
        [0.2489, 0.2508, 0.2502, 0.2501],
        [0.2488, 0.2505, 0.2504, 0.2503],
        [0.2492, 0.2504, 0.2502, 0.2502],
        [0.2492, 0.2505, 0.2501, 0.2501],
        [0.2498, 0.2502, 0.2500, 0.2500],
        [0.2499, 0.2500, 0.2500, 0.2500],
        [0.2501, 0.2502, 0.2499, 0.2498],
        [0.2486, 0.2506, 0.2504, 0.2504],
        [0.2475, 0.2508, 0.2508, 0.2509],
        [0.2491, 0.2507, 0.2501, 0.2500],
        [0.2497, 0.2502, 0.2501, 0.2501],
        [0.2488, 0.2510, 0.2502, 0.2500],
        [0.2484, 0.2511, 0.2504, 0.2502],
        [0.2486, 0.2508, 0.2504, 0.2502],
        [0.2492, 0.2504, 0.2502, 0.2502],
        [0.2494, 0.2505, 0.2501, 0.2500],
        [0.2487, 0.2493, 0.2507, 0.2513],
        [0.2498, 0.2501, 0.2501, 0.2500],
        [0.2495, 0.2499, 0.2503, 0.2504],
        [0.2498, 0.2498, 0.2502, 0.2502],
        [0.2472, 0.2507, 0.2509, 0.2511],
        [0.2498, 0.2500, 0.2501, 0.2501],
        [0.2476, 0.2511, 0.2507, 0.2506],
        [0.2482, 0.2514, 0.2503, 0.2501],
        [0.2495, 0.2502, 0.2501, 0.2502],
        [0.2497, 0.2504, 0.2501, 0.2499],
        [0.2503, 0.2511, 0.2496, 0.2490],
        [0.2494, 0.2503, 0.2502, 0.2501],
        [0.2494, 0.2505, 0.2501, 0.2500],
        [0.2500, 0.2504, 0.2499, 0.2497],
        [0.2509, 0.2494, 0.2498, 0.2498],
        [0.2490, 0.2505, 0.2503, 0.2502],
        [0.2495, 0.2502, 0.2502, 0.2502],
        [0.2495, 0.2505, 0.2501, 0.2499],
        [0.2490, 0.2509, 0.2501, 0.2500],
        [0.2505, 0.2500, 0.2498, 0.2497],
        [0.2498, 0.2501, 0.2500, 0.2500],
        [0.2497, 0.2502, 0.2501, 0.2500],
        [0.2498, 0.2502, 0.2500, 0.2500],
        [0.2493, 0.2501, 0.2503, 0.2503],
        [0.2486, 0.2509, 0.2504, 0.2501],
        [0.2493, 0.2507, 0.2501, 0.2499],
        [0.2505, 0.2502, 0.2497, 0.2497],
        [0.2499, 0.2500, 0.2500, 0.2500],
        [0.2491, 0.2505, 0.2502, 0.2502],
        [0.2500, 0.2500, 0.2500, 0.2500],
        [0.2494, 0.2502, 0.2502, 0.2502],
        [0.2493, 0.2504, 0.2502, 0.2501],
        [0.2500, 0.2500, 0.2500, 0.2500],
        [0.2492, 0.2504, 0.2502, 0.2502],
        [0.2514, 0.2495, 0.2496, 0.2495],
        [0.2494, 0.2505, 0.2501, 0.2500],
        [0.2500, 0.2502, 0.2500, 0.2498]], device='cuda:1')
fea_node_to_hop attention:tensor([[0.3314, 0.3342, 0.3344],
        [0.3336, 0.3332, 0.3332],
        [0.3316, 0.3333, 0.3350],
        [0.3306, 0.3344, 0.3350],
        [0.3327, 0.3337, 0.3335],
        [0.3293, 0.3354, 0.3353],
        [0.3334, 0.3331, 0.3335],
        [0.3327, 0.3333, 0.3340],
        [0.3315, 0.3342, 0.3344],
        [0.3328, 0.3330, 0.3342],
        [0.3339, 0.3327, 0.3333],
        [0.3319, 0.3337, 0.3344],
        [0.3334, 0.3332, 0.3334],
        [0.3306, 0.3339, 0.3356],
        [0.3324, 0.3334, 0.3342],
        [0.3336, 0.3328, 0.3336],
        [0.3288, 0.3346, 0.3366],
        [0.3314, 0.3336, 0.3350],
        [0.3336, 0.3331, 0.3333],
        [0.3325, 0.3336, 0.3339],
        [0.3333, 0.3333, 0.3334],
        [0.3332, 0.3325, 0.3342],
        [0.3310, 0.3347, 0.3343],
        [0.3310, 0.3347, 0.3343],
        [0.3321, 0.3335, 0.3344],
        [0.3328, 0.3330, 0.3342],
        [0.3309, 0.3343, 0.3348],
        [0.3306, 0.3342, 0.3352],
        [0.3316, 0.3340, 0.3344],
        [0.3325, 0.3333, 0.3342],
        [0.3305, 0.3344, 0.3351],
        [0.3297, 0.3334, 0.3369],
        [0.3333, 0.3333, 0.3333],
        [0.3327, 0.3335, 0.3338],
        [0.3325, 0.3335, 0.3340],
        [0.3316, 0.3338, 0.3346],
        [0.3321, 0.3337, 0.3342],
        [0.3327, 0.3330, 0.3343],
        [0.3326, 0.3336, 0.3338],
        [0.3297, 0.3353, 0.3350],
        [0.3338, 0.3329, 0.3333],
        [0.3294, 0.3353, 0.3353],
        [0.3294, 0.3348, 0.3358],
        [0.3328, 0.3335, 0.3337],
        [0.3321, 0.3344, 0.3335],
        [0.3150, 0.3567, 0.3283],
        [0.3326, 0.3337, 0.3336],
        [0.3285, 0.3357, 0.3358],
        [0.3313, 0.3340, 0.3347],
        [0.3323, 0.3339, 0.3338],
        [0.3333, 0.3330, 0.3337],
        [0.3330, 0.3333, 0.3338],
        [0.3333, 0.3334, 0.3333],
        [0.3288, 0.3353, 0.3359],
        [0.3329, 0.3333, 0.3338],
        [0.3302, 0.3344, 0.3353],
        [0.3323, 0.3338, 0.3339],
        [0.3299, 0.3350, 0.3350],
        [0.3328, 0.3330, 0.3343],
        [0.3311, 0.3344, 0.3345],
        [0.3293, 0.3349, 0.3358],
        [0.3324, 0.3332, 0.3344],
        [0.3297, 0.3349, 0.3353],
        [0.3333, 0.3331, 0.3336],
        [0.3327, 0.3335, 0.3338],
        [0.3291, 0.3354, 0.3354],
        [0.3326, 0.3339, 0.3336],
        [0.3323, 0.3339, 0.3338],
        [0.3327, 0.3335, 0.3338],
        [0.3312, 0.3339, 0.3349],
        [0.3309, 0.3342, 0.3350],
        [0.3305, 0.3347, 0.3348],
        [0.3318, 0.3331, 0.3351],
        [0.3301, 0.3340, 0.3359],
        [0.3322, 0.3340, 0.3338],
        [0.3317, 0.3339, 0.3345],
        [0.3329, 0.3331, 0.3339],
        [0.3315, 0.3340, 0.3345],
        [0.3308, 0.3343, 0.3349],
        [0.3316, 0.3338, 0.3346],
        [0.3323, 0.3335, 0.3342],
        [0.3303, 0.3348, 0.3349],
        [0.3305, 0.3348, 0.3348],
        [0.3325, 0.3330, 0.3346],
        [0.3325, 0.3335, 0.3340],
        [0.3316, 0.3337, 0.3346],
        [0.3329, 0.3337, 0.3334],
        [0.3316, 0.3336, 0.3348],
        [0.3307, 0.3341, 0.3352],
        [0.3316, 0.3338, 0.3346],
        [0.3326, 0.3335, 0.3339],
        [0.3307, 0.3342, 0.3351],
        [0.3336, 0.3332, 0.3332],
        [0.3317, 0.3342, 0.3340],
        [0.3319, 0.3339, 0.3342],
        [0.3332, 0.3333, 0.3335],
        [0.3309, 0.3343, 0.3349],
        [0.3320, 0.3332, 0.3348],
        [0.3327, 0.3332, 0.3341],
        [0.3324, 0.3337, 0.3339]], device='cuda:1')
perception attention:tensor([0.5000, 0.5000], device='cuda:1')
Test set results: loss= 0.3423 accuracy= 0.9080 F1_score= 0.9029
