# epoch	loss_train	acc_train	loss_val	acc_val	time	acc_test	f1_test
0001	1.7931	0.1667	1.6805	0.3800	0.1188s	1.6684	0.3830	0.2547
0
0002	1.6761	0.4083	1.5219	0.4140	0.1220s	1.4954	0.4130	0.3027
0
0003	1.5337	0.4583	1.3543	0.5040	0.1215s	1.3248	0.5060	0.4472
0
0004	1.3515	0.6000	1.1742	0.7500	0.1224s	1.1484	0.7650	0.7518
0
0005	1.1284	0.7667	1.0069	0.8740	0.1201s	0.9836	0.8610	0.8541
0
0006	0.9515	0.9000	0.8703	0.8360	0.1220s	0.8474	0.8630	0.8584
0
0007	0.8168	0.8500	0.7485	0.8420	0.1224s	0.7262	0.8630	0.8576
0
0008	0.7027	0.8833	0.6508	0.8700	0.1224s	0.6306	0.8740	0.8684
0
0009	0.6012	0.8750	0.5842	0.8720	0.1220s	0.5700	0.8810	0.8748
0
0010	0.4972	0.9083	0.5253	0.8740	0.1223s	0.5145	0.8910	0.8847
0
0011	0.4681	0.8917	0.4704	0.8880	0.1180s	0.4561	0.8980	0.8920
0
0012	0.4162	0.9167	0.4311	0.8940	0.1196s	0.4067	0.9020	0.8960
0
0013	0.3812	0.9000	0.4195	0.8880	0.1228s	0.3913	0.8900	0.8829
0
0014	0.3387	0.9167	0.4156	0.8720	0.1205s	0.3858	0.8830	0.8759
0
0015	0.3061	0.9500	0.4082	0.8740	0.1224s	0.3775	0.8830	0.8756
0
0016	0.2840	0.9000	0.3948	0.8820	0.1222s	0.3636	0.8950	0.8883
0
0017	0.2318	0.9750	0.3893	0.8880	0.1224s	0.3568	0.9010	0.8950
0
0018	0.2330	0.9333	0.3892	0.8920	0.1227s	0.3554	0.8990	0.8925
0
0019	0.2038	0.9833	0.3905	0.8940	0.1222s	0.3551	0.9020	0.8962
0
0020	0.2026	0.9667	0.3915	0.8980	0.1229s	0.3547	0.9000	0.8942
0
0021	0.2534	0.9500	0.3934	0.8920	0.1220s	0.3554	0.9010	0.8948
0
0022	0.2103	0.9250	0.3921	0.8940	0.1072s	0.3530	0.8960	0.8895
1
0023	0.1868	0.9583	0.3923	0.8900	0.1225s	0.3525	0.8970	0.8909
2
0024	0.1736	0.9917	0.3927	0.8880	0.1221s	0.3522	0.8990	0.8930
3
0025	0.2007	0.9500	0.3946	0.8880	0.1223s	0.3544	0.8990	0.8934
4
0026	0.1906	0.9583	0.3970	0.8820	0.1218s	0.3573	0.8960	0.8902
5
0027	0.1870	0.9667	0.4013	0.8880	0.1226s	0.3615	0.8970	0.8909
6
0028	0.1758	0.9417	0.4043	0.8900	0.1224s	0.3636	0.8940	0.8876
7
0029	0.1836	0.9583	0.4052	0.8940	0.1047s	0.3646	0.8920	0.8858
8
0030	0.1537	0.9583	0.4072	0.8940	0.1199s	0.3678	0.8910	0.8848
9
0031	0.1678	0.9750	0.4121	0.8980	0.1226s	0.3740	0.8880	0.8821
10
0032	0.1791	0.9667	0.4129	0.8960	0.1226s	0.3760	0.8890	0.8831
0
0033	0.1468	0.9917	0.4088	0.8960	0.1227s	0.3732	0.8900	0.8838
1
0034	0.1679	0.9667	0.4076	0.8920	0.1218s	0.3735	0.8910	0.8845
2
0035	0.1559	0.9833	0.4111	0.8860	0.1225s	0.3780	0.8910	0.8844
3
0036	0.1566	0.9750	0.4164	0.8800	0.1225s	0.3839	0.8900	0.8825
4
0037	0.1389	0.9917	0.4180	0.8760	0.1224s	0.3861	0.8900	0.8826
5
0038	0.1597	0.9667	0.4134	0.8840	0.1224s	0.3815	0.8910	0.8837
6
0039	0.1466	0.9750	0.4041	0.8920	0.1227s	0.3727	0.8960	0.8897
7
0040	0.1297	0.9917	0.4003	0.8880	0.1222s	0.3685	0.8930	0.8866
8
0041	0.1627	0.9750	0.3957	0.8940	0.1217s	0.3642	0.8960	0.8903
9
0042	0.1748	0.9750	0.3928	0.8920	0.1129s	0.3622	0.8930	0.8875
10
0043	0.1511	0.9750	0.3935	0.8940	0.1218s	0.3641	0.8940	0.8886
11
0044	0.1668	0.9750	0.3990	0.8920	0.1235s	0.3698	0.8910	0.8850
12
0045	0.1486	0.9917	0.4052	0.8880	0.1223s	0.3762	0.8910	0.8845
13
0046	0.1543	0.9667	0.4042	0.8880	0.1220s	0.3756	0.8920	0.8855
14
0047	0.1812	0.9750	0.4010	0.8880	0.1178s	0.3721	0.8910	0.8844
15
0048	0.1672	0.9667	0.3963	0.8940	0.1224s	0.3670	0.8930	0.8864
16
0049	0.1374	0.9667	0.3921	0.8920	0.1225s	0.3623	0.8940	0.8876
17
0050	0.1339	0.9917	0.3881	0.8940	0.1224s	0.3580	0.8940	0.8876
18
0051	0.1628	0.9750	0.3859	0.8960	0.1178s	0.3556	0.8950	0.8888
0
0052	0.1630	0.9667	0.3838	0.8980	0.1223s	0.3543	0.8960	0.8900
0
0053	0.1505	0.9917	0.3850	0.8940	0.1203s	0.3565	0.8970	0.8908
0
0054	0.1506	0.9917	0.3871	0.8900	0.1223s	0.3602	0.9010	0.8952
1
0055	0.1452	0.9917	0.3922	0.8860	0.1197s	0.3656	0.8990	0.8928
2
0056	0.1687	0.9833	0.3982	0.8780	0.1224s	0.3718	0.8960	0.8891
3
0057	0.1682	0.9833	0.3998	0.8780	0.1177s	0.3722	0.8950	0.8879
4
0058	0.1659	0.9833	0.3947	0.8820	0.1048s	0.3659	0.8980	0.8913
5
0059	0.1570	0.9333	0.3871	0.8920	0.1155s	0.3572	0.9010	0.8950
6
0060	0.1518	0.9583	0.3794	0.9000	0.1187s	0.3485	0.9010	0.8952
7
0061	0.1481	0.9750	0.3761	0.9020	0.1208s	0.3444	0.9040	0.8986
0
0062	0.1412	1.0000	0.3752	0.9020	0.1175s	0.3439	0.9050	0.8996
0
0063	0.1488	0.9583	0.3769	0.8960	0.1199s	0.3474	0.9040	0.8987
0
0064	0.1402	0.9833	0.3802	0.8980	0.1211s	0.3527	0.8990	0.8931
1
0065	0.1755	0.9750	0.3839	0.8920	0.1219s	0.3565	0.9000	0.8941
2
0066	0.1352	0.9750	0.3828	0.8920	0.1225s	0.3560	0.8990	0.8935
3
0067	0.1385	0.9917	0.3853	0.8880	0.1218s	0.3578	0.9030	0.8976
4
0068	0.1674	0.9750	0.3901	0.8820	0.1220s	0.3608	0.8990	0.8927
5
0069	0.1520	0.9833	0.3873	0.8860	0.1225s	0.3579	0.8990	0.8929
6
0070	0.1523	0.9667	0.3831	0.8900	0.1111s	0.3538	0.9000	0.8940
7
0071	0.1683	0.9667	0.3805	0.8920	0.1217s	0.3510	0.9010	0.8953
8
0072	0.1406	0.9583	0.3799	0.8940	0.1220s	0.3502	0.9000	0.8945
9
0073	0.1509	0.9917	0.3802	0.8900	0.1222s	0.3500	0.9020	0.8965
10
0074	0.1532	0.9667	0.3818	0.8980	0.1222s	0.3519	0.9020	0.8966
11
0075	0.1587	0.9833	0.3826	0.8980	0.1223s	0.3540	0.8980	0.8924
12
0076	0.1692	0.9667	0.3833	0.8960	0.1225s	0.3578	0.8990	0.8933
13
0077	0.1725	0.9750	0.3820	0.8920	0.1222s	0.3613	0.8950	0.8893
14
0078	0.1465	0.9583	0.3795	0.8960	0.1216s	0.3613	0.8950	0.8893
15
0079	0.1742	0.9917	0.3768	0.8960	0.1228s	0.3577	0.9020	0.8965
16
0080	0.1314	0.9750	0.3782	0.8900	0.1182s	0.3567	0.9000	0.8945
17
0081	0.1502	0.9833	0.3822	0.8940	0.1200s	0.3573	0.8980	0.8920
18
0082	0.1446	0.9833	0.3841	0.8960	0.1219s	0.3574	0.8990	0.8935
19
0083	0.1474	0.9917	0.3849	0.8940	0.1177s	0.3590	0.9000	0.8943
20
0084	0.1543	0.9833	0.3836	0.8940	0.1223s	0.3585	0.9000	0.8941
21
0085	0.1515	0.9917	0.3821	0.8920	0.1233s	0.3577	0.9010	0.8950
22
0086	0.1256	1.0000	0.3791	0.8900	0.1223s	0.3567	0.9000	0.8939
23
0087	0.1349	0.9833	0.3758	0.8940	0.1180s	0.3569	0.8990	0.8933
24
0088	0.1644	0.9750	0.3748	0.8960	0.1225s	0.3587	0.9010	0.8957
25
0089	0.1544	0.9500	0.3769	0.8960	0.1225s	0.3626	0.9010	0.8957
0
0090	0.1568	0.9583	0.3767	0.8980	0.1225s	0.3616	0.9000	0.8945
1
0091	0.1463	0.9667	0.3776	0.8980	0.1225s	0.3608	0.9020	0.8965
2
0092	0.1548	0.9667	0.3792	0.8960	0.1199s	0.3603	0.9030	0.8974
3
0093	0.1338	0.9750	0.3808	0.8920	0.1225s	0.3620	0.9020	0.8963
4
0094	0.1396	0.9583	0.3865	0.8900	0.1222s	0.3662	0.9010	0.8951
5
0095	0.1521	0.9833	0.3890	0.8920	0.1225s	0.3692	0.8970	0.8907
6
0096	0.1418	1.0000	0.3909	0.8940	0.1219s	0.3728	0.8970	0.8909
7
0097	0.1493	0.9750	0.3876	0.8940	0.1221s	0.3715	0.8980	0.8917
8
0098	0.1331	0.9833	0.3820	0.8940	0.1218s	0.3682	0.8990	0.8929
9
0099	0.1462	0.9667	0.3783	0.8960	0.1226s	0.3660	0.8990	0.8931
10
0100	0.1349	0.9833	0.3781	0.9000	0.1221s	0.3659	0.8980	0.8920
11
0101	0.1357	0.9583	0.3818	0.9000	0.1220s	0.3702	0.8980	0.8920
12
0102	0.1376	0.9833	0.3818	0.9000	0.1221s	0.3691	0.9010	0.8954
13
0103	0.1275	1.0000	0.3842	0.9000	0.1224s	0.3701	0.8980	0.8922
14
0104	0.1681	0.9417	0.3826	0.9020	0.1225s	0.3672	0.8980	0.8922
15
0105	0.1273	0.9917	0.3817	0.9000	0.1226s	0.3660	0.9000	0.8943
0
0106	0.1448	0.9750	0.3793	0.9000	0.1228s	0.3641	0.9010	0.8956
1
0107	0.1383	0.9833	0.3808	0.8980	0.1106s	0.3664	0.9050	0.8999
2
0108	0.1347	0.9667	0.3857	0.8880	0.1206s	0.3700	0.9020	0.8967
3
0109	0.1246	0.9833	0.3899	0.8840	0.1223s	0.3708	0.8980	0.8923
4
0110	0.1447	0.9667	0.3958	0.8840	0.1198s	0.3724	0.8940	0.8876
5
0111	0.1391	0.9917	0.3939	0.8940	0.1224s	0.3657	0.8950	0.8891
6
0112	0.1604	0.9333	0.3921	0.9000	0.1224s	0.3593	0.8980	0.8920
7
0113	0.1412	0.9750	0.3878	0.9000	0.1223s	0.3527	0.8990	0.8929
8
0114	0.1482	0.9917	0.3820	0.8980	0.1227s	0.3487	0.9010	0.8951
9
0115	0.1520	1.0000	0.3764	0.8980	0.1224s	0.3448	0.9050	0.8997
10
0116	0.1349	0.9833	0.3775	0.8980	0.1219s	0.3471	0.9050	0.8998
11
0117	0.1371	0.9583	0.3796	0.8960	0.1218s	0.3490	0.9060	0.9008
12
0118	0.1402	0.9667	0.3782	0.8940	0.1228s	0.3458	0.9050	0.8996
13
0119	0.1352	0.9667	0.3833	0.8940	0.1220s	0.3474	0.9040	0.8987
14
0120	0.1552	0.9750	0.3950	0.8880	0.1215s	0.3565	0.8970	0.8910
15
0121	0.1532	0.9917	0.4042	0.8920	0.1223s	0.3632	0.8880	0.8817
16
0122	0.1579	0.9750	0.4012	0.8920	0.1216s	0.3588	0.8920	0.8858
17
0123	0.1333	0.9917	0.3870	0.8960	0.1224s	0.3444	0.8990	0.8930
18
0124	0.1400	0.9917	0.3765	0.9060	0.1219s	0.3340	0.9020	0.8963
19
0125	0.1433	0.9750	0.3699	0.9040	0.1223s	0.3287	0.9040	0.8989
0
0126	0.1485	0.9750	0.3686	0.9080	0.1251s	0.3301	0.9100	0.9051
0
0127	0.1357	0.9917	0.3688	0.9080	0.1220s	0.3319	0.9100	0.9053
0
0128	0.1353	0.9917	0.3720	0.9080	0.1218s	0.3356	0.9090	0.9039
0
0129	0.1408	0.9750	0.3772	0.9040	0.1223s	0.3414	0.9030	0.8976
0
0130	0.1408	0.9750	0.3828	0.9020	0.1221s	0.3466	0.8980	0.8922
1
0131	0.1182	0.9833	0.3820	0.9020	0.1226s	0.3464	0.9020	0.8963
2
0132	0.1437	0.9833	0.3810	0.9020	0.1226s	0.3470	0.9030	0.8974
3
0133	0.1495	0.9667	0.3792	0.9020	0.1171s	0.3477	0.9060	0.9007
4
0134	0.1546	0.9917	0.3821	0.8980	0.1154s	0.3528	0.9030	0.8975
5
0135	0.1391	0.9667	0.3784	0.9040	0.1224s	0.3482	0.9060	0.9005
6
0136	0.1567	0.9583	0.3770	0.9060	0.1227s	0.3428	0.9010	0.8956
7
0137	0.1464	0.9750	0.3857	0.9060	0.1220s	0.3479	0.8980	0.8922
8
0138	0.1333	0.9667	0.3938	0.9020	0.1224s	0.3549	0.8960	0.8899
9
0139	0.1504	0.9583	0.3967	0.8980	0.1227s	0.3603	0.8920	0.8853
10
0140	0.1287	0.9750	0.3955	0.8920	0.1222s	0.3636	0.8940	0.8871
11
0141	0.1426	0.9750	0.3971	0.8900	0.1049s	0.3683	0.8990	0.8925
12
0142	0.1510	0.9750	0.3945	0.8920	0.1216s	0.3676	0.8990	0.8926
13
0143	0.1478	0.9667	0.3868	0.8980	0.1214s	0.3618	0.8980	0.8912
14
0144	0.1327	1.0000	0.3800	0.9020	0.1221s	0.3565	0.9020	0.8958
15
0145	0.1387	0.9750	0.3775	0.9040	0.1223s	0.3556	0.9020	0.8957
16
0146	0.1420	1.0000	0.3770	0.9040	0.1226s	0.3566	0.9010	0.8949
17
0147	0.1410	0.9917	0.3784	0.9020	0.1223s	0.3574	0.8980	0.8919
18
0148	0.1257	0.9667	0.3825	0.8980	0.1225s	0.3590	0.8930	0.8865
19
0149	0.1493	0.9917	0.3860	0.8980	0.1219s	0.3598	0.8920	0.8853
20
0150	0.1281	0.9750	0.3864	0.8980	0.1218s	0.3589	0.8900	0.8833
21
0151	0.1464	0.9833	0.3825	0.8980	0.1174s	0.3550	0.8960	0.8900
22
0152	0.1313	0.9833	0.3794	0.9020	0.1201s	0.3539	0.8960	0.8899
23
0153	0.1349	0.9833	0.3826	0.9000	0.1222s	0.3610	0.8920	0.8857
24
0154	0.1392	0.9667	0.3842	0.8980	0.1218s	0.3665	0.8960	0.8902
25
0155	0.1289	0.9833	0.3822	0.9000	0.1227s	0.3653	0.8970	0.8911
26
0156	0.1417	0.9833	0.3745	0.9020	0.1226s	0.3570	0.9010	0.8956
27
0157	0.1313	0.9750	0.3687	0.9100	0.1175s	0.3492	0.9030	0.8975
28
0158	0.1314	0.9833	0.3687	0.9040	0.1177s	0.3478	0.9040	0.8988
0
0159	0.1416	0.9750	0.3714	0.9020	0.1201s	0.3510	0.9030	0.8979
1
0160	0.1303	1.0000	0.3753	0.9080	0.1221s	0.3561	0.9000	0.8946
2
0161	0.1480	0.9667	0.3810	0.9000	0.1218s	0.3616	0.8950	0.8889
3
0162	0.1403	0.9667	0.3833	0.8940	0.1223s	0.3635	0.8970	0.8909
4
0163	0.1527	0.9750	0.3897	0.8940	0.1175s	0.3686	0.8980	0.8924
5
0164	0.1336	0.9750	0.3893	0.8940	0.1219s	0.3680	0.8970	0.8912
6
0165	0.1460	0.9750	0.3805	0.9000	0.1227s	0.3603	0.8990	0.8936
7
0166	0.1445	0.9917	0.3723	0.9040	0.1177s	0.3529	0.9040	0.8989
8
0167	0.1360	0.9833	0.3684	0.9040	0.1232s	0.3525	0.9000	0.8947
9
0168	0.1360	0.9917	0.3700	0.9040	0.1221s	0.3572	0.9000	0.8951
0
0169	0.1224	1.0000	0.3743	0.8980	0.1220s	0.3624	0.9010	0.8959
1
0170	0.1293	0.9917	0.3787	0.8980	0.1195s	0.3669	0.9010	0.8959
2
0171	0.1264	0.9833	0.3857	0.8960	0.1218s	0.3727	0.8970	0.8911
3
0172	0.1229	0.9833	0.3877	0.8980	0.1222s	0.3730	0.8990	0.8935
4
0173	0.1640	0.9750	0.3807	0.9020	0.1223s	0.3638	0.8980	0.8927
5
0174	0.1645	0.9833	0.3755	0.9020	0.1225s	0.3558	0.9000	0.8949
6
0175	0.1424	0.9750	0.3733	0.9080	0.1226s	0.3511	0.9040	0.8990
7
0176	0.1370	0.9667	0.3730	0.9080	0.1226s	0.3499	0.9040	0.8988
8
0177	0.1332	0.9917	0.3720	0.9060	0.1224s	0.3517	0.9030	0.8976
9
0178	0.1517	0.9667	0.3769	0.9020	0.1219s	0.3597	0.9010	0.8952
10
0179	0.1127	0.9833	0.3884	0.8940	0.1224s	0.3721	0.8940	0.8879
11
0180	0.1411	0.9833	0.3891	0.8920	0.1222s	0.3739	0.8960	0.8902
12
0181	0.1334	0.9500	0.3849	0.8940	0.1222s	0.3710	0.8990	0.8935
13
0182	0.1455	0.9750	0.3792	0.8960	0.1219s	0.3675	0.9010	0.8961
14
0183	0.1505	0.9667	0.3725	0.9000	0.1226s	0.3616	0.9010	0.8965
15
0184	0.1253	0.9917	0.3715	0.8980	0.1221s	0.3607	0.9000	0.8955
16
0185	0.1421	0.9833	0.3743	0.9000	0.1227s	0.3621	0.9010	0.8963
17
0186	0.1379	1.0000	0.3775	0.8980	0.1225s	0.3624	0.9020	0.8969
18
0187	0.1187	1.0000	0.3837	0.8980	0.1224s	0.3655	0.8950	0.8892
19
0188	0.1335	1.0000	0.3881	0.8980	0.1219s	0.3681	0.8960	0.8898
20
0189	0.1376	0.9833	0.3907	0.8960	0.1216s	0.3709	0.8960	0.8899
21
0190	0.1259	0.9750	0.3951	0.8940	0.1215s	0.3745	0.8990	0.8930
22
0191	0.1302	0.9750	0.4016	0.8920	0.1219s	0.3809	0.8980	0.8919
23
0192	0.1646	0.9833	0.3986	0.8940	0.1217s	0.3783	0.8990	0.8931
24
0193	0.1311	0.9750	0.3917	0.8980	0.1223s	0.3725	0.9010	0.8956
25
0194	0.1435	0.9583	0.3837	0.9060	0.1220s	0.3654	0.9060	0.9011
26
0195	0.1250	0.9833	0.3783	0.9040	0.1224s	0.3587	0.9060	0.9013
27
0196	0.1407	0.9833	0.3756	0.9020	0.1047s	0.3557	0.9050	0.9002
28
0197	0.1377	0.9583	0.3765	0.9040	0.1224s	0.3579	0.9070	0.9023
29
0198	0.1352	0.9917	0.3775	0.9020	0.1221s	0.3581	0.9050	0.9002
30
0199	0.1354	1.0000	0.3809	0.9040	0.1220s	0.3601	0.9020	0.8967
31
0200	0.1364	0.9833	0.3865	0.9020	0.1219s	0.3646	0.9000	0.8940
32
0201	0.1315	0.9750	0.3956	0.8940	0.1223s	0.3704	0.8980	0.8919
33
0202	0.1543	0.9667	0.3953	0.8940	0.1221s	0.3697	0.9000	0.8940
34
0203	0.1219	0.9917	0.3913	0.8980	0.1216s	0.3674	0.9000	0.8941
35
0204	0.1521	0.9500	0.3875	0.9000	0.1222s	0.3649	0.9020	0.8964
36
0205	0.1428	0.9833	0.3828	0.9060	0.1225s	0.3619	0.9040	0.8991
37
0206	0.1069	0.9917	0.3788	0.9040	0.1223s	0.3608	0.9050	0.9000
38
0207	0.1401	0.9667	0.3771	0.9040	0.1219s	0.3594	0.9040	0.8990
39
0208	0.1282	0.9917	0.3829	0.9000	0.1163s	0.3643	0.9040	0.8991
40
0209	0.1457	0.9667	0.3851	0.9040	0.1224s	0.3677	0.9010	0.8959
41
0210	0.1299	1.0000	0.3835	0.9040	0.1194s	0.3666	0.9030	0.8982
42
0211	0.1496	0.9750	0.3864	0.9020	0.1178s	0.3675	0.9030	0.8979
43
0212	0.1066	0.9917	0.3898	0.9020	0.1222s	0.3683	0.9020	0.8968
44
0213	0.1262	0.9917	0.3951	0.8980	0.1225s	0.3705	0.8980	0.8921
45
0214	0.1436	0.9833	0.3944	0.8980	0.1222s	0.3673	0.9010	0.8951
46
0215	0.1410	0.9833	0.3930	0.8960	0.1220s	0.3629	0.9040	0.8982
47
0216	0.1390	0.9917	0.3919	0.8960	0.1174s	0.3602	0.9060	0.9006
48
0217	0.1377	0.9750	0.3901	0.8960	0.1219s	0.3586	0.9050	0.8998
49
0218	0.1440	0.9750	0.3859	0.9000	0.1228s	0.3568	0.9000	0.8947
50
0219	0.1583	0.9333	0.3846	0.9020	0.1224s	0.3580	0.9000	0.8949
51
0220	0.1408	0.9833	0.3883	0.9000	0.1226s	0.3614	0.8960	0.8906
52
0221	0.1457	1.0000	0.3916	0.8980	0.1218s	0.3641	0.8970	0.8918
53
0222	0.1164	1.0000	0.3984	0.8980	0.1219s	0.3704	0.8940	0.8883
54
0223	0.1346	0.9750	0.4046	0.8960	0.1234s	0.3747	0.8930	0.8867
55
0224	0.1417	0.9833	0.4094	0.8940	0.1222s	0.3776	0.8960	0.8899
56
0225	0.1425	0.9833	0.4024	0.9000	0.1220s	0.3695	0.8960	0.8899
57
0226	0.1101	1.0000	0.3949	0.8980	0.1216s	0.3614	0.8990	0.8934
58
0227	0.1317	0.9750	0.3882	0.8980	0.1223s	0.3535	0.9010	0.8957
59
0228	0.1346	0.9667	0.3844	0.9060	0.1224s	0.3479	0.9020	0.8969
60
0229	0.1287	0.9583	0.3845	0.9040	0.1219s	0.3494	0.9030	0.8981
61
0230	0.1418	0.9667	0.3882	0.9040	0.1222s	0.3542	0.8980	0.8924
62
0231	0.1203	1.0000	0.3908	0.8980	0.1221s	0.3571	0.8960	0.8902
63
0232	0.1369	0.9750	0.3938	0.9000	0.1218s	0.3595	0.8960	0.8903
64
0233	0.1321	0.9750	0.3966	0.9020	0.1217s	0.3620	0.8940	0.8878
65
0234	0.1413	0.9667	0.3971	0.9020	0.1211s	0.3599	0.8960	0.8900
66
0235	0.1418	0.9750	0.3945	0.9040	0.1218s	0.3541	0.9000	0.8945
67
0236	0.1377	0.9583	0.3907	0.9040	0.1216s	0.3480	0.9060	0.9009
68
0237	0.1428	0.9833	0.3838	0.9080	0.1216s	0.3405	0.9070	0.9021
69
0238	0.1211	0.9917	0.3803	0.9140	0.1222s	0.3399	0.9050	0.9003
70
0239	0.1396	0.9833	0.3812	0.9120	0.1220s	0.3441	0.9060	0.9012
0
0240	0.1346	1.0000	0.3841	0.9120	0.1219s	0.3496	0.9070	0.9022
1
0241	0.1323	0.9667	0.3886	0.9040	0.1219s	0.3554	0.9010	0.8952
2
0242	0.1314	0.9917	0.3935	0.9060	0.1222s	0.3593	0.9030	0.8972
3
0243	0.1289	0.9750	0.3958	0.9040	0.1217s	0.3608	0.9040	0.8985
4
0244	0.1495	0.9917	0.3958	0.9060	0.1216s	0.3587	0.9060	0.9010
5
0245	0.1534	0.9833	0.3930	0.9080	0.1215s	0.3552	0.9050	0.8999
6
0246	0.1379	0.9750	0.3931	0.9080	0.1221s	0.3553	0.9030	0.8979
7
0247	0.1204	0.9833	0.3899	0.9020	0.1217s	0.3534	0.9030	0.8980
8
0248	0.1467	0.9833	0.3838	0.9020	0.1217s	0.3509	0.9050	0.9000
9
0249	0.1264	0.9833	0.3833	0.9060	0.1232s	0.3527	0.9050	0.8996
10
0250	0.1306	0.9833	0.3897	0.9020	0.1216s	0.3606	0.9040	0.8984
11
0251	0.1233	0.9917	0.4018	0.8940	0.1057s	0.3725	0.9010	0.8952
12
0252	0.1355	0.9750	0.4044	0.8920	0.1194s	0.3761	0.8990	0.8932
13
0253	0.1423	0.9750	0.3941	0.8960	0.1220s	0.3678	0.9040	0.8986
14
0254	0.1406	0.9667	0.3835	0.9020	0.1218s	0.3593	0.9050	0.9000
15
0255	0.1216	0.9750	0.3787	0.9020	0.1218s	0.3578	0.9010	0.8957
16
0256	0.1482	0.9583	0.3750	0.9060	0.1222s	0.3571	0.9030	0.8980
17
0257	0.1251	0.9833	0.3724	0.9020	0.1221s	0.3564	0.9060	0.9017
18
0258	0.1274	0.9833	0.3696	0.9000	0.1046s	0.3555	0.9060	0.9018
19
0259	0.1387	0.9667	0.3687	0.9020	0.1218s	0.3550	0.9060	0.9016
20
0260	0.1529	0.9833	0.3686	0.9000	0.1214s	0.3534	0.9050	0.9001
21
0261	0.1415	0.9667	0.3770	0.9040	0.1218s	0.3601	0.9020	0.8966
22
0262	0.1133	0.9917	0.3875	0.8980	0.1224s	0.3681	0.8980	0.8919
23
0263	0.1352	0.9833	0.3889	0.9000	0.1047s	0.3693	0.8990	0.8929
24
0264	0.1339	1.0000	0.3829	0.8980	0.1222s	0.3652	0.9020	0.8961
25
0265	0.1157	0.9917	0.3793	0.8960	0.1221s	0.3641	0.9080	0.9026
26
0266	0.1339	0.9833	0.3744	0.9000	0.1222s	0.3617	0.9070	0.9017
27
0267	0.1195	0.9750	0.3686	0.9040	0.1223s	0.3583	0.9070	0.9022
28
0268	0.1194	0.9833	0.3633	0.9100	0.1222s	0.3537	0.9090	0.9043
29
0269	0.1313	0.9833	0.3614	0.9120	0.1226s	0.3503	0.9080	0.9035
0
0270	0.1091	0.9917	0.3623	0.9100	0.1221s	0.3501	0.9090	0.9043
0
0271	0.1474	0.9750	0.3674	0.9080	0.1046s	0.3561	0.9040	0.8993
1
0272	0.1184	0.9833	0.3755	0.9060	0.1218s	0.3636	0.9010	0.8959
2
0273	0.1367	0.9750	0.3776	0.9020	0.1222s	0.3676	0.9000	0.8947
3
0274	0.1393	0.9750	0.3788	0.8980	0.1221s	0.3716	0.9010	0.8954
4
0275	0.1139	0.9917	0.3768	0.8960	0.1222s	0.3714	0.9040	0.8983
5
0276	0.1342	0.9750	0.3720	0.8940	0.1206s	0.3667	0.9090	0.9037
6
0277	0.1112	0.9917	0.3670	0.9000	0.1219s	0.3615	0.9080	0.9024
7
0278	0.1388	0.9917	0.3604	0.9020	0.1224s	0.3551	0.9130	0.9083
8
0279	0.1320	0.9917	0.3542	0.9020	0.1222s	0.3494	0.9140	0.9095
0
0280	0.1362	0.9917	0.3526	0.9060	0.1222s	0.3487	0.9140	0.9096
0
0281	0.1441	0.9500	0.3552	0.9060	0.1222s	0.3526	0.9070	0.9023
0
0282	0.1364	0.9833	0.3680	0.9020	0.1223s	0.3663	0.9030	0.8978
1
0283	0.1393	0.9833	0.3851	0.8920	0.1220s	0.3819	0.9000	0.8950
2
0284	0.1310	0.9583	0.3941	0.8900	0.1045s	0.3882	0.8990	0.8937
3
0285	0.1465	0.9833	0.3972	0.8940	0.1222s	0.3864	0.8980	0.8926
4
0286	0.1411	0.9917	0.3918	0.8960	0.1222s	0.3762	0.8980	0.8924
5
0287	0.1450	0.9917	0.3798	0.8940	0.1215s	0.3615	0.9090	0.9035
6
0288	0.1331	0.9917	0.3709	0.9000	0.1227s	0.3509	0.9130	0.9081
7
0289	0.1293	0.9917	0.3636	0.9020	0.1048s	0.3451	0.9120	0.9072
8
0290	0.1471	0.9917	0.3611	0.9020	0.1218s	0.3446	0.9080	0.9032
9
0291	0.1369	0.9667	0.3617	0.9000	0.1232s	0.3468	0.9090	0.9042
10
0292	0.1358	0.9917	0.3684	0.9020	0.1219s	0.3531	0.9030	0.8976
11
0293	0.1320	0.9667	0.3748	0.8960	0.1220s	0.3561	0.9010	0.8960
12
0294	0.1387	0.9667	0.3776	0.8960	0.1056s	0.3552	0.9000	0.8949
13
0295	0.1324	0.9667	0.3782	0.8980	0.1219s	0.3527	0.9020	0.8970
14
0296	0.1621	0.9583	0.3776	0.9000	0.1222s	0.3513	0.9070	0.9022
15
0297	0.1302	0.9833	0.3784	0.9000	0.1222s	0.3531	0.9050	0.8994
16
0298	0.1452	1.0000	0.3742	0.8980	0.1218s	0.3485	0.9070	0.9017
17
0299	0.1345	1.0000	0.3682	0.8960	0.1044s	0.3441	0.9090	0.9036
18
0300	0.1479	0.9750	0.3647	0.9020	0.1222s	0.3423	0.9090	0.9036
19
0301	0.1168	0.9917	0.3649	0.9020	0.1220s	0.3446	0.9070	0.9012
20
0302	0.1196	0.9917	0.3653	0.9000	0.1218s	0.3459	0.9060	0.9004
21
0303	0.1543	0.9500	0.3646	0.8980	0.1226s	0.3456	0.9040	0.8985
22
0304	0.1333	0.9667	0.3661	0.9020	0.1045s	0.3465	0.9040	0.8985
23
0305	0.1259	0.9917	0.3662	0.9020	0.1224s	0.3466	0.9050	0.8994
24
0306	0.1418	0.9750	0.3601	0.9020	0.1224s	0.3410	0.9100	0.9050
25
0307	0.1116	1.0000	0.3591	0.9060	0.1220s	0.3409	0.9090	0.9038
26
0308	0.1265	0.9917	0.3583	0.9060	0.1215s	0.3418	0.9090	0.9038
27
0309	0.1423	1.0000	0.3620	0.9100	0.1046s	0.3454	0.9080	0.9029
28
0310	0.1253	0.9917	0.3680	0.9020	0.1220s	0.3503	0.9050	0.9000
29
0311	0.1633	0.9667	0.3689	0.9000	0.1229s	0.3494	0.9040	0.8985
30
0312	0.1300	0.9833	0.3700	0.9040	0.1222s	0.3509	0.9010	0.8952
31
0313	0.1292	0.9833	0.3742	0.9020	0.1222s	0.3548	0.9000	0.8941
32
0314	0.1329	0.9583	0.3737	0.9020	0.1076s	0.3553	0.9020	0.8962
33
0315	0.1304	0.9667	0.3705	0.9000	0.1192s	0.3523	0.9030	0.8974
34
0316	0.1323	0.9917	0.3675	0.9000	0.1223s	0.3493	0.9060	0.9005
35
0317	0.1296	0.9667	0.3627	0.9060	0.1221s	0.3452	0.9050	0.8994
36
0318	0.1340	0.9750	0.3615	0.9060	0.1227s	0.3438	0.9070	0.9016
37
0319	0.1227	0.9917	0.3631	0.9060	0.1211s	0.3445	0.9050	0.8993
38
0320	0.1195	0.9583	0.3655	0.9040	0.1218s	0.3436	0.9050	0.8994
39
0321	0.1319	0.9917	0.3681	0.9000	0.1220s	0.3415	0.9040	0.8982
40
0322	0.1226	1.0000	0.3730	0.9000	0.1221s	0.3418	0.9030	0.8972
41
0323	0.1078	0.9667	0.3769	0.9020	0.1224s	0.3426	0.9020	0.8961
42
0324	0.1443	0.9583	0.3780	0.8980	0.1192s	0.3413	0.9050	0.8993
43
0325	0.1459	0.9750	0.3703	0.8980	0.1222s	0.3359	0.9060	0.9008
44
0326	0.1317	0.9917	0.3634	0.9000	0.1219s	0.3345	0.9050	0.8998
45
0327	0.1417	0.9917	0.3641	0.9040	0.1226s	0.3416	0.9080	0.9027
46
0328	0.1270	0.9917	0.3705	0.8980	0.1227s	0.3524	0.9050	0.8999
47
0329	0.1297	0.9833	0.3748	0.8960	0.1226s	0.3577	0.9080	0.9033
48
0330	0.1276	0.9750	0.3744	0.8960	0.1223s	0.3561	0.9090	0.9042
49
0331	0.1252	0.9750	0.3752	0.9000	0.1224s	0.3536	0.9030	0.8975
50
0332	0.1239	0.9917	0.3817	0.8960	0.1223s	0.3556	0.9010	0.8952
51
0333	0.1182	0.9750	0.3910	0.8940	0.1219s	0.3609	0.8970	0.8906
52
0334	0.1339	0.9917	0.3967	0.8980	0.1212s	0.3649	0.8980	0.8916
53
0335	0.1409	0.9667	0.3942	0.8940	0.1216s	0.3638	0.8980	0.8914
54
0336	0.1494	0.9833	0.3832	0.8940	0.1215s	0.3562	0.8990	0.8925
55
0337	0.1189	0.9833	0.3777	0.8960	0.1222s	0.3548	0.9020	0.8961
56
0338	0.1223	0.9917	0.3775	0.8980	0.1218s	0.3591	0.9000	0.8940
57
0339	0.1372	0.9583	0.3814	0.9000	0.1223s	0.3663	0.8990	0.8932
58
0340	0.1519	0.9667	0.3880	0.8920	0.1221s	0.3738	0.8930	0.8869
59
0341	0.1466	0.9917	0.3885	0.8940	0.1222s	0.3746	0.8920	0.8858
60
0342	0.1456	0.9833	0.3814	0.9000	0.1194s	0.3679	0.8930	0.8869
61
0343	0.1308	1.0000	0.3705	0.9020	0.1216s	0.3583	0.8960	0.8901
62
0344	0.1334	0.9667	0.3653	0.8980	0.1086s	0.3526	0.9030	0.8974
63
0345	0.1224	0.9667	0.3617	0.9000	0.1218s	0.3490	0.9050	0.8999
64
0346	0.1215	0.9917	0.3635	0.9000	0.1222s	0.3510	0.9040	0.8988
65
0347	0.1169	1.0000	0.3692	0.9020	0.1219s	0.3563	0.9050	0.8992
66
0348	0.1316	0.9667	0.3785	0.8940	0.1203s	0.3648	0.9010	0.8949
67
0349	0.1313	0.9583	0.3946	0.8940	0.1218s	0.3807	0.8960	0.8894
68
0350	0.1409	0.9833	0.4022	0.8880	0.1174s	0.3907	0.8910	0.8846
69
0351	0.1324	1.0000	0.3977	0.8940	0.1226s	0.3905	0.8860	0.8801
70
0352	0.1193	0.9833	0.3862	0.9000	0.1219s	0.3820	0.8920	0.8868
71
0353	0.1306	0.9583	0.3654	0.9060	0.1219s	0.3619	0.8970	0.8920
72
0354	0.1436	0.9750	0.3611	0.9040	0.1235s	0.3545	0.8980	0.8930
73
0355	0.1348	1.0000	0.3606	0.9000	0.1208s	0.3494	0.9050	0.8998
74
0356	0.1262	0.9750	0.3650	0.8980	0.1203s	0.3500	0.9050	0.8997
75
0357	0.1292	0.9833	0.3748	0.8960	0.1220s	0.3564	0.9050	0.8995
76
0358	0.1173	0.9833	0.3876	0.8960	0.1205s	0.3680	0.9080	0.9027
77
0359	0.1315	0.9917	0.3973	0.9040	0.1218s	0.3766	0.9050	0.8996
78
0360	0.1410	0.9917	0.3966	0.9000	0.1220s	0.3770	0.9010	0.8952
79
0361	0.1511	0.9583	0.3880	0.8940	0.1197s	0.3725	0.9020	0.8962
80
0362	0.1259	0.9917	0.3780	0.9000	0.1391s	0.3682	0.9020	0.8970
81
0363	0.1125	0.9917	0.3770	0.8980	0.1390s	0.3703	0.8970	0.8921
82
0364	0.1353	0.9667	0.3791	0.9020	0.1394s	0.3754	0.8970	0.8925
83
0365	0.1449	0.9750	0.3804	0.9060	0.1395s	0.3750	0.8930	0.8881
84
0366	0.1357	0.9583	0.3723	0.9080	0.1403s	0.3644	0.8960	0.8909
85
0367	0.1205	0.9750	0.3677	0.9040	0.1393s	0.3574	0.9000	0.8944
86
0368	0.1125	0.9750	0.3648	0.9000	0.1388s	0.3548	0.9030	0.8976
87
0369	0.1191	0.9750	0.3664	0.9000	0.1393s	0.3585	0.9050	0.9000
88
0370	0.1334	0.9667	0.3715	0.9020	0.1389s	0.3668	0.9050	0.9001
89
0371	0.1125	0.9750	0.3776	0.8920	0.1211s	0.3749	0.9000	0.8943
90
0372	0.1427	0.9750	0.3818	0.8920	0.1237s	0.3807	0.9010	0.8952
91
0373	0.1252	0.9833	0.3835	0.8960	0.1053s	0.3826	0.9030	0.8976
92
0374	0.1372	0.9750	0.3755	0.8980	0.1221s	0.3761	0.9020	0.8969
93
0375	0.1562	1.0000	0.3694	0.8980	0.1232s	0.3705	0.8990	0.8936
94
0376	0.1172	0.9917	0.3683	0.9000	0.1231s	0.3685	0.8980	0.8926
95
0377	0.1164	0.9917	0.3640	0.9020	0.1214s	0.3638	0.9050	0.8997
96
0378	0.1085	0.9917	0.3639	0.8940	0.1216s	0.3643	0.9050	0.9001
97
0379	0.1279	0.9667	0.3665	0.8980	0.1255s	0.3679	0.9060	0.9008
98
0380	0.1280	0.9750	0.3687	0.9020	0.1222s	0.3705	0.9000	0.8944
99
0381	0.1327	0.9833	0.3737	0.9000	0.1219s	0.3740	0.9020	0.8964
100
0382	0.1139	0.9667	0.3796	0.8980	0.1235s	0.3784	0.9020	0.8964
101
0383	0.1175	1.0000	0.3784	0.9020	0.1224s	0.3752	0.9040	0.8982
102
0384	0.1179	0.9917	0.3765	0.8920	0.1232s	0.3708	0.9030	0.8976
103
0385	0.1184	0.9750	0.3784	0.8920	0.1214s	0.3693	0.9020	0.8963
104
0386	0.1209	0.9750	0.3792	0.8980	0.1220s	0.3664	0.9010	0.8952
105
0387	0.1371	0.9917	0.3748	0.9000	0.1227s	0.3606	0.9020	0.8965
106
0388	0.1156	0.9917	0.3694	0.9060	0.1224s	0.3556	0.9030	0.8976
107
0389	0.1404	0.9750	0.3636	0.9040	0.1129s	0.3521	0.9040	0.8987
108
0390	0.1431	0.9917	0.3648	0.9020	0.1209s	0.3556	0.9050	0.8999
109
0391	0.1235	0.9667	0.3677	0.9020	0.1248s	0.3610	0.9050	0.8999
110
0392	0.1604	0.9833	0.3748	0.9020	0.1232s	0.3683	0.9020	0.8969
111
0393	0.1421	0.9750	0.3747	0.9000	0.1251s	0.3683	0.9020	0.8967
112
0394	0.1302	0.9833	0.3656	0.9080	0.1236s	0.3616	0.9030	0.8977
113
0395	0.1249	0.9917	0.3598	0.9040	0.1233s	0.3566	0.9090	0.9039
114
0396	0.1139	1.0000	0.3612	0.9040	0.1136s	0.3577	0.9100	0.9050
115
0397	0.1399	0.9667	0.3676	0.9020	0.1217s	0.3633	0.9090	0.9039
116
0398	0.1079	1.0000	0.3775	0.9000	0.1219s	0.3726	0.9030	0.8975
117
0399	0.1426	0.9667	0.3750	0.9020	0.1223s	0.3695	0.9050	0.8996
118
0400	0.1382	0.9583	0.3670	0.9020	0.1223s	0.3621	0.9070	0.9019
119
0401	0.1223	0.9833	0.3634	0.9060	0.1233s	0.3561	0.9060	0.9009
120
0402	0.1282	1.0000	0.3601	0.9120	0.1219s	0.3512	0.9070	0.9021
121
0403	0.1231	0.9833	0.3570	0.9080	0.1233s	0.3472	0.9060	0.9014
122
0404	0.1254	1.0000	0.3576	0.9080	0.1264s	0.3476	0.9090	0.9044
123
0405	0.1335	0.9750	0.3587	0.9060	0.1227s	0.3508	0.9070	0.9021
124
0406	0.1294	0.9750	0.3601	0.9060	0.1231s	0.3559	0.9050	0.9000
125
0407	0.1357	0.9917	0.3662	0.9040	0.1222s	0.3643	0.9010	0.8954
126
0408	0.1440	0.9833	0.3766	0.8960	0.1047s	0.3724	0.9000	0.8937
127
0409	0.1329	0.9333	0.3790	0.8940	0.1170s	0.3717	0.9010	0.8948
128
0410	0.1667	0.9833	0.3782	0.8980	0.1061s	0.3665	0.9040	0.8984
129
0411	0.1146	0.9750	0.3751	0.9060	0.1219s	0.3589	0.9050	0.8999
130
0412	0.1273	0.9667	0.3749	0.9040	0.1241s	0.3540	0.9070	0.9019
131
0413	0.1399	0.9667	0.3744	0.9060	0.1225s	0.3500	0.9060	0.9011
132
0414	0.1480	0.9667	0.3789	0.9040	0.1243s	0.3522	0.9070	0.9019
133
0415	0.1447	0.9917	0.3850	0.9000	0.1213s	0.3566	0.9070	0.9018
134
0416	0.1356	0.9750	0.3832	0.9000	0.1182s	0.3558	0.9080	0.9028
135
0417	0.1327	0.9750	0.3811	0.9020	0.1043s	0.3570	0.9060	0.9010
136
0418	0.1411	0.9500	0.3818	0.9020	0.1216s	0.3604	0.8970	0.8912
137
0419	0.1349	0.9583	0.3868	0.8920	0.1221s	0.3655	0.9020	0.8966
138
0420	0.1664	0.9750	0.3874	0.8960	0.1222s	0.3614	0.9060	0.9005
139
0421	0.1652	0.9750	0.3838	0.8980	0.1217s	0.3548	0.9080	0.9028
140
0422	0.1344	0.9917	0.3845	0.8980	0.1213s	0.3516	0.9050	0.8995
141
0423	0.1397	0.9917	0.3877	0.8980	0.1224s	0.3509	0.9040	0.8982
142
0424	0.1406	0.9917	0.3902	0.9000	0.1217s	0.3507	0.9030	0.8973
143
0425	0.1187	1.0000	0.3901	0.9000	0.1218s	0.3497	0.9030	0.8976
144
0426	0.1420	0.9833	0.3888	0.9000	0.1226s	0.3525	0.9020	0.8963
145
0427	0.1157	0.9917	0.3879	0.8960	0.1238s	0.3553	0.9000	0.8940
146
0428	0.1220	0.9833	0.3884	0.8940	0.1218s	0.3600	0.9010	0.8955
147
0429	0.1212	0.9917	0.3873	0.8960	0.1262s	0.3616	0.9060	0.9007
148
0430	0.1501	0.9667	0.3838	0.8960	0.1220s	0.3597	0.9060	0.9008
149
0431	0.1373	0.9917	0.3818	0.8960	0.1232s	0.3580	0.9080	0.9029
150
0432	0.1350	0.9833	0.3767	0.9020	0.1216s	0.3516	0.9060	0.9008
151
0433	0.1131	0.9917	0.3749	0.9000	0.1221s	0.3481	0.9090	0.9037
152
0434	0.1195	0.9917	0.3736	0.9020	0.1236s	0.3452	0.9070	0.9014
153
0435	0.1673	0.9750	0.3757	0.9020	0.1224s	0.3453	0.9080	0.9027
154
0436	0.1439	0.9667	0.3787	0.8980	0.1222s	0.3470	0.9070	0.9015
155
0437	0.1387	0.9917	0.3769	0.9000	0.1228s	0.3456	0.9050	0.8995
156
0438	0.1348	0.9917	0.3774	0.8960	0.1222s	0.3473	0.9040	0.8980
157
0439	0.1396	0.9833	0.3755	0.8980	0.1216s	0.3470	0.9030	0.8974
158
0440	0.1278	0.9917	0.3735	0.8980	0.1222s	0.3481	0.8990	0.8932
159
0441	0.1159	0.9917	0.3733	0.9000	0.1046s	0.3513	0.8970	0.8911
160
0442	0.1340	0.9667	0.3695	0.8960	0.1045s	0.3509	0.9020	0.8965
161
0443	0.1349	0.9917	0.3628	0.9000	0.1236s	0.3471	0.9070	0.9017
162
0444	0.1221	0.9917	0.3583	0.9020	0.1248s	0.3428	0.9080	0.9028
163
0445	0.1324	0.9667	0.3585	0.9020	0.1207s	0.3405	0.9130	0.9082
164
0446	0.1419	0.9833	0.3652	0.9060	0.1244s	0.3425	0.9080	0.9028
165
0447	0.1291	0.9750	0.3734	0.9040	0.1220s	0.3479	0.9040	0.8983
166
0448	0.1220	0.9917	0.3792	0.9040	0.1222s	0.3524	0.9020	0.8960
167
0449	0.1377	1.0000	0.3776	0.9000	0.1226s	0.3517	0.9040	0.8983
168
0450	0.1141	0.9833	0.3744	0.9060	0.1224s	0.3506	0.9030	0.8973
169
0451	0.1350	0.9917	0.3675	0.9080	0.1230s	0.3470	0.9070	0.9020
170
0452	0.1152	0.9667	0.3640	0.9020	0.1212s	0.3477	0.9080	0.9034
171
0453	0.1278	0.9583	0.3655	0.9020	0.1048s	0.3520	0.9080	0.9033
172
0454	0.1142	0.9917	0.3674	0.9020	0.1203s	0.3551	0.9070	0.9020
173
0455	0.1324	0.9750	0.3700	0.9040	0.1178s	0.3561	0.9040	0.8984
174
0456	0.1233	0.9750	0.3771	0.9020	0.1110s	0.3608	0.9040	0.8984
175
0457	0.1430	0.9583	0.3822	0.9040	0.1145s	0.3630	0.9000	0.8939
176
0458	0.1207	0.9917	0.3807	0.9060	0.1161s	0.3581	0.9020	0.8957
177
0459	0.1451	0.9917	0.3754	0.9020	0.1217s	0.3497	0.9060	0.9004
178
0460	0.1383	0.9667	0.3751	0.9020	0.1053s	0.3487	0.9060	0.9005
179
0461	0.1209	0.9833	0.3738	0.9000	0.1143s	0.3482	0.9070	0.9015
180
0462	0.1340	0.9750	0.3724	0.9000	0.1201s	0.3503	0.9090	0.9035
181
0463	0.1145	0.9833	0.3705	0.9040	0.1217s	0.3525	0.9110	0.9058
182
0464	0.1379	0.9917	0.3703	0.9020	0.1228s	0.3550	0.9070	0.9015
183
0465	0.1622	0.9833	0.3723	0.9020	0.1225s	0.3597	0.9060	0.9006
184
0466	0.1350	0.9667	0.3754	0.9060	0.1207s	0.3608	0.9060	0.9003
185
0467	0.1345	0.9667	0.3795	0.9040	0.1195s	0.3618	0.9040	0.8985
186
0468	0.1309	1.0000	0.3822	0.9000	0.1230s	0.3614	0.8990	0.8932
187
0469	0.1381	0.9500	0.3807	0.9020	0.1241s	0.3583	0.8970	0.8909
188
0470	0.1396	0.9583	0.3742	0.9000	0.1233s	0.3500	0.9050	0.8999
189
0471	0.1347	0.9917	0.3692	0.9020	0.1177s	0.3435	0.9080	0.9031
190
0472	0.1161	0.9833	0.3656	0.9020	0.1214s	0.3403	0.9120	0.9077
191
0473	0.1298	0.9917	0.3621	0.9020	0.1219s	0.3396	0.9100	0.9054
192
0474	0.1399	0.9750	0.3627	0.9100	0.1226s	0.3439	0.9080	0.9028
193
0475	0.1193	0.9917	0.3708	0.9080	0.1230s	0.3544	0.9120	0.9071
194
0476	0.1221	0.9917	0.3805	0.9020	0.1222s	0.3649	0.9040	0.8980
195
0477	0.1316	1.0000	0.3847	0.9020	0.1212s	0.3697	0.9040	0.8980
196
0478	0.1465	0.9750	0.3818	0.9020	0.1218s	0.3665	0.9010	0.8948
197
0479	0.1236	0.9667	0.3743	0.9040	0.1220s	0.3589	0.9000	0.8937
198
0480	0.1242	0.9667	0.3698	0.9100	0.1222s	0.3537	0.9020	0.8963
199
Early stop! Min loss:0.3526279330253601,  Max accuracy:0.914
Early stop model validation loss:0.3526279330253601,  accuracy:0.906
Optimization Finished!
Total time elapsed: 58.8734s
test max acc:0.9140
Loading 279th epoch
stru_node_to_hop attention:tensor([[0.2525, 0.2514, 0.2483, 0.2478],
        [0.2502, 0.2499, 0.2499, 0.2499],
        [0.2459, 0.2524, 0.2510, 0.2508],
        [0.2515, 0.2525, 0.2484, 0.2477],
        [0.2467, 0.2513, 0.2510, 0.2511],
        [0.2530, 0.2499, 0.2487, 0.2485],
        [0.2495, 0.2501, 0.2502, 0.2502],
        [0.2499, 0.2501, 0.2500, 0.2500],
        [0.2497, 0.2504, 0.2501, 0.2498],
        [0.2488, 0.2508, 0.2503, 0.2500],
        [0.2498, 0.2501, 0.2500, 0.2500],
        [0.2495, 0.2503, 0.2502, 0.2500],
        [0.2500, 0.2500, 0.2500, 0.2500],
        [0.2505, 0.2509, 0.2496, 0.2491],
        [0.2498, 0.2503, 0.2500, 0.2498],
        [0.2499, 0.2512, 0.2497, 0.2492],
        [0.2483, 0.2512, 0.2504, 0.2502],
        [0.2476, 0.2519, 0.2505, 0.2500],
        [0.2499, 0.2500, 0.2500, 0.2500],
        [0.2500, 0.2504, 0.2499, 0.2497],
        [0.2499, 0.2500, 0.2500, 0.2500],
        [0.2495, 0.2504, 0.2501, 0.2499],
        [0.2498, 0.2501, 0.2501, 0.2499],
        [0.2469, 0.2517, 0.2508, 0.2507],
        [0.2496, 0.2504, 0.2501, 0.2499],
        [0.2493, 0.2505, 0.2501, 0.2501],
        [0.2494, 0.2504, 0.2502, 0.2500],
        [0.2478, 0.2512, 0.2506, 0.2504],
        [0.2492, 0.2503, 0.2502, 0.2503],
        [0.2505, 0.2506, 0.2496, 0.2493],
        [0.2479, 0.2513, 0.2505, 0.2503],
        [0.2475, 0.2512, 0.2507, 0.2506],
        [0.2487, 0.2510, 0.2503, 0.2501],
        [0.2480, 0.2508, 0.2507, 0.2506],
        [0.2489, 0.2505, 0.2503, 0.2502],
        [0.2495, 0.2504, 0.2501, 0.2501],
        [0.2490, 0.2503, 0.2504, 0.2503],
        [0.2465, 0.2513, 0.2511, 0.2512],
        [0.2492, 0.2503, 0.2503, 0.2502],
        [0.2496, 0.2507, 0.2499, 0.2498],
        [0.2502, 0.2498, 0.2500, 0.2500],
        [0.2492, 0.2511, 0.2500, 0.2497],
        [0.2495, 0.2503, 0.2501, 0.2500],
        [0.2489, 0.2507, 0.2503, 0.2501],
        [0.2499, 0.2502, 0.2500, 0.2499],
        [0.1568, 0.1931, 0.2679, 0.3822],
        [0.2489, 0.2507, 0.2502, 0.2502],
        [0.2485, 0.2511, 0.2503, 0.2501],
        [0.2497, 0.2503, 0.2500, 0.2499],
        [0.2491, 0.2506, 0.2502, 0.2501],
        [0.2494, 0.2506, 0.2500, 0.2499],
        [0.2501, 0.2499, 0.2500, 0.2500],
        [0.2498, 0.2501, 0.2501, 0.2501],
        [0.2494, 0.2501, 0.2502, 0.2502],
        [0.2462, 0.2524, 0.2508, 0.2506],
        [0.2486, 0.2506, 0.2504, 0.2504],
        [0.2491, 0.2512, 0.2499, 0.2498],
        [0.2506, 0.2498, 0.2498, 0.2499],
        [0.2474, 0.2513, 0.2508, 0.2506],
        [0.2472, 0.2520, 0.2506, 0.2502],
        [0.2476, 0.2509, 0.2508, 0.2507],
        [0.2482, 0.2506, 0.2506, 0.2505],
        [0.2503, 0.2504, 0.2498, 0.2496],
        [0.2492, 0.2506, 0.2503, 0.2500],
        [0.2501, 0.2500, 0.2500, 0.2500],
        [0.2496, 0.2501, 0.2502, 0.2501],
        [0.2497, 0.2502, 0.2502, 0.2500],
        [0.2485, 0.2495, 0.2509, 0.2511],
        [0.2498, 0.2501, 0.2501, 0.2500],
        [0.2478, 0.2511, 0.2507, 0.2504],
        [0.2491, 0.2506, 0.2502, 0.2502],
        [0.2499, 0.2499, 0.2501, 0.2501],
        [0.2505, 0.2499, 0.2499, 0.2497],
        [0.2487, 0.2513, 0.2501, 0.2498],
        [0.2496, 0.2502, 0.2501, 0.2501],
        [0.2479, 0.2511, 0.2505, 0.2505],
        [0.2515, 0.2508, 0.2491, 0.2486],
        [0.2521, 0.2483, 0.2496, 0.2500],
        [0.2498, 0.2502, 0.2500, 0.2500],
        [0.2498, 0.2501, 0.2501, 0.2501],
        [0.2486, 0.2509, 0.2503, 0.2502],
        [0.2498, 0.2502, 0.2500, 0.2500],
        [0.2511, 0.2498, 0.2497, 0.2493],
        [0.2482, 0.2509, 0.2506, 0.2504],
        [0.2501, 0.2500, 0.2500, 0.2499],
        [0.2494, 0.2502, 0.2502, 0.2502],
        [0.2485, 0.2505, 0.2505, 0.2506],
        [0.2493, 0.2504, 0.2502, 0.2500],
        [0.2490, 0.2509, 0.2502, 0.2499],
        [0.2531, 0.2490, 0.2491, 0.2488],
        [0.2494, 0.2503, 0.2501, 0.2502],
        [0.2512, 0.2495, 0.2496, 0.2497],
        [0.2503, 0.2498, 0.2499, 0.2500],
        [0.2490, 0.2505, 0.2503, 0.2502],
        [0.2503, 0.2499, 0.2499, 0.2499],
        [0.2499, 0.2501, 0.2500, 0.2500],
        [0.2486, 0.2507, 0.2504, 0.2503],
        [0.2519, 0.2494, 0.2495, 0.2492],
        [0.2485, 0.2511, 0.2504, 0.2501],
        [0.2498, 0.2508, 0.2498, 0.2495]], device='cuda:1')
fea_node_to_hop attention:tensor([[0.3320, 0.3326, 0.3353],
        [0.3339, 0.3331, 0.3330],
        [0.3296, 0.3330, 0.3374],
        [0.3310, 0.3333, 0.3357],
        [0.3328, 0.3324, 0.3348],
        [0.3281, 0.3367, 0.3352],
        [0.3314, 0.3336, 0.3350],
        [0.3319, 0.3339, 0.3342],
        [0.3294, 0.3347, 0.3359],
        [0.3314, 0.3323, 0.3363],
        [0.3321, 0.3339, 0.3340],
        [0.3308, 0.3337, 0.3355],
        [0.3335, 0.3335, 0.3330],
        [0.3305, 0.3345, 0.3350],
        [0.3308, 0.3348, 0.3344],
        [0.3314, 0.3337, 0.3349],
        [0.3281, 0.3355, 0.3364],
        [0.3300, 0.3343, 0.3357],
        [0.3336, 0.3330, 0.3334],
        [0.3318, 0.3332, 0.3350],
        [0.3329, 0.3335, 0.3336],
        [0.3340, 0.3321, 0.3339],
        [0.3298, 0.3340, 0.3362],
        [0.3332, 0.3329, 0.3339],
        [0.3305, 0.3345, 0.3351],
        [0.3333, 0.3324, 0.3343],
        [0.3311, 0.3336, 0.3353],
        [0.3283, 0.3347, 0.3370],
        [0.3309, 0.3351, 0.3340],
        [0.3330, 0.3320, 0.3350],
        [0.3305, 0.3335, 0.3361],
        [0.3295, 0.3339, 0.3365],
        [0.3299, 0.3345, 0.3357],
        [0.3284, 0.3360, 0.3356],
        [0.3352, 0.3321, 0.3328],
        [0.3313, 0.3332, 0.3355],
        [0.3294, 0.3354, 0.3353],
        [0.3318, 0.3338, 0.3343],
        [0.3314, 0.3344, 0.3342],
        [0.3297, 0.3343, 0.3360],
        [0.3329, 0.3331, 0.3340],
        [0.3291, 0.3356, 0.3353],
        [0.3317, 0.3338, 0.3346],
        [0.3298, 0.3354, 0.3348],
        [0.3315, 0.3350, 0.3335],
        [0.3000, 0.3598, 0.3402],
        [0.3320, 0.3341, 0.3339],
        [0.3328, 0.3327, 0.3344],
        [0.3325, 0.3333, 0.3343],
        [0.3299, 0.3344, 0.3357],
        [0.3340, 0.3330, 0.3330],
        [0.3328, 0.3336, 0.3335],
        [0.3330, 0.3334, 0.3336],
        [0.3282, 0.3363, 0.3355],
        [0.3334, 0.3318, 0.3348],
        [0.3358, 0.3311, 0.3330],
        [0.3327, 0.3334, 0.3339],
        [0.3301, 0.3352, 0.3348],
        [0.3335, 0.3325, 0.3340],
        [0.3331, 0.3325, 0.3344],
        [0.3328, 0.3323, 0.3349],
        [0.3298, 0.3354, 0.3348],
        [0.3301, 0.3349, 0.3350],
        [0.3312, 0.3343, 0.3345],
        [0.3334, 0.3334, 0.3333],
        [0.3292, 0.3355, 0.3353],
        [0.3341, 0.3331, 0.3328],
        [0.3329, 0.3328, 0.3343],
        [0.3327, 0.3335, 0.3337],
        [0.3276, 0.3356, 0.3368],
        [0.3288, 0.3350, 0.3362],
        [0.3332, 0.3336, 0.3333],
        [0.3311, 0.3345, 0.3344],
        [0.3324, 0.3326, 0.3350],
        [0.3332, 0.3333, 0.3335],
        [0.3298, 0.3346, 0.3357],
        [0.3299, 0.3334, 0.3367],
        [0.3297, 0.3339, 0.3364],
        [0.3325, 0.3334, 0.3341],
        [0.3331, 0.3335, 0.3334],
        [0.3311, 0.3343, 0.3346],
        [0.3316, 0.3344, 0.3340],
        [0.3293, 0.3339, 0.3368],
        [0.3305, 0.3328, 0.3366],
        [0.3331, 0.3330, 0.3339],
        [0.3319, 0.3334, 0.3348],
        [0.3333, 0.3334, 0.3333],
        [0.3315, 0.3341, 0.3344],
        [0.3288, 0.3358, 0.3354],
        [0.3301, 0.3347, 0.3352],
        [0.3304, 0.3344, 0.3352],
        [0.3362, 0.3322, 0.3316],
        [0.3337, 0.3334, 0.3328],
        [0.3316, 0.3334, 0.3350],
        [0.3330, 0.3334, 0.3336],
        [0.3327, 0.3337, 0.3336],
        [0.3306, 0.3341, 0.3353],
        [0.3290, 0.3348, 0.3362],
        [0.3318, 0.3332, 0.3349],
        [0.3307, 0.3346, 0.3348]], device='cuda:1')
perception attention:tensor([0.5000, 0.5000], device='cuda:1')
Test set results: loss= 0.3487 accuracy= 0.9140 F1_score= 0.9096
