# epoch	loss_train	acc_train	loss_val	acc_val	time	acc_test	f1_test
0001	1.7978	0.1917	1.6858	0.5000	0.1204s	1.6728	0.5190	0.3804
0
0002	1.6748	0.4750	1.5354	0.4840	0.1165s	1.5074	0.5010	0.3598
0
0003	1.5333	0.4250	1.3653	0.5900	0.1223s	1.3362	0.6240	0.5464
0
0004	1.3479	0.6333	1.1765	0.7920	0.1223s	1.1529	0.8000	0.7822
0
0005	1.1600	0.7333	1.0156	0.8480	0.1200s	0.9961	0.8450	0.8347
0
0006	0.9703	0.8167	0.8845	0.8340	0.1131s	0.8687	0.8300	0.8233
0
0007	0.8274	0.8083	0.7557	0.8640	0.1227s	0.7445	0.8490	0.8432
0
0008	0.7006	0.8583	0.6503	0.8780	0.1224s	0.6374	0.8790	0.8716
0
0009	0.6038	0.9083	0.5773	0.8700	0.1223s	0.5606	0.8900	0.8813
0
0010	0.5431	0.9333	0.5184	0.8880	0.1198s	0.4995	0.8920	0.8850
0
0011	0.4502	0.9417	0.4744	0.8860	0.1228s	0.4506	0.8950	0.8890
0
0012	0.4444	0.9000	0.4478	0.8880	0.1220s	0.4181	0.8870	0.8799
0
0013	0.3581	0.9083	0.4292	0.8880	0.1242s	0.3960	0.8860	0.8790
0
0014	0.3485	0.9167	0.4165	0.8900	0.1224s	0.3805	0.8840	0.8767
0
0015	0.2863	0.9167	0.4020	0.9000	0.1224s	0.3647	0.8950	0.8890
0
0016	0.2710	0.9417	0.3935	0.8920	0.1198s	0.3550	0.8970	0.8918
0
0017	0.2361	0.9667	0.3944	0.8920	0.1174s	0.3546	0.8990	0.8937
0
0018	0.2340	0.9583	0.3957	0.8940	0.1222s	0.3550	0.8950	0.8891
1
0019	0.2435	0.9167	0.3935	0.8940	0.1182s	0.3518	0.9000	0.8948
2
0020	0.2167	0.9667	0.3902	0.8980	0.1183s	0.3482	0.8980	0.8926
3
0021	0.1959	0.9833	0.3969	0.8940	0.1049s	0.3541	0.8950	0.8883
0
0022	0.1834	0.9583	0.4076	0.8880	0.1223s	0.3650	0.8900	0.8828
1
0023	0.2024	0.9417	0.4089	0.8840	0.1220s	0.3679	0.8840	0.8764
2
0024	0.2231	0.9583	0.4012	0.8880	0.1227s	0.3628	0.8890	0.8817
3
0025	0.2012	0.9583	0.3952	0.8940	0.1177s	0.3581	0.8930	0.8865
4
0026	0.1878	0.9750	0.3931	0.8960	0.1061s	0.3568	0.8960	0.8902
5
0027	0.1646	0.9583	0.3951	0.8960	0.1220s	0.3591	0.8920	0.8863
6
0028	0.1843	0.9750	0.3962	0.8960	0.1048s	0.3599	0.8940	0.8883
7
0029	0.1592	0.9917	0.3967	0.9020	0.1196s	0.3597	0.8940	0.8886
8
0030	0.1592	0.9500	0.4002	0.8980	0.1050s	0.3628	0.8910	0.8849
0
0031	0.1910	0.9750	0.4073	0.8900	0.1047s	0.3698	0.8970	0.8907
1
0032	0.1726	0.9667	0.4138	0.8860	0.1181s	0.3765	0.8930	0.8862
2
0033	0.1725	0.9833	0.4196	0.8840	0.1227s	0.3834	0.8870	0.8789
3
0034	0.1561	0.9917	0.4201	0.8820	0.1174s	0.3859	0.8820	0.8737
4
0035	0.1628	0.9667	0.4108	0.8860	0.1175s	0.3792	0.8870	0.8797
5
0036	0.1493	0.9917	0.4021	0.8940	0.1223s	0.3730	0.8920	0.8860
6
0037	0.1730	0.9667	0.3966	0.9000	0.1229s	0.3682	0.8950	0.8889
7
0038	0.1811	0.9750	0.3940	0.9000	0.1196s	0.3663	0.8940	0.8879
8
0039	0.1548	0.9750	0.3951	0.8960	0.1169s	0.3673	0.8940	0.8878
9
0040	0.1609	0.9917	0.3968	0.8980	0.1197s	0.3693	0.8950	0.8888
10
0041	0.1672	0.9667	0.4037	0.8940	0.1223s	0.3750	0.8890	0.8819
11
0042	0.1696	0.9750	0.4089	0.8920	0.1221s	0.3797	0.8870	0.8798
12
0043	0.1701	0.9667	0.4108	0.8840	0.1220s	0.3821	0.8870	0.8798
13
0044	0.1584	0.9667	0.4042	0.8880	0.1093s	0.3761	0.8900	0.8829
14
0045	0.1553	0.9917	0.3978	0.8960	0.1224s	0.3691	0.8920	0.8853
15
0046	0.1596	0.9833	0.3895	0.8960	0.1200s	0.3603	0.8950	0.8885
16
0047	0.1340	0.9833	0.3859	0.8980	0.1225s	0.3566	0.8960	0.8899
0
0048	0.1543	0.9750	0.3863	0.8980	0.1221s	0.3573	0.8960	0.8898
0
0049	0.1640	0.9917	0.3940	0.8880	0.1221s	0.3656	0.8940	0.8876
1
0050	0.1575	1.0000	0.4016	0.8840	0.1224s	0.3731	0.8930	0.8861
2
0051	0.1639	0.9750	0.4029	0.8860	0.1073s	0.3739	0.8950	0.8879
3
0052	0.1501	0.9833	0.4006	0.8880	0.1234s	0.3707	0.8990	0.8926
4
0053	0.1637	0.9917	0.3941	0.8940	0.1200s	0.3625	0.9000	0.8938
5
0054	0.1422	0.9917	0.3878	0.9040	0.1223s	0.3542	0.9010	0.8951
6
0055	0.1660	0.9667	0.3834	0.9020	0.1048s	0.3481	0.9010	0.8952
0
0056	0.1422	0.9917	0.3830	0.8960	0.1176s	0.3468	0.9030	0.8975
0
0057	0.1592	0.9667	0.3826	0.9060	0.1225s	0.3458	0.9030	0.8978
0
0058	0.1332	0.9667	0.3834	0.9040	0.1225s	0.3473	0.9050	0.9000
0
0059	0.1429	0.9833	0.3850	0.9000	0.1236s	0.3507	0.9000	0.8946
1
0060	0.1364	0.9833	0.3889	0.8920	0.1222s	0.3565	0.8990	0.8931
2
0061	0.1596	0.9750	0.3940	0.8960	0.1216s	0.3638	0.8960	0.8892
3
0062	0.1645	0.9667	0.3961	0.8960	0.1149s	0.3670	0.9000	0.8937
4
0063	0.1597	0.9917	0.3964	0.8920	0.1046s	0.3687	0.9010	0.8949
5
0064	0.1714	0.9833	0.3928	0.8940	0.1162s	0.3657	0.9040	0.8980
6
0065	0.1457	1.0000	0.3855	0.8940	0.1200s	0.3593	0.9060	0.9007
7
0066	0.1380	0.9667	0.3782	0.9020	0.1227s	0.3512	0.9070	0.9017
8
0067	0.1724	0.9667	0.3735	0.9060	0.1176s	0.3440	0.9010	0.8956
0
0068	0.1389	0.9917	0.3736	0.9080	0.1203s	0.3403	0.9060	0.9011
0
0069	0.1364	0.9750	0.3783	0.9100	0.1228s	0.3420	0.9080	0.9035
0
0070	0.1345	0.9667	0.3808	0.9060	0.1221s	0.3450	0.9090	0.9050
0
0071	0.1397	0.9833	0.3852	0.8980	0.1224s	0.3507	0.9030	0.8984
1
0072	0.1451	0.9750	0.3926	0.8920	0.1201s	0.3605	0.9030	0.8981
2
0073	0.1448	0.9917	0.4023	0.8840	0.1197s	0.3716	0.8960	0.8899
3
0074	0.1546	0.9667	0.4109	0.8780	0.1269s	0.3794	0.8920	0.8853
4
0075	0.1487	0.9667	0.4090	0.8800	0.1227s	0.3765	0.8970	0.8905
5
0076	0.1539	0.9833	0.3981	0.8920	0.1224s	0.3642	0.9010	0.8952
6
0077	0.1421	0.9917	0.3856	0.9040	0.1224s	0.3496	0.9040	0.8989
7
0078	0.1497	0.9833	0.3774	0.9080	0.1199s	0.3421	0.9070	0.9022
8
0079	0.1413	0.9917	0.3750	0.9020	0.1216s	0.3432	0.9070	0.9024
9
0080	0.1459	0.9750	0.3760	0.9000	0.1226s	0.3465	0.9060	0.9015
10
0081	0.1316	0.9917	0.3782	0.9020	0.1226s	0.3494	0.9030	0.8980
11
0082	0.1615	1.0000	0.3855	0.8900	0.1203s	0.3577	0.9040	0.8986
12
0083	0.1294	0.9667	0.3972	0.8880	0.1227s	0.3690	0.9000	0.8941
13
0084	0.1389	0.9833	0.4050	0.8880	0.1133s	0.3761	0.8960	0.8899
14
0085	0.1399	0.9917	0.4021	0.8880	0.1197s	0.3728	0.8970	0.8909
15
0086	0.1475	0.9667	0.3921	0.8900	0.1228s	0.3626	0.8990	0.8929
16
0087	0.1565	1.0000	0.3819	0.9040	0.1226s	0.3508	0.9040	0.8989
17
0088	0.1502	0.9583	0.3768	0.9120	0.1222s	0.3439	0.9050	0.9006
18
0089	0.1687	0.9750	0.3751	0.9120	0.1224s	0.3415	0.9080	0.9037
0
0090	0.1451	0.9667	0.3728	0.9080	0.1201s	0.3405	0.9080	0.9038
0
0091	0.1303	0.9833	0.3775	0.9040	0.1221s	0.3455	0.9030	0.8984
0
0092	0.1536	0.9917	0.3847	0.8980	0.1174s	0.3533	0.9060	0.9013
1
0093	0.1320	0.9917	0.3926	0.8940	0.1222s	0.3606	0.9020	0.8963
2
0094	0.1245	0.9917	0.3993	0.8920	0.1246s	0.3663	0.9020	0.8958
3
0095	0.1306	0.9750	0.4048	0.8900	0.1231s	0.3710	0.8990	0.8928
4
0096	0.1422	0.9750	0.4109	0.8880	0.1195s	0.3758	0.8940	0.8878
5
0097	0.1486	0.9833	0.4114	0.8880	0.1225s	0.3728	0.8920	0.8863
6
0098	0.1392	0.9833	0.4041	0.8920	0.1197s	0.3606	0.8960	0.8905
7
0099	0.1446	0.9750	0.3991	0.8960	0.1128s	0.3517	0.9030	0.8978
8
0100	0.1422	0.9833	0.3951	0.8980	0.1196s	0.3470	0.9060	0.9011
9
0101	0.1460	0.9750	0.3917	0.9040	0.1223s	0.3470	0.9060	0.9012
10
0102	0.1368	0.9750	0.3916	0.9000	0.1224s	0.3522	0.9050	0.9004
11
0103	0.1509	0.9667	0.3957	0.8900	0.1088s	0.3600	0.9000	0.8951
12
0104	0.1559	0.9833	0.3999	0.8800	0.1222s	0.3661	0.8970	0.8920
13
0105	0.1523	0.9750	0.3993	0.8800	0.1224s	0.3650	0.8950	0.8895
14
0106	0.1370	0.9833	0.4051	0.8880	0.1220s	0.3676	0.8940	0.8886
15
0107	0.1426	0.9750	0.4172	0.8860	0.1228s	0.3756	0.8890	0.8833
16
0108	0.1436	0.9833	0.4226	0.8880	0.1132s	0.3782	0.8890	0.8836
17
0109	0.1434	0.9750	0.4172	0.8920	0.1173s	0.3723	0.8900	0.8838
18
0110	0.1491	0.9750	0.4105	0.8920	0.1219s	0.3666	0.8930	0.8869
19
0111	0.1542	0.9917	0.4005	0.8960	0.1225s	0.3610	0.8960	0.8898
20
0112	0.1270	0.9833	0.3969	0.8980	0.1191s	0.3628	0.8970	0.8916
21
0113	0.1152	1.0000	0.3997	0.8900	0.1190s	0.3705	0.8940	0.8887
22
0114	0.1320	0.9833	0.4040	0.8840	0.1215s	0.3777	0.8980	0.8926
23
0115	0.1502	0.9917	0.4023	0.8800	0.1221s	0.3783	0.8950	0.8895
24
0116	0.1330	0.9917	0.3931	0.8840	0.1222s	0.3705	0.8970	0.8917
25
0117	0.1511	0.9750	0.3858	0.8920	0.1224s	0.3621	0.9000	0.8948
26
0118	0.1286	0.9917	0.3852	0.8960	0.1216s	0.3585	0.8970	0.8916
27
0119	0.1206	1.0000	0.3898	0.8960	0.1226s	0.3597	0.8940	0.8884
28
0120	0.1391	0.9750	0.3937	0.8980	0.1226s	0.3615	0.8940	0.8885
29
0121	0.1289	0.9667	0.3955	0.8940	0.1225s	0.3646	0.8930	0.8870
30
0122	0.1277	0.9833	0.3944	0.8960	0.1222s	0.3655	0.8950	0.8893
31
0123	0.1465	0.9750	0.3915	0.9000	0.1222s	0.3660	0.8980	0.8928
32
0124	0.1488	0.9917	0.3937	0.8960	0.1229s	0.3717	0.9010	0.8966
33
0125	0.1458	0.9917	0.3945	0.8920	0.1218s	0.3734	0.9010	0.8962
34
0126	0.1511	0.9667	0.3894	0.8900	0.1216s	0.3691	0.8990	0.8942
35
0127	0.1485	0.9917	0.3851	0.8980	0.1220s	0.3657	0.8980	0.8936
36
0128	0.1281	0.9833	0.3854	0.8980	0.1217s	0.3663	0.8960	0.8915
37
0129	0.1426	0.9750	0.3860	0.8980	0.1218s	0.3655	0.8970	0.8921
38
0130	0.1557	0.9833	0.3893	0.8940	0.1152s	0.3677	0.8990	0.8940
39
0131	0.1499	0.9667	0.3939	0.8860	0.1195s	0.3688	0.8950	0.8900
40
0132	0.1340	0.9917	0.4031	0.8880	0.1175s	0.3736	0.8940	0.8884
41
0133	0.1647	0.9583	0.4045	0.8920	0.1174s	0.3717	0.8980	0.8927
42
0134	0.1202	1.0000	0.4029	0.8920	0.1221s	0.3686	0.8990	0.8934
43
0135	0.1514	0.9917	0.3967	0.8920	0.1246s	0.3628	0.9030	0.8978
44
0136	0.1356	0.9833	0.3874	0.9020	0.1225s	0.3545	0.9050	0.9004
45
0137	0.1321	0.9667	0.3815	0.9020	0.1221s	0.3499	0.9070	0.9025
46
0138	0.1545	0.9667	0.3769	0.9020	0.1224s	0.3462	0.9060	0.9014
47
0139	0.1112	0.9917	0.3746	0.9060	0.1223s	0.3453	0.9040	0.8994
48
0140	0.1223	1.0000	0.3751	0.9020	0.1195s	0.3464	0.9030	0.8984
49
0141	0.1397	1.0000	0.3772	0.8960	0.1194s	0.3476	0.9000	0.8950
50
0142	0.1377	0.9833	0.3853	0.8860	0.1199s	0.3546	0.9040	0.8989
51
0143	0.1309	0.9667	0.3907	0.8900	0.1226s	0.3589	0.8980	0.8921
52
0144	0.1264	0.9750	0.3918	0.8900	0.1222s	0.3575	0.9020	0.8966
53
0145	0.1356	0.9583	0.3947	0.8920	0.1221s	0.3566	0.9020	0.8965
54
0146	0.1592	0.9500	0.3880	0.8920	0.1225s	0.3474	0.9050	0.8997
55
0147	0.1305	1.0000	0.3846	0.8980	0.1224s	0.3426	0.9060	0.9004
56
0148	0.1359	0.9833	0.3841	0.9020	0.1226s	0.3418	0.9010	0.8953
57
0149	0.1256	0.9667	0.3866	0.8980	0.1227s	0.3446	0.9000	0.8943
58
0150	0.1507	0.9417	0.3864	0.8980	0.1224s	0.3439	0.8980	0.8921
59
0151	0.1239	0.9917	0.3868	0.8960	0.1198s	0.3449	0.8990	0.8932
60
0152	0.1432	0.9500	0.3916	0.8920	0.1227s	0.3522	0.9020	0.8962
61
0153	0.1531	0.9667	0.3975	0.8940	0.1222s	0.3600	0.9010	0.8956
62
0154	0.1263	0.9833	0.4041	0.8880	0.1187s	0.3677	0.8950	0.8885
63
0155	0.1273	0.9750	0.4054	0.8860	0.1202s	0.3678	0.8950	0.8889
64
0156	0.1409	0.9583	0.4022	0.8880	0.1227s	0.3617	0.8970	0.8905
65
0157	0.1358	0.9750	0.3997	0.8920	0.1202s	0.3555	0.9030	0.8971
66
0158	0.1214	0.9917	0.4001	0.8960	0.1175s	0.3525	0.9030	0.8975
67
0159	0.1438	0.9833	0.3946	0.8980	0.1222s	0.3454	0.9070	0.9017
68
0160	0.1592	0.9750	0.3929	0.8980	0.1221s	0.3452	0.9090	0.9039
69
0161	0.1274	0.9833	0.3986	0.8900	0.1200s	0.3544	0.9070	0.9010
70
0162	0.1509	0.9750	0.4114	0.8880	0.1231s	0.3694	0.9060	0.8994
71
0163	0.1403	0.9750	0.4193	0.8820	0.1230s	0.3790	0.9000	0.8934
72
0164	0.1250	0.9917	0.4180	0.8840	0.1222s	0.3782	0.8990	0.8925
73
0165	0.1385	0.9833	0.4068	0.8860	0.1228s	0.3667	0.8990	0.8929
74
0166	0.1316	0.9917	0.3938	0.8900	0.1044s	0.3518	0.9040	0.8989
75
0167	0.1468	0.9917	0.3910	0.8960	0.1200s	0.3441	0.9050	0.8997
76
0168	0.1316	0.9917	0.3955	0.8920	0.1229s	0.3444	0.9000	0.8941
77
0169	0.1513	0.9667	0.3961	0.8940	0.1223s	0.3438	0.9020	0.8960
78
0170	0.1281	0.9833	0.3947	0.8880	0.1223s	0.3444	0.9040	0.8984
79
0171	0.1213	1.0000	0.3934	0.8940	0.1225s	0.3469	0.9080	0.9028
80
0172	0.1491	0.9750	0.3947	0.8960	0.1221s	0.3540	0.9080	0.9024
81
0173	0.1536	0.9667	0.4052	0.8880	0.1221s	0.3689	0.9090	0.9031
82
0174	0.1356	0.9583	0.4134	0.8880	0.1223s	0.3788	0.9040	0.8977
83
0175	0.1422	0.9833	0.4058	0.8860	0.1053s	0.3732	0.9030	0.8970
84
0176	0.1642	0.9583	0.3908	0.8960	0.1219s	0.3588	0.8990	0.8927
85
0177	0.1269	0.9667	0.3846	0.9020	0.1219s	0.3496	0.9050	0.8994
86
0178	0.1441	0.9417	0.3908	0.8960	0.1221s	0.3513	0.9030	0.8978
87
0179	0.1298	0.9500	0.3980	0.8960	0.1234s	0.3568	0.9030	0.8976
88
0180	0.1442	0.9750	0.3972	0.8960	0.1215s	0.3559	0.9030	0.8981
89
0181	0.1291	0.9583	0.3979	0.8980	0.1215s	0.3588	0.8990	0.8935
90
0182	0.1216	0.9667	0.4016	0.8960	0.1219s	0.3633	0.9000	0.8948
91
0183	0.1274	0.9500	0.4049	0.8940	0.1223s	0.3684	0.8980	0.8920
92
0184	0.1203	0.9750	0.4076	0.8900	0.1220s	0.3731	0.9000	0.8941
93
0185	0.1558	0.9833	0.4089	0.8880	0.1222s	0.3760	0.8990	0.8926
94
0186	0.1454	0.9833	0.4032	0.8900	0.1219s	0.3729	0.8980	0.8919
95
0187	0.1361	0.9667	0.3960	0.8940	0.1218s	0.3660	0.9010	0.8955
96
0188	0.1389	0.9750	0.3897	0.9000	0.1217s	0.3568	0.8980	0.8923
97
0189	0.1252	0.9833	0.3901	0.9000	0.1220s	0.3554	0.9020	0.8966
98
0190	0.1268	0.9833	0.3931	0.8980	0.1215s	0.3573	0.9020	0.8967
99
0191	0.1225	0.9917	0.3939	0.8980	0.1234s	0.3572	0.9000	0.8949
100
0192	0.1287	0.9750	0.3982	0.8980	0.1217s	0.3608	0.8970	0.8916
101
0193	0.1414	0.9667	0.4030	0.8980	0.1226s	0.3663	0.8950	0.8892
102
0194	0.1613	0.9583	0.4047	0.9000	0.1221s	0.3691	0.8950	0.8886
103
0195	0.1384	0.9833	0.4073	0.8940	0.1219s	0.3724	0.8980	0.8916
104
0196	0.1718	0.9667	0.4089	0.8920	0.1217s	0.3754	0.9020	0.8959
105
0197	0.1385	0.9667	0.4057	0.8860	0.1218s	0.3739	0.8980	0.8922
106
0198	0.1323	1.0000	0.3987	0.8900	0.1220s	0.3661	0.9040	0.8994
107
0199	0.1230	1.0000	0.3932	0.8960	0.1219s	0.3582	0.9080	0.9035
108
0200	0.1402	0.9667	0.3969	0.9040	0.1222s	0.3561	0.9030	0.8977
109
0201	0.1275	0.9917	0.4086	0.8960	0.1215s	0.3623	0.9010	0.8955
110
0202	0.1316	0.9833	0.4264	0.8900	0.1215s	0.3769	0.8980	0.8920
111
0203	0.1563	0.9833	0.4350	0.8920	0.1053s	0.3857	0.8950	0.8886
112
0204	0.1481	0.9833	0.4268	0.8920	0.1219s	0.3812	0.8940	0.8877
113
0205	0.1438	0.9917	0.4116	0.8920	0.1223s	0.3719	0.8970	0.8906
114
0206	0.1383	0.9667	0.4000	0.8980	0.1223s	0.3668	0.8970	0.8909
115
0207	0.1304	0.9667	0.3972	0.8940	0.1219s	0.3693	0.9000	0.8942
116
0208	0.1413	0.9917	0.3963	0.8900	0.1223s	0.3706	0.9030	0.8977
117
0209	0.1356	0.9750	0.3986	0.8900	0.1219s	0.3740	0.9040	0.8988
118
0210	0.1255	1.0000	0.4002	0.8900	0.1219s	0.3734	0.9020	0.8964
119
0211	0.1225	0.9833	0.4048	0.8960	0.1220s	0.3753	0.8990	0.8925
120
0212	0.1299	0.9667	0.4125	0.8900	0.1223s	0.3798	0.8980	0.8916
121
0213	0.1279	0.9667	0.4187	0.8880	0.1219s	0.3843	0.8950	0.8885
122
0214	0.1276	0.9667	0.4124	0.8900	0.1221s	0.3784	0.8930	0.8867
123
0215	0.1342	0.9917	0.4050	0.8900	0.1259s	0.3724	0.8940	0.8875
124
0216	0.1381	0.9583	0.3978	0.8900	0.1223s	0.3680	0.8970	0.8907
125
0217	0.1249	0.9750	0.3956	0.8920	0.1221s	0.3691	0.9000	0.8938
126
0218	0.1224	1.0000	0.3968	0.8860	0.1218s	0.3715	0.9030	0.8970
127
0219	0.1269	0.9917	0.4041	0.8860	0.1221s	0.3777	0.9010	0.8940
128
0220	0.1383	1.0000	0.4063	0.8820	0.1221s	0.3789	0.9020	0.8950
129
0221	0.1107	0.9917	0.4044	0.8860	0.1218s	0.3744	0.9030	0.8966
130
0222	0.1364	0.9667	0.4035	0.8920	0.1219s	0.3698	0.9010	0.8944
131
0223	0.1367	0.9833	0.3982	0.8900	0.1220s	0.3629	0.9000	0.8931
132
0224	0.1259	0.9833	0.3935	0.8940	0.1216s	0.3573	0.9050	0.8991
133
0225	0.1352	0.9917	0.3879	0.8980	0.1218s	0.3509	0.9050	0.8994
134
0226	0.1557	0.9833	0.3892	0.8940	0.1231s	0.3509	0.9040	0.8980
135
0227	0.1389	0.9917	0.3904	0.8980	0.1222s	0.3530	0.9020	0.8961
136
0228	0.1445	0.9667	0.3902	0.9000	0.1052s	0.3547	0.8980	0.8922
137
0229	0.1250	0.9833	0.3891	0.9000	0.1215s	0.3577	0.8970	0.8908
138
0230	0.1346	0.9833	0.3887	0.8980	0.1223s	0.3607	0.8960	0.8895
139
0231	0.1475	0.9667	0.3865	0.8940	0.1060s	0.3601	0.8970	0.8907
140
0232	0.1155	0.9750	0.3877	0.8940	0.1223s	0.3613	0.8960	0.8895
141
0233	0.1482	0.9750	0.3896	0.8940	0.1219s	0.3629	0.8970	0.8907
142
0234	0.1431	0.9917	0.3943	0.9000	0.1216s	0.3665	0.8990	0.8928
143
0235	0.1359	0.9750	0.3942	0.9020	0.1215s	0.3669	0.9020	0.8959
144
0236	0.1277	0.9833	0.3901	0.9000	0.1222s	0.3645	0.9020	0.8959
145
0237	0.1350	0.9750	0.3868	0.8940	0.1219s	0.3628	0.9070	0.9014
146
0238	0.1402	0.9500	0.3811	0.8980	0.1227s	0.3604	0.9050	0.8997
147
0239	0.1378	0.9750	0.3803	0.9000	0.1217s	0.3606	0.9070	0.9016
148
0240	0.1304	0.9750	0.3786	0.9040	0.1221s	0.3604	0.9040	0.8981
149
0241	0.1412	0.9917	0.3778	0.9020	0.1214s	0.3603	0.9040	0.8985
150
0242	0.1255	0.9750	0.3788	0.9040	0.1221s	0.3636	0.9050	0.8994
151
0243	0.1298	0.9583	0.3845	0.8920	0.1217s	0.3725	0.9030	0.8973
152
0244	0.1368	1.0000	0.3925	0.8960	0.1221s	0.3838	0.9040	0.8984
153
0245	0.1237	0.9917	0.4015	0.8920	0.1219s	0.3951	0.9010	0.8952
154
0246	0.1306	0.9583	0.4112	0.8840	0.1222s	0.4063	0.8970	0.8906
155
0247	0.1649	0.9667	0.4118	0.8840	0.1224s	0.4065	0.8970	0.8906
156
0248	0.1342	0.9917	0.3971	0.8860	0.1222s	0.3917	0.8960	0.8892
157
0249	0.1180	0.9917	0.3854	0.9000	0.1226s	0.3786	0.9000	0.8939
158
0250	0.1227	0.9917	0.3807	0.8980	0.1105s	0.3713	0.9020	0.8969
159
0251	0.1209	0.9833	0.3811	0.9020	0.1216s	0.3685	0.9040	0.8988
160
0252	0.1429	0.9833	0.3843	0.8980	0.1226s	0.3701	0.9030	0.8979
161
0253	0.1279	0.9917	0.3907	0.8960	0.1219s	0.3745	0.9020	0.8963
162
0254	0.1683	1.0000	0.4064	0.8960	0.1224s	0.3859	0.9020	0.8959
163
0255	0.1470	1.0000	0.4160	0.8940	0.1219s	0.3920	0.8980	0.8916
164
0256	0.1201	0.9833	0.4174	0.8900	0.1202s	0.3923	0.8990	0.8930
165
0257	0.1485	0.9750	0.4064	0.8940	0.1219s	0.3817	0.8970	0.8907
166
0258	0.1323	0.9500	0.3964	0.8960	0.1222s	0.3721	0.9000	0.8936
167
0259	0.1331	0.9917	0.3877	0.9000	0.1221s	0.3626	0.9030	0.8974
168
0260	0.1133	0.9917	0.3841	0.8980	0.1152s	0.3569	0.9040	0.8992
169
0261	0.1481	0.9917	0.3851	0.8960	0.1218s	0.3550	0.9030	0.8982
170
0262	0.1378	0.9833	0.3916	0.8940	0.1163s	0.3592	0.9000	0.8946
171
0263	0.1219	0.9917	0.4066	0.8900	0.1219s	0.3704	0.9000	0.8938
172
0264	0.1479	0.9667	0.4298	0.8860	0.1222s	0.3899	0.8990	0.8924
173
0265	0.1415	0.9667	0.4435	0.8780	0.1226s	0.3999	0.8960	0.8889
174
0266	0.1081	0.9833	0.4415	0.8800	0.1226s	0.3971	0.8960	0.8889
175
0267	0.1311	0.9833	0.4314	0.8840	0.1218s	0.3868	0.8980	0.8912
176
0268	0.1255	0.9917	0.4177	0.8900	0.1224s	0.3726	0.9030	0.8969
177
0269	0.1264	0.9833	0.4062	0.8940	0.1222s	0.3597	0.9010	0.8953
178
0270	0.1222	0.9750	0.4011	0.8960	0.1219s	0.3524	0.9020	0.8970
179
0271	0.1230	0.9750	0.4000	0.9000	0.1250s	0.3516	0.9000	0.8950
180
0272	0.1173	0.9833	0.4005	0.9000	0.1253s	0.3552	0.8990	0.8938
181
0273	0.1336	0.9917	0.4023	0.8880	0.1097s	0.3601	0.9030	0.8976
182
0274	0.1214	0.9750	0.4087	0.8880	0.1221s	0.3685	0.9030	0.8974
183
0275	0.1142	0.9917	0.4157	0.8940	0.1223s	0.3767	0.9010	0.8950
184
0276	0.1338	0.9750	0.4117	0.8940	0.1199s	0.3734	0.9010	0.8950
185
0277	0.1405	0.9750	0.4077	0.8940	0.1223s	0.3705	0.9040	0.8985
186
0278	0.1145	1.0000	0.4042	0.8960	0.1226s	0.3675	0.9030	0.8977
187
0279	0.1351	0.9750	0.3988	0.8920	0.1187s	0.3625	0.9060	0.9009
188
0280	0.1374	0.9917	0.3950	0.8940	0.1213s	0.3583	0.9020	0.8970
189
0281	0.1300	0.9833	0.3960	0.8960	0.1220s	0.3605	0.9020	0.8968
190
0282	0.1063	0.9833	0.3962	0.8940	0.1223s	0.3630	0.9040	0.8987
191
0283	0.1486	0.9667	0.3984	0.8940	0.1221s	0.3667	0.9040	0.8989
192
0284	0.1267	0.9667	0.3962	0.8980	0.1219s	0.3658	0.9030	0.8978
193
0285	0.1305	0.9833	0.3947	0.8980	0.1221s	0.3661	0.9050	0.8999
194
0286	0.1272	1.0000	0.3915	0.8980	0.1222s	0.3640	0.9050	0.8999
195
0287	0.1378	0.9833	0.3908	0.8980	0.1218s	0.3647	0.9030	0.8977
196
0288	0.1395	0.9750	0.3938	0.8980	0.1218s	0.3681	0.9030	0.8977
197
0289	0.1730	0.9500	0.3975	0.8960	0.1223s	0.3727	0.9000	0.8942
198
0290	0.1322	0.9750	0.3910	0.9040	0.1046s	0.3657	0.9010	0.8953
199
Early stop! Min loss:0.3727762997150421,  Max accuracy:0.912
Early stop model validation loss:0.3727762997150421,  accuracy:0.908
Optimization Finished!
Total time elapsed: 35.4118s
test max acc:0.9090
Loading 89th epoch
stru_node_to_hop attention:tensor([[0.2511, 0.2507, 0.2492, 0.2490],
        [0.2500, 0.2499, 0.2500, 0.2500],
        [0.2479, 0.2510, 0.2505, 0.2505],
        [0.2488, 0.2499, 0.2506, 0.2508],
        [0.2490, 0.2503, 0.2504, 0.2504],
        [0.2504, 0.2503, 0.2497, 0.2496],
        [0.2504, 0.2499, 0.2499, 0.2498],
        [0.2503, 0.2501, 0.2499, 0.2497],
        [0.2495, 0.2506, 0.2500, 0.2499],
        [0.2491, 0.2504, 0.2503, 0.2502],
        [0.2501, 0.2500, 0.2499, 0.2499],
        [0.2490, 0.2504, 0.2504, 0.2503],
        [0.2497, 0.2502, 0.2501, 0.2500],
        [0.2496, 0.2506, 0.2500, 0.2499],
        [0.2505, 0.2500, 0.2498, 0.2497],
        [0.2503, 0.2504, 0.2498, 0.2495],
        [0.2497, 0.2504, 0.2500, 0.2499],
        [0.2483, 0.2519, 0.2502, 0.2496],
        [0.2501, 0.2499, 0.2500, 0.2500],
        [0.2500, 0.2502, 0.2499, 0.2498],
        [0.2500, 0.2500, 0.2500, 0.2500],
        [0.2483, 0.2524, 0.2499, 0.2494],
        [0.2493, 0.2503, 0.2503, 0.2501],
        [0.2488, 0.2506, 0.2503, 0.2503],
        [0.2498, 0.2501, 0.2501, 0.2500],
        [0.2485, 0.2510, 0.2503, 0.2502],
        [0.2504, 0.2497, 0.2499, 0.2500],
        [0.2489, 0.2509, 0.2502, 0.2501],
        [0.2501, 0.2500, 0.2499, 0.2499],
        [0.2500, 0.2501, 0.2500, 0.2499],
        [0.2488, 0.2510, 0.2502, 0.2500],
        [0.2495, 0.2506, 0.2500, 0.2498],
        [0.2490, 0.2508, 0.2502, 0.2500],
        [0.2491, 0.2504, 0.2503, 0.2502],
        [0.2499, 0.2502, 0.2500, 0.2499],
        [0.2500, 0.2500, 0.2500, 0.2500],
        [0.2498, 0.2504, 0.2501, 0.2497],
        [0.2490, 0.2502, 0.2504, 0.2504],
        [0.2495, 0.2504, 0.2501, 0.2500],
        [0.2503, 0.2500, 0.2499, 0.2498],
        [0.2500, 0.2500, 0.2500, 0.2500],
        [0.2502, 0.2499, 0.2500, 0.2499],
        [0.2495, 0.2503, 0.2501, 0.2500],
        [0.2499, 0.2501, 0.2500, 0.2500],
        [0.2492, 0.2505, 0.2502, 0.2501],
        [0.1847, 0.2068, 0.2747, 0.3338],
        [0.2505, 0.2499, 0.2498, 0.2498],
        [0.2497, 0.2504, 0.2500, 0.2499],
        [0.2492, 0.2504, 0.2503, 0.2502],
        [0.2500, 0.2501, 0.2500, 0.2499],
        [0.2497, 0.2503, 0.2501, 0.2499],
        [0.2500, 0.2499, 0.2500, 0.2500],
        [0.2496, 0.2502, 0.2501, 0.2501],
        [0.2504, 0.2499, 0.2499, 0.2498],
        [0.2505, 0.2492, 0.2500, 0.2502],
        [0.2478, 0.2509, 0.2505, 0.2507],
        [0.2498, 0.2506, 0.2499, 0.2496],
        [0.2500, 0.2500, 0.2500, 0.2500],
        [0.2483, 0.2506, 0.2506, 0.2505],
        [0.2492, 0.2508, 0.2501, 0.2499],
        [0.2486, 0.2509, 0.2504, 0.2501],
        [0.2489, 0.2508, 0.2502, 0.2501],
        [0.2502, 0.2503, 0.2498, 0.2497],
        [0.2500, 0.2506, 0.2500, 0.2495],
        [0.2501, 0.2499, 0.2500, 0.2500],
        [0.2488, 0.2501, 0.2505, 0.2506],
        [0.2493, 0.2513, 0.2500, 0.2494],
        [0.2486, 0.2503, 0.2505, 0.2506],
        [0.2500, 0.2500, 0.2500, 0.2500],
        [0.2486, 0.2508, 0.2503, 0.2502],
        [0.2491, 0.2515, 0.2498, 0.2495],
        [0.2496, 0.2501, 0.2502, 0.2502],
        [0.2496, 0.2504, 0.2500, 0.2499],
        [0.2486, 0.2515, 0.2502, 0.2498],
        [0.2490, 0.2505, 0.2503, 0.2502],
        [0.2497, 0.2504, 0.2500, 0.2499],
        [0.2504, 0.2506, 0.2497, 0.2494],
        [0.2508, 0.2494, 0.2499, 0.2500],
        [0.2499, 0.2501, 0.2500, 0.2500],
        [0.2489, 0.2502, 0.2504, 0.2505],
        [0.2491, 0.2505, 0.2502, 0.2501],
        [0.2497, 0.2504, 0.2500, 0.2499],
        [0.2489, 0.2507, 0.2502, 0.2502],
        [0.2494, 0.2502, 0.2502, 0.2502],
        [0.2497, 0.2501, 0.2501, 0.2500],
        [0.2496, 0.2502, 0.2501, 0.2501],
        [0.2489, 0.2505, 0.2503, 0.2504],
        [0.2496, 0.2502, 0.2501, 0.2501],
        [0.2493, 0.2512, 0.2499, 0.2495],
        [0.2510, 0.2495, 0.2498, 0.2497],
        [0.2496, 0.2503, 0.2501, 0.2500],
        [0.2500, 0.2500, 0.2500, 0.2500],
        [0.2497, 0.2501, 0.2501, 0.2501],
        [0.2495, 0.2503, 0.2501, 0.2500],
        [0.2498, 0.2501, 0.2501, 0.2500],
        [0.2500, 0.2500, 0.2500, 0.2500],
        [0.2487, 0.2508, 0.2503, 0.2502],
        [0.2501, 0.2499, 0.2500, 0.2500],
        [0.2493, 0.2506, 0.2501, 0.2500],
        [0.2507, 0.2498, 0.2498, 0.2497]], device='cuda:1')
fea_node_to_hop attention:tensor([[0.3319, 0.3336, 0.3344],
        [0.3329, 0.3336, 0.3335],
        [0.3314, 0.3339, 0.3348],
        [0.3332, 0.3331, 0.3337],
        [0.3336, 0.3323, 0.3341],
        [0.3321, 0.3329, 0.3349],
        [0.3301, 0.3333, 0.3365],
        [0.3307, 0.3337, 0.3356],
        [0.3317, 0.3340, 0.3344],
        [0.3310, 0.3337, 0.3353],
        [0.3312, 0.3343, 0.3345],
        [0.3308, 0.3341, 0.3351],
        [0.3315, 0.3337, 0.3348],
        [0.3321, 0.3338, 0.3341],
        [0.3298, 0.3341, 0.3361],
        [0.3306, 0.3339, 0.3355],
        [0.3314, 0.3333, 0.3354],
        [0.3305, 0.3339, 0.3356],
        [0.3334, 0.3333, 0.3333],
        [0.3318, 0.3339, 0.3344],
        [0.3333, 0.3334, 0.3333],
        [0.3302, 0.3340, 0.3358],
        [0.3303, 0.3352, 0.3346],
        [0.3328, 0.3335, 0.3337],
        [0.3327, 0.3336, 0.3337],
        [0.3297, 0.3347, 0.3356],
        [0.3339, 0.3333, 0.3328],
        [0.3312, 0.3340, 0.3348],
        [0.3312, 0.3334, 0.3354],
        [0.3331, 0.3339, 0.3329],
        [0.3312, 0.3341, 0.3348],
        [0.3310, 0.3337, 0.3353],
        [0.3298, 0.3348, 0.3354],
        [0.3309, 0.3341, 0.3349],
        [0.3330, 0.3336, 0.3334],
        [0.3326, 0.3334, 0.3340],
        [0.3302, 0.3342, 0.3356],
        [0.3323, 0.3340, 0.3338],
        [0.3310, 0.3341, 0.3349],
        [0.3322, 0.3337, 0.3341],
        [0.3324, 0.3338, 0.3339],
        [0.3324, 0.3336, 0.3340],
        [0.3316, 0.3339, 0.3345],
        [0.3326, 0.3336, 0.3337],
        [0.3310, 0.3343, 0.3347],
        [0.3032, 0.3607, 0.3361],
        [0.3321, 0.3338, 0.3341],
        [0.3310, 0.3342, 0.3348],
        [0.3305, 0.3349, 0.3346],
        [0.3310, 0.3344, 0.3346],
        [0.3323, 0.3337, 0.3340],
        [0.3319, 0.3338, 0.3342],
        [0.3323, 0.3340, 0.3337],
        [0.3310, 0.3334, 0.3355],
        [0.3350, 0.3318, 0.3331],
        [0.3331, 0.3331, 0.3338],
        [0.3310, 0.3343, 0.3347],
        [0.3311, 0.3342, 0.3347],
        [0.3317, 0.3339, 0.3344],
        [0.3316, 0.3342, 0.3342],
        [0.3291, 0.3348, 0.3361],
        [0.3291, 0.3338, 0.3371],
        [0.3330, 0.3331, 0.3339],
        [0.3308, 0.3345, 0.3347],
        [0.3340, 0.3332, 0.3328],
        [0.3293, 0.3350, 0.3358],
        [0.3298, 0.3349, 0.3352],
        [0.3310, 0.3341, 0.3349],
        [0.3337, 0.3332, 0.3330],
        [0.3300, 0.3348, 0.3352],
        [0.3312, 0.3343, 0.3345],
        [0.3321, 0.3336, 0.3343],
        [0.3320, 0.3338, 0.3343],
        [0.3298, 0.3342, 0.3360],
        [0.3315, 0.3342, 0.3344],
        [0.3328, 0.3328, 0.3343],
        [0.3318, 0.3330, 0.3352],
        [0.3295, 0.3345, 0.3360],
        [0.3326, 0.3335, 0.3338],
        [0.3303, 0.3347, 0.3350],
        [0.3319, 0.3340, 0.3341],
        [0.3319, 0.3336, 0.3345],
        [0.3304, 0.3346, 0.3349],
        [0.3315, 0.3346, 0.3339],
        [0.3325, 0.3337, 0.3338],
        [0.3314, 0.3334, 0.3352],
        [0.3324, 0.3341, 0.3336],
        [0.3332, 0.3333, 0.3335],
        [0.3311, 0.3332, 0.3357],
        [0.3323, 0.3327, 0.3349],
        [0.3318, 0.3334, 0.3348],
        [0.3334, 0.3333, 0.3333],
        [0.3327, 0.3335, 0.3338],
        [0.3322, 0.3337, 0.3341],
        [0.3325, 0.3336, 0.3338],
        [0.3333, 0.3334, 0.3333],
        [0.3316, 0.3340, 0.3344],
        [0.3297, 0.3337, 0.3367],
        [0.3316, 0.3335, 0.3349],
        [0.3312, 0.3344, 0.3344]], device='cuda:1')
perception attention:tensor([0.5000, 0.5000], device='cuda:1')
Test set results: loss= 0.3405 accuracy= 0.9080 F1_score= 0.9038
