# epoch	loss_train	acc_train	loss_val	acc_val	time	acc_test	f1_test
0001	1.7954	0.1500	1.6960	0.3860	0.1192s	1.6867	0.3750	0.2388
0
0002	1.6881	0.4000	1.5478	0.3840	0.1221s	1.5247	0.3850	0.2539
0
0003	1.5466	0.4417	1.3836	0.4420	0.1223s	1.3584	0.4340	0.3496
0
0004	1.3738	0.5250	1.1956	0.6800	0.1216s	1.1749	0.7020	0.6900
0
0005	1.1808	0.7083	1.0182	0.8700	0.1228s	1.0003	0.8720	0.8656
0
0006	0.9659	0.9000	0.8760	0.8520	0.1219s	0.8579	0.8670	0.8613
0
0007	0.8332	0.8333	0.7534	0.8540	0.1215s	0.7353	0.8670	0.8612
0
0008	0.6836	0.8500	0.6469	0.8640	0.1229s	0.6305	0.8730	0.8666
0
0009	0.6187	0.8917	0.5674	0.8880	0.1222s	0.5544	0.8820	0.8754
0
0010	0.5445	0.8500	0.5152	0.8840	0.1223s	0.5015	0.8880	0.8805
0
0011	0.4613	0.9167	0.4713	0.8840	0.1213s	0.4530	0.8980	0.8901
0
0012	0.4083	0.9417	0.4370	0.8980	0.1224s	0.4132	0.8980	0.8911
0
0013	0.3518	0.9500	0.4085	0.8920	0.1221s	0.3829	0.8980	0.8923
0
0014	0.3023	0.9667	0.3934	0.8840	0.1259s	0.3664	0.9020	0.8969
0
0015	0.3329	0.9500	0.3854	0.8920	0.1228s	0.3585	0.8980	0.8926
0
0016	0.2811	0.9500	0.3875	0.8820	0.1219s	0.3616	0.8940	0.8879
0
0017	0.2785	0.9417	0.3943	0.8860	0.1224s	0.3672	0.8840	0.8760
1
0018	0.2493	0.9667	0.3984	0.8840	0.1225s	0.3697	0.8850	0.8762
2
0019	0.2259	0.9583	0.3946	0.8820	0.1232s	0.3650	0.8900	0.8822
3
0020	0.2309	0.9750	0.3875	0.8940	0.1221s	0.3564	0.8950	0.8885
4
0021	0.2336	0.9917	0.3789	0.8980	0.1222s	0.3472	0.8960	0.8897
5
0022	0.2073	0.9583	0.3753	0.9000	0.1221s	0.3423	0.8980	0.8923
0
0023	0.2103	0.9750	0.3763	0.8960	0.1232s	0.3437	0.8950	0.8890
0
0024	0.1802	0.9583	0.3801	0.8960	0.1221s	0.3493	0.8980	0.8923
1
0025	0.1925	0.9333	0.3872	0.8940	0.1218s	0.3576	0.8860	0.8796
2
0026	0.1953	0.9500	0.3945	0.8980	0.1221s	0.3637	0.8880	0.8816
3
0027	0.1736	0.9833	0.4010	0.8920	0.1219s	0.3685	0.8870	0.8802
4
0028	0.1914	0.9500	0.4068	0.8900	0.1234s	0.3734	0.8870	0.8802
5
0029	0.1584	0.9500	0.4063	0.8960	0.1221s	0.3730	0.8920	0.8857
6
0030	0.1812	0.9833	0.4028	0.8940	0.1221s	0.3699	0.8920	0.8858
7
0031	0.1555	0.9833	0.4015	0.9000	0.1217s	0.3694	0.8910	0.8850
8
0032	0.1647	0.9583	0.3986	0.9000	0.1242s	0.3687	0.8950	0.8892
0
0033	0.1950	0.9833	0.3988	0.8960	0.1234s	0.3701	0.8940	0.8879
0
0034	0.1629	0.9833	0.4031	0.8940	0.1220s	0.3757	0.8900	0.8837
1
0035	0.1674	0.9500	0.4084	0.8880	0.1222s	0.3810	0.8910	0.8849
2
0036	0.1796	0.9500	0.4103	0.8840	0.1221s	0.3827	0.8910	0.8849
3
0037	0.1770	0.9750	0.4128	0.8820	0.1224s	0.3853	0.8910	0.8846
4
0038	0.1757	0.9583	0.4101	0.8860	0.1226s	0.3824	0.8900	0.8838
5
0039	0.1407	0.9917	0.4052	0.8920	0.1222s	0.3779	0.8880	0.8814
6
0040	0.1466	0.9667	0.4024	0.8920	0.1223s	0.3753	0.8950	0.8886
7
0041	0.1600	0.9667	0.4034	0.8820	0.1220s	0.3766	0.8950	0.8884
8
0042	0.1549	0.9917	0.4023	0.8880	0.1218s	0.3754	0.8930	0.8862
9
0043	0.1726	0.9750	0.3997	0.8900	0.1223s	0.3728	0.8910	0.8840
10
0044	0.1595	0.9917	0.3973	0.8880	0.1220s	0.3704	0.8920	0.8845
11
0045	0.1647	0.9750	0.3947	0.8940	0.1215s	0.3679	0.8930	0.8857
12
0046	0.1524	0.9917	0.3918	0.8940	0.1220s	0.3660	0.8930	0.8864
13
0047	0.1557	0.9833	0.3912	0.8960	0.1216s	0.3673	0.8940	0.8875
14
0048	0.1620	0.9750	0.3901	0.8920	0.1220s	0.3686	0.8910	0.8847
15
0049	0.1510	0.9917	0.3873	0.8880	0.1217s	0.3680	0.8880	0.8812
16
0050	0.1628	0.9833	0.3860	0.8940	0.1219s	0.3688	0.8930	0.8866
17
0051	0.1856	0.9750	0.3856	0.8980	0.1218s	0.3691	0.8950	0.8886
18
0052	0.1574	0.9667	0.3863	0.8960	0.1228s	0.3702	0.8960	0.8898
19
0053	0.1693	0.9667	0.3877	0.8960	0.1221s	0.3702	0.8960	0.8889
20
0054	0.1544	1.0000	0.3877	0.8960	0.1216s	0.3684	0.8980	0.8910
21
0055	0.1715	0.9583	0.3900	0.8900	0.1222s	0.3696	0.8950	0.8877
22
0056	0.1693	0.9917	0.3901	0.8860	0.1224s	0.3693	0.8960	0.8888
23
0057	0.1607	0.9750	0.3874	0.8940	0.1207s	0.3657	0.8930	0.8861
24
0058	0.1702	0.9750	0.3830	0.8960	0.1220s	0.3627	0.8890	0.8826
25
0059	0.1399	0.9917	0.3781	0.8980	0.1225s	0.3600	0.8940	0.8881
26
0060	0.1473	0.9917	0.3716	0.9020	0.1221s	0.3563	0.8970	0.8909
27
0061	0.1660	0.9750	0.3708	0.9000	0.1244s	0.3584	0.9010	0.8952
0
0062	0.1519	0.9917	0.3725	0.9040	0.1222s	0.3613	0.9000	0.8938
0
0063	0.1459	0.9833	0.3740	0.8960	0.1127s	0.3626	0.9010	0.8949
0
0064	0.1693	0.9750	0.3732	0.9000	0.1224s	0.3603	0.8990	0.8926
1
0065	0.1406	0.9833	0.3712	0.9020	0.1223s	0.3562	0.8990	0.8928
2
0066	0.1335	0.9750	0.3698	0.8980	0.1259s	0.3527	0.8990	0.8930
3
0067	0.1744	0.9667	0.3698	0.9000	0.1250s	0.3513	0.9010	0.8950
0
0068	0.1575	0.9750	0.3688	0.9040	0.1219s	0.3492	0.8990	0.8928
0
0069	0.1368	0.9833	0.3669	0.9040	0.1220s	0.3474	0.9000	0.8939
0
0070	0.1391	0.9583	0.3643	0.9060	0.1050s	0.3453	0.9010	0.8951
0
0071	0.1791	0.9667	0.3619	0.9080	0.1225s	0.3438	0.9050	0.8993
0
0072	0.1300	1.0000	0.3626	0.9080	0.1223s	0.3455	0.9050	0.8993
0
0073	0.1749	0.9667	0.3681	0.9020	0.1223s	0.3514	0.9000	0.8938
0
0074	0.1305	1.0000	0.3733	0.8940	0.1216s	0.3581	0.8980	0.8920
1
0075	0.1516	0.9750	0.3724	0.8960	0.1221s	0.3576	0.8970	0.8908
2
0076	0.1431	0.9667	0.3694	0.9020	0.1220s	0.3529	0.9000	0.8939
3
0077	0.1640	0.9500	0.3649	0.9060	0.1218s	0.3469	0.9040	0.8980
4
0078	0.1532	0.9917	0.3596	0.9060	0.1220s	0.3397	0.9060	0.9004
5
0079	0.1270	0.9750	0.3577	0.9040	0.1199s	0.3379	0.9080	0.9028
0
0080	0.1929	0.9667	0.3622	0.9040	0.1221s	0.3413	0.9090	0.9037
0
0081	0.1446	0.9833	0.3726	0.9020	0.1224s	0.3499	0.9040	0.8980
1
0082	0.1508	0.9833	0.3854	0.8940	0.1223s	0.3613	0.9030	0.8968
2
0083	0.1427	0.9917	0.3871	0.8940	0.1220s	0.3639	0.9030	0.8968
3
0084	0.1368	0.9750	0.3826	0.8940	0.1219s	0.3602	0.9020	0.8957
4
0085	0.1592	0.9667	0.3757	0.9000	0.1207s	0.3557	0.9050	0.8992
5
0086	0.1322	0.9750	0.3655	0.9040	0.1231s	0.3468	0.9060	0.9009
6
0087	0.1732	0.9583	0.3615	0.9060	0.1221s	0.3410	0.9080	0.9031
7
0088	0.1312	0.9833	0.3600	0.9140	0.1218s	0.3386	0.9100	0.9054
8
0089	0.1503	0.9833	0.3628	0.9060	0.1215s	0.3410	0.9080	0.9029
0
0090	0.1466	0.9917	0.3729	0.9060	0.1222s	0.3507	0.9060	0.9007
1
0091	0.1351	0.9917	0.3847	0.8940	0.1219s	0.3607	0.9060	0.9000
2
0092	0.1507	0.9917	0.3954	0.8900	0.1221s	0.3702	0.9020	0.8955
3
0093	0.1461	0.9583	0.3977	0.8880	0.1223s	0.3719	0.9050	0.8988
4
0094	0.1655	0.9500	0.3905	0.8960	0.1214s	0.3655	0.9030	0.8968
5
0095	0.1715	0.9750	0.3822	0.8940	0.1220s	0.3577	0.9050	0.8992
6
0096	0.1579	0.9833	0.3751	0.9020	0.1222s	0.3485	0.9070	0.9020
7
0097	0.1400	0.9833	0.3727	0.9080	0.1219s	0.3440	0.9100	0.9054
8
0098	0.1319	0.9917	0.3731	0.9080	0.1218s	0.3426	0.9090	0.9046
9
0099	0.1331	0.9833	0.3733	0.9080	0.1220s	0.3413	0.9070	0.9023
10
0100	0.1321	0.9750	0.3756	0.9080	0.1361s	0.3433	0.9070	0.9021
11
0101	0.1465	0.9917	0.3792	0.9020	0.1367s	0.3467	0.9070	0.9016
12
0102	0.1272	1.0000	0.3860	0.8940	0.1393s	0.3534	0.9090	0.9034
13
0103	0.1405	0.9750	0.3953	0.8900	0.1052s	0.3633	0.9080	0.9019
14
0104	0.1444	0.9667	0.3981	0.8900	0.1198s	0.3665	0.9090	0.9028
15
0105	0.1618	0.9833	0.3947	0.8900	0.1184s	0.3639	0.9130	0.9073
16
0106	0.1367	0.9917	0.3862	0.8940	0.1360s	0.3551	0.9080	0.9021
17
0107	0.1385	0.9750	0.3801	0.9020	0.1395s	0.3478	0.9050	0.8995
18
0108	0.1895	0.9500	0.3795	0.9040	0.1395s	0.3462	0.9050	0.9001
19
0109	0.1566	0.9583	0.3805	0.9020	0.1411s	0.3475	0.9070	0.9023
20
0110	0.1363	0.9833	0.3819	0.9020	0.1410s	0.3491	0.9090	0.9044
21
0111	0.1430	0.9917	0.3794	0.9020	0.1226s	0.3466	0.9110	0.9066
22
0112	0.1259	0.9750	0.3765	0.9060	0.1233s	0.3452	0.9090	0.9044
23
0113	0.1371	0.9667	0.3745	0.9020	0.1216s	0.3451	0.9120	0.9072
24
0114	0.1365	0.9917	0.3766	0.8980	0.1241s	0.3486	0.9100	0.9047
25
0115	0.1424	0.9833	0.3798	0.8940	0.1279s	0.3503	0.9050	0.8994
26
0116	0.1533	0.9917	0.3842	0.8940	0.1209s	0.3546	0.9050	0.8991
27
0117	0.1532	0.9833	0.3820	0.8940	0.1232s	0.3532	0.9020	0.8965
28
0118	0.1348	0.9833	0.3770	0.9020	0.1194s	0.3483	0.9060	0.9012
29
0119	0.1504	0.9500	0.3706	0.9080	0.1212s	0.3425	0.9080	0.9037
30
0120	0.1423	1.0000	0.3691	0.9100	0.1210s	0.3407	0.9090	0.9049
31
0121	0.1358	0.9750	0.3665	0.9080	0.1233s	0.3374	0.9090	0.9051
32
0122	0.1448	0.9583	0.3651	0.9060	0.1181s	0.3367	0.9080	0.9037
33
0123	0.1336	0.9917	0.3644	0.9060	0.1228s	0.3370	0.9100	0.9053
34
0124	0.1323	1.0000	0.3672	0.8980	0.1270s	0.3417	0.9070	0.9024
35
0125	0.1642	0.9833	0.3729	0.8960	0.1234s	0.3474	0.9030	0.8979
36
0126	0.1449	0.9917	0.3779	0.8940	0.1219s	0.3527	0.9010	0.8952
37
0127	0.1265	0.9917	0.3778	0.8940	0.1201s	0.3525	0.9030	0.8972
38
0128	0.1661	0.9250	0.3722	0.8980	0.1232s	0.3463	0.9070	0.9018
39
0129	0.1650	0.9917	0.3665	0.9020	0.1244s	0.3407	0.9130	0.9089
40
0130	0.1447	0.9833	0.3626	0.9160	0.1257s	0.3363	0.9100	0.9060
41
0131	0.1286	0.9750	0.3633	0.9120	0.1253s	0.3377	0.9130	0.9088
0
0132	0.1226	0.9667	0.3664	0.9100	0.1259s	0.3426	0.9140	0.9100
1
0133	0.1519	0.9917	0.3684	0.9040	0.1227s	0.3475	0.9100	0.9060
2
0134	0.1370	0.9833	0.3719	0.8960	0.1273s	0.3522	0.9050	0.9004
3
0135	0.1368	0.9500	0.3806	0.8920	0.1224s	0.3611	0.8960	0.8900
4
0136	0.1466	0.9750	0.3852	0.8920	0.1246s	0.3641	0.8930	0.8866
5
0137	0.1360	1.0000	0.3836	0.8960	0.1238s	0.3608	0.8980	0.8921
6
0138	0.1477	0.9583	0.3751	0.9020	0.1264s	0.3509	0.9070	0.9020
7
0139	0.1390	0.9917	0.3717	0.9020	0.1229s	0.3477	0.9070	0.9017
8
0140	0.1369	0.9750	0.3709	0.9000	0.1269s	0.3480	0.9060	0.9008
9
0141	0.1480	0.9583	0.3707	0.9020	0.1231s	0.3505	0.9090	0.9042
10
0142	0.1572	0.9750	0.3768	0.8980	0.1220s	0.3581	0.9060	0.9009
11
0143	0.1451	0.9667	0.3827	0.8940	0.1234s	0.3652	0.9010	0.8950
12
0144	0.1273	0.9833	0.3850	0.8900	0.1283s	0.3671	0.9010	0.8955
13
0145	0.1452	0.9667	0.3867	0.8960	0.1210s	0.3660	0.8990	0.8935
14
0146	0.1353	0.9750	0.3856	0.8960	0.1250s	0.3612	0.9010	0.8957
15
0147	0.1502	0.9750	0.3803	0.9020	0.1268s	0.3532	0.9120	0.9075
16
0148	0.1139	1.0000	0.3766	0.9060	0.1228s	0.3484	0.9120	0.9079
17
0149	0.1348	0.9750	0.3767	0.9040	0.1220s	0.3479	0.9090	0.9040
18
0150	0.1321	0.9750	0.3786	0.9020	0.1245s	0.3507	0.9100	0.9050
19
0151	0.1385	1.0000	0.3784	0.8980	0.1218s	0.3510	0.9100	0.9050
20
0152	0.1307	0.9917	0.3782	0.8980	0.1224s	0.3517	0.9090	0.9043
21
0153	0.1390	0.9917	0.3781	0.9000	0.1232s	0.3527	0.9090	0.9038
22
0154	0.1420	0.9750	0.3805	0.9020	0.1218s	0.3545	0.9070	0.9013
23
0155	0.1458	0.9833	0.3884	0.8980	0.1086s	0.3601	0.8990	0.8924
24
0156	0.1279	0.9917	0.3911	0.8940	0.1035s	0.3616	0.8990	0.8929
25
0157	0.1296	0.9917	0.3891	0.8940	0.1037s	0.3586	0.9020	0.8964
26
0158	0.1358	0.9833	0.3861	0.8940	0.1037s	0.3531	0.9090	0.9048
27
0159	0.1308	0.9667	0.3828	0.9040	0.1037s	0.3487	0.9100	0.9060
28
0160	0.1322	0.9917	0.3802	0.9100	0.1034s	0.3443	0.9080	0.9041
29
0161	0.1435	0.9917	0.3793	0.9080	0.1036s	0.3440	0.9090	0.9048
30
0162	0.1408	0.9833	0.3796	0.9060	0.1036s	0.3447	0.9090	0.9046
31
0163	0.1294	0.9833	0.3834	0.9000	0.1031s	0.3501	0.9080	0.9030
32
0164	0.1444	0.9833	0.3865	0.8960	0.1037s	0.3561	0.9040	0.8982
33
0165	0.1543	0.9833	0.3846	0.8980	0.1030s	0.3574	0.9050	0.8993
34
0166	0.1297	0.9833	0.3870	0.8960	0.0952s	0.3621	0.9030	0.8972
35
0167	0.1228	0.9667	0.3877	0.8960	0.0952s	0.3657	0.9030	0.8974
36
0168	0.1277	0.9833	0.3843	0.8980	0.0951s	0.3642	0.9020	0.8966
37
0169	0.1441	0.9583	0.3786	0.8980	0.0958s	0.3591	0.9000	0.8948
38
0170	0.1361	0.9833	0.3727	0.9000	0.0953s	0.3514	0.9090	0.9048
39
0171	0.1534	0.9750	0.3705	0.9040	0.0955s	0.3480	0.9110	0.9068
40
0172	0.1394	0.9917	0.3756	0.9020	0.0966s	0.3536	0.9090	0.9042
41
0173	0.1263	0.9750	0.3834	0.9000	0.0957s	0.3612	0.9060	0.9009
42
0174	0.1273	0.9500	0.3923	0.8960	0.0962s	0.3701	0.9000	0.8939
43
0175	0.1243	0.9750	0.4016	0.8960	0.0958s	0.3795	0.8970	0.8904
44
0176	0.1309	0.9750	0.3982	0.8960	0.0965s	0.3777	0.8970	0.8903
45
0177	0.1506	0.9750	0.3853	0.8960	0.0950s	0.3637	0.9010	0.8948
46
0178	0.1257	0.9750	0.3767	0.8980	0.0953s	0.3517	0.9010	0.8954
47
0179	0.1346	0.9667	0.3753	0.8980	0.0951s	0.3486	0.9060	0.9011
48
0180	0.1226	0.9917	0.3757	0.9000	0.0951s	0.3493	0.9060	0.9011
49
0181	0.1469	0.9750	0.3815	0.8960	0.0964s	0.3563	0.9010	0.8953
50
0182	0.1230	0.9833	0.3944	0.8900	0.0958s	0.3715	0.8930	0.8866
51
0183	0.1079	0.9917	0.4045	0.8880	0.0955s	0.3830	0.8910	0.8843
52
0184	0.1361	1.0000	0.4063	0.8860	0.0949s	0.3866	0.8900	0.8834
53
0185	0.1826	0.9750	0.3972	0.8900	0.0960s	0.3794	0.8940	0.8876
54
0186	0.1437	0.9750	0.3848	0.8960	0.0952s	0.3662	0.9010	0.8955
55
0187	0.1204	0.9750	0.3764	0.9000	0.0970s	0.3552	0.9050	0.9001
56
0188	0.1480	0.9750	0.3744	0.9020	0.0967s	0.3510	0.9060	0.9017
57
0189	0.1440	0.9750	0.3790	0.9000	0.0969s	0.3565	0.9050	0.8999
58
0190	0.1248	0.9750	0.3873	0.8920	0.0967s	0.3672	0.8970	0.8910
59
0191	0.1193	1.0000	0.3955	0.8900	0.0959s	0.3777	0.8950	0.8890
60
0192	0.1351	0.9667	0.3989	0.8900	0.0948s	0.3840	0.8950	0.8890
61
0193	0.1622	0.9583	0.3877	0.8980	0.0959s	0.3763	0.8970	0.8912
62
0194	0.1459	0.9750	0.3791	0.8940	0.0960s	0.3705	0.9000	0.8945
63
0195	0.1332	0.9583	0.3772	0.8960	0.0958s	0.3690	0.9000	0.8949
64
0196	0.1409	0.9833	0.3729	0.8980	0.0945s	0.3625	0.9040	0.8997
65
0197	0.1419	0.9750	0.3714	0.9020	0.0962s	0.3568	0.9090	0.9046
66
0198	0.1222	0.9917	0.3753	0.9020	0.0975s	0.3562	0.9120	0.9077
67
0199	0.1533	0.9833	0.3837	0.9020	0.0962s	0.3623	0.9030	0.8977
68
0200	0.1242	0.9750	0.3919	0.8960	0.0948s	0.3717	0.9000	0.8944
69
0201	0.1406	0.9833	0.4005	0.8860	0.0949s	0.3834	0.8950	0.8894
70
0202	0.1562	0.9833	0.4036	0.8780	0.0953s	0.3882	0.8930	0.8873
71
0203	0.1447	0.9750	0.3949	0.8860	0.0948s	0.3817	0.8960	0.8903
72
0204	0.1410	0.9750	0.3838	0.9000	0.0946s	0.3712	0.9010	0.8958
73
0205	0.1347	0.9333	0.3790	0.8980	0.0951s	0.3638	0.9050	0.9000
74
0206	0.1538	0.9333	0.3782	0.8980	0.0949s	0.3618	0.9040	0.8995
75
0207	0.1434	0.9583	0.3809	0.8940	0.0946s	0.3628	0.9050	0.9002
76
0208	0.1329	0.9917	0.3809	0.9000	0.0947s	0.3602	0.9080	0.9034
77
0209	0.1249	0.9750	0.3869	0.9000	0.0953s	0.3628	0.9090	0.9043
78
0210	0.1382	0.9833	0.3952	0.8960	0.0953s	0.3692	0.9030	0.8973
79
0211	0.1309	0.9917	0.4047	0.8900	0.0950s	0.3784	0.8990	0.8933
80
0212	0.1266	0.9833	0.4077	0.8860	0.0956s	0.3828	0.8990	0.8935
81
0213	0.1413	0.9833	0.4011	0.8880	0.0966s	0.3786	0.8980	0.8926
82
0214	0.1556	0.9667	0.3905	0.8940	0.0959s	0.3712	0.9010	0.8952
83
0215	0.1407	0.9750	0.3818	0.9060	0.0959s	0.3643	0.9010	0.8952
84
0216	0.1176	0.9917	0.3765	0.9040	0.0949s	0.3601	0.9050	0.9004
85
0217	0.1238	0.9917	0.3741	0.9020	0.0956s	0.3571	0.9050	0.9007
86
0218	0.1432	0.9917	0.3752	0.9000	0.0959s	0.3562	0.9040	0.8994
87
0219	0.1341	0.9750	0.3815	0.9000	0.0953s	0.3607	0.9090	0.9041
88
0220	0.1299	0.9833	0.3941	0.8940	0.0960s	0.3707	0.9010	0.8954
89
0221	0.1309	0.9583	0.4052	0.8920	0.0970s	0.3805	0.8920	0.8853
90
0222	0.1389	0.9917	0.4059	0.8900	0.0969s	0.3820	0.8920	0.8854
91
0223	0.1338	0.9667	0.3974	0.8960	0.0955s	0.3752	0.8940	0.8878
92
0224	0.1415	0.9750	0.3875	0.9020	0.0945s	0.3680	0.8990	0.8932
93
0225	0.1470	0.9917	0.3801	0.8980	0.0946s	0.3611	0.9040	0.8987
94
0226	0.1482	0.9667	0.3797	0.9020	0.0954s	0.3610	0.9040	0.8991
95
0227	0.1426	0.9750	0.3788	0.9000	0.0946s	0.3597	0.9040	0.9000
96
0228	0.1263	0.9917	0.3763	0.9000	0.0946s	0.3561	0.8990	0.8955
97
0229	0.1574	0.9833	0.3748	0.8980	0.0944s	0.3539	0.9070	0.9027
98
0230	0.1323	0.9750	0.3779	0.9000	0.0946s	0.3556	0.9080	0.9030
99
0231	0.1071	1.0000	0.3890	0.8940	0.0944s	0.3643	0.8980	0.8924
100
0232	0.1263	0.9917	0.3981	0.8920	0.0952s	0.3704	0.8920	0.8859
101
0233	0.1084	0.9750	0.4024	0.8900	0.0957s	0.3728	0.8910	0.8848
102
0234	0.1301	0.9833	0.3961	0.8920	0.0944s	0.3664	0.8940	0.8879
103
0235	0.1236	0.9750	0.3817	0.8960	0.0947s	0.3536	0.8990	0.8933
104
0236	0.1439	0.9833	0.3724	0.9000	0.0949s	0.3466	0.9070	0.9025
105
0237	0.1371	0.9750	0.3706	0.9060	0.0947s	0.3472	0.9080	0.9041
106
0238	0.1393	0.9917	0.3704	0.9080	0.0945s	0.3488	0.9070	0.9028
107
0239	0.1255	0.9833	0.3708	0.9060	0.0948s	0.3503	0.9070	0.9028
108
0240	0.1241	0.9833	0.3734	0.9000	0.0959s	0.3539	0.9050	0.9001
109
0241	0.1161	1.0000	0.3849	0.8960	0.0943s	0.3641	0.9010	0.8951
110
0242	0.1293	0.9917	0.3928	0.8920	0.0947s	0.3716	0.8950	0.8888
111
0243	0.1477	0.9833	0.3887	0.8920	0.0949s	0.3673	0.8970	0.8909
112
0244	0.1566	0.9833	0.3829	0.8920	0.0953s	0.3608	0.9000	0.8942
113
0245	0.1367	0.9833	0.3779	0.8980	0.0968s	0.3561	0.9030	0.8975
114
0246	0.1603	0.9667	0.3732	0.9000	0.0952s	0.3527	0.9070	0.9022
115
0247	0.1236	0.9833	0.3724	0.9020	0.0966s	0.3534	0.9090	0.9045
116
0248	0.1407	0.9667	0.3746	0.9020	0.0961s	0.3571	0.9090	0.9046
117
0249	0.1209	0.9917	0.3787	0.9020	0.0950s	0.3619	0.9080	0.9036
118
0250	0.1258	0.9833	0.3801	0.9020	0.0959s	0.3632	0.9090	0.9044
119
0251	0.1104	0.9833	0.3830	0.8980	0.0949s	0.3646	0.9070	0.9018
120
0252	0.1258	0.9917	0.3867	0.8960	0.0964s	0.3663	0.9060	0.9010
121
0253	0.1540	0.9667	0.3962	0.8940	0.0956s	0.3728	0.8970	0.8911
122
0254	0.1343	0.9583	0.4042	0.8920	0.0980s	0.3792	0.8960	0.8897
123
0255	0.1236	0.9750	0.4012	0.8920	0.0966s	0.3777	0.8940	0.8877
124
0256	0.1276	0.9833	0.3880	0.8960	0.0947s	0.3679	0.8990	0.8934
125
0257	0.1254	0.9750	0.3782	0.8960	0.1229s	0.3617	0.9050	0.8998
126
0258	0.1112	0.9833	0.3704	0.9000	0.1226s	0.3560	0.9090	0.9044
127
0259	0.1320	0.9500	0.3682	0.9000	0.1231s	0.3544	0.9090	0.9045
128
0260	0.1227	0.9750	0.3671	0.9020	0.1273s	0.3539	0.9060	0.9014
129
0261	0.1374	0.9833	0.3684	0.8980	0.1040s	0.3565	0.9070	0.9027
130
0262	0.1302	0.9750	0.3732	0.9020	0.1035s	0.3619	0.9010	0.8962
131
0263	0.1256	0.9917	0.3831	0.8920	0.1037s	0.3715	0.8980	0.8924
132
0264	0.1488	0.9833	0.3893	0.8880	0.1046s	0.3781	0.8990	0.8933
133
0265	0.1315	0.9917	0.3864	0.8940	0.1051s	0.3775	0.8980	0.8924
134
0266	0.1309	0.9917	0.3778	0.9020	0.1038s	0.3718	0.8990	0.8934
135
0267	0.1230	0.9750	0.3685	0.8980	0.1047s	0.3658	0.8980	0.8926
136
0268	0.1374	0.9833	0.3627	0.8980	0.1039s	0.3625	0.9040	0.8992
137
0269	0.1385	0.9833	0.3610	0.9000	0.1044s	0.3620	0.9080	0.9040
138
0270	0.1367	0.9917	0.3623	0.9000	0.1038s	0.3650	0.9090	0.9052
139
0271	0.1142	0.9917	0.3649	0.9040	0.1061s	0.3687	0.9070	0.9029
140
0272	0.1250	0.9667	0.3709	0.8980	0.1039s	0.3746	0.9000	0.8943
141
0273	0.1335	0.9917	0.3798	0.8960	0.1034s	0.3814	0.9000	0.8944
142
0274	0.1305	0.9750	0.3857	0.8960	0.0958s	0.3845	0.8980	0.8921
143
0275	0.1267	0.9750	0.3884	0.8940	0.0957s	0.3858	0.8960	0.8897
144
0276	0.1320	0.9667	0.3838	0.9000	0.0965s	0.3795	0.9030	0.8974
145
0277	0.1193	0.9833	0.3764	0.8980	0.0950s	0.3716	0.9040	0.8988
146
0278	0.1240	0.9750	0.3700	0.8980	0.0952s	0.3660	0.9050	0.8999
147
0279	0.1183	0.9917	0.3679	0.8960	0.0961s	0.3646	0.9070	0.9021
148
0280	0.1317	0.9917	0.3652	0.8980	0.0960s	0.3614	0.9070	0.9021
149
0281	0.1311	0.9583	0.3671	0.9000	0.0950s	0.3631	0.9090	0.9043
150
0282	0.1263	0.9750	0.3738	0.8980	0.0960s	0.3695	0.9060	0.9010
151
0283	0.1211	1.0000	0.3795	0.8960	0.0949s	0.3742	0.9020	0.8970
152
0284	0.1547	0.9583	0.3777	0.8960	0.0951s	0.3704	0.9010	0.8958
153
0285	0.1207	0.9917	0.3759	0.8980	0.0947s	0.3661	0.9040	0.8990
154
0286	0.1295	0.9917	0.3728	0.8980	0.0948s	0.3595	0.9070	0.9023
155
0287	0.1475	0.9750	0.3713	0.8960	0.0957s	0.3555	0.9090	0.9042
156
0288	0.1293	0.9750	0.3722	0.8980	0.0967s	0.3537	0.9110	0.9063
157
0289	0.1226	0.9833	0.3771	0.8960	0.0952s	0.3567	0.9070	0.9019
158
0290	0.1226	0.9833	0.3798	0.8980	0.0950s	0.3582	0.9070	0.9019
159
0291	0.1279	0.9667	0.3797	0.8960	0.0949s	0.3575	0.9060	0.9010
160
0292	0.1171	0.9750	0.3804	0.8940	0.0954s	0.3581	0.9040	0.8991
161
0293	0.1151	0.9833	0.3793	0.8940	0.0948s	0.3565	0.9070	0.9023
162
0294	0.1430	0.9833	0.3762	0.8960	0.0951s	0.3523	0.9120	0.9074
163
0295	0.1351	0.9917	0.3725	0.8980	0.0951s	0.3471	0.9160	0.9118
164
0296	0.1221	0.9917	0.3718	0.9000	0.0956s	0.3466	0.9160	0.9118
165
0297	0.1369	0.9917	0.3744	0.8980	0.0944s	0.3490	0.9110	0.9064
166
0298	0.1232	0.9583	0.3752	0.8980	0.0985s	0.3501	0.9130	0.9087
167
0299	0.1249	0.9917	0.3776	0.8960	0.0947s	0.3524	0.9080	0.9034
168
0300	0.1355	0.9667	0.3793	0.8960	0.0944s	0.3540	0.9090	0.9042
169
0301	0.1215	0.9917	0.3803	0.8940	0.0942s	0.3554	0.9070	0.9019
170
0302	0.1244	0.9833	0.3779	0.8940	0.0955s	0.3528	0.9110	0.9061
171
0303	0.1374	0.9583	0.3757	0.8980	0.0943s	0.3507	0.9110	0.9062
172
0304	0.1264	0.9750	0.3737	0.8980	0.0945s	0.3501	0.9130	0.9083
173
0305	0.1376	0.9583	0.3730	0.8940	0.0946s	0.3512	0.9110	0.9059
174
0306	0.1343	0.9750	0.3726	0.9000	0.0973s	0.3511	0.9110	0.9057
175
0307	0.1369	0.9750	0.3743	0.8980	0.0949s	0.3492	0.9090	0.9045
176
0308	0.1278	0.9917	0.3754	0.8980	0.0962s	0.3468	0.9120	0.9078
177
0309	0.1277	0.9833	0.3749	0.9000	0.0961s	0.3431	0.9090	0.9042
178
0310	0.1391	0.9833	0.3699	0.9000	0.0979s	0.3404	0.9130	0.9086
179
0311	0.1339	0.9667	0.3698	0.9040	0.0968s	0.3402	0.9110	0.9065
180
0312	0.1158	0.9917	0.3740	0.9040	0.1141s	0.3443	0.9100	0.9050
181
0313	0.1348	0.9833	0.3798	0.9000	0.1239s	0.3511	0.9090	0.9038
182
0314	0.1269	0.9750	0.3821	0.8960	0.1223s	0.3566	0.9060	0.9006
183
0315	0.1686	0.9833	0.3823	0.8940	0.1223s	0.3599	0.9070	0.9014
184
0316	0.1223	0.9750	0.3787	0.8940	0.1219s	0.3605	0.9070	0.9016
185
0317	0.1214	1.0000	0.3758	0.8960	0.1225s	0.3617	0.9090	0.9038
186
0318	0.1316	0.9667	0.3764	0.8960	0.1227s	0.3654	0.9100	0.9049
187
0319	0.1228	0.9833	0.3770	0.8940	0.1222s	0.3666	0.9070	0.9018
188
0320	0.1375	1.0000	0.3778	0.8920	0.1224s	0.3647	0.9060	0.9008
189
0321	0.1243	0.9833	0.3836	0.8900	0.1221s	0.3685	0.9030	0.8974
190
0322	0.1299	1.0000	0.3918	0.8880	0.1220s	0.3749	0.8970	0.8907
191
0323	0.1265	0.9583	0.3991	0.8820	0.1220s	0.3811	0.8960	0.8897
192
0324	0.1030	0.9917	0.4013	0.8860	0.1227s	0.3817	0.8950	0.8885
193
0325	0.1550	0.9417	0.3920	0.8860	0.1224s	0.3741	0.9000	0.8942
194
0326	0.1167	0.9917	0.3866	0.8960	0.1236s	0.3684	0.9110	0.9058
195
0327	0.1479	0.9833	0.3864	0.8900	0.1224s	0.3649	0.9070	0.9014
196
0328	0.1253	0.9833	0.3930	0.8880	0.1223s	0.3681	0.9040	0.8984
197
0329	0.1438	0.9833	0.4059	0.8920	0.1230s	0.3777	0.9000	0.8941
198
0330	0.1275	0.9750	0.4144	0.8900	0.1224s	0.3839	0.8970	0.8910
199
Early stop! Min loss:0.357734352350235,  Max accuracy:0.916
Early stop model validation loss:0.357734352350235,  accuracy:0.904
Optimization Finished!
Total time elapsed: 37.1275s
test max acc:0.9160
Loading 78th epoch
stru_node_to_hop attention:tensor([[0.2492, 0.2507, 0.2501, 0.2500],
        [0.2497, 0.2501, 0.2501, 0.2501],
        [0.2490, 0.2505, 0.2503, 0.2502],
        [0.2508, 0.2513, 0.2492, 0.2487],
        [0.2476, 0.2507, 0.2508, 0.2509],
        [0.2512, 0.2505, 0.2493, 0.2491],
        [0.2495, 0.2503, 0.2502, 0.2501],
        [0.2501, 0.2501, 0.2500, 0.2498],
        [0.2498, 0.2505, 0.2499, 0.2498],
        [0.2489, 0.2507, 0.2503, 0.2501],
        [0.2497, 0.2503, 0.2500, 0.2500],
        [0.2498, 0.2502, 0.2501, 0.2500],
        [0.2499, 0.2501, 0.2500, 0.2500],
        [0.2500, 0.2504, 0.2499, 0.2497],
        [0.2493, 0.2507, 0.2501, 0.2499],
        [0.2499, 0.2506, 0.2499, 0.2496],
        [0.2499, 0.2505, 0.2499, 0.2496],
        [0.2490, 0.2512, 0.2501, 0.2497],
        [0.2498, 0.2501, 0.2501, 0.2501],
        [0.2503, 0.2501, 0.2499, 0.2498],
        [0.2499, 0.2500, 0.2501, 0.2501],
        [0.2478, 0.2523, 0.2501, 0.2497],
        [0.2499, 0.2500, 0.2501, 0.2500],
        [0.2488, 0.2507, 0.2503, 0.2502],
        [0.2499, 0.2501, 0.2500, 0.2500],
        [0.2491, 0.2507, 0.2502, 0.2500],
        [0.2499, 0.2501, 0.2500, 0.2499],
        [0.2497, 0.2502, 0.2501, 0.2500],
        [0.2500, 0.2500, 0.2500, 0.2500],
        [0.2488, 0.2508, 0.2503, 0.2501],
        [0.2495, 0.2506, 0.2501, 0.2498],
        [0.2494, 0.2505, 0.2502, 0.2499],
        [0.2490, 0.2507, 0.2503, 0.2501],
        [0.2487, 0.2505, 0.2504, 0.2503],
        [0.2490, 0.2504, 0.2503, 0.2503],
        [0.2495, 0.2504, 0.2500, 0.2500],
        [0.2498, 0.2501, 0.2501, 0.2500],
        [0.2489, 0.2501, 0.2505, 0.2506],
        [0.2496, 0.2503, 0.2501, 0.2500],
        [0.2498, 0.2504, 0.2500, 0.2499],
        [0.2499, 0.2500, 0.2501, 0.2501],
        [0.2495, 0.2505, 0.2501, 0.2500],
        [0.2486, 0.2507, 0.2504, 0.2503],
        [0.2503, 0.2498, 0.2499, 0.2499],
        [0.2494, 0.2504, 0.2502, 0.2500],
        [0.2085, 0.2034, 0.2730, 0.3152],
        [0.2485, 0.2508, 0.2505, 0.2502],
        [0.2489, 0.2509, 0.2502, 0.2500],
        [0.2493, 0.2503, 0.2502, 0.2501],
        [0.2501, 0.2500, 0.2500, 0.2500],
        [0.2483, 0.2507, 0.2505, 0.2505],
        [0.2499, 0.2502, 0.2500, 0.2499],
        [0.2498, 0.2500, 0.2501, 0.2501],
        [0.2500, 0.2501, 0.2500, 0.2499],
        [0.2489, 0.2505, 0.2503, 0.2503],
        [0.2490, 0.2506, 0.2501, 0.2503],
        [0.2498, 0.2508, 0.2498, 0.2495],
        [0.2492, 0.2506, 0.2502, 0.2501],
        [0.2495, 0.2512, 0.2499, 0.2495],
        [0.2488, 0.2511, 0.2502, 0.2499],
        [0.2482, 0.2509, 0.2505, 0.2503],
        [0.2495, 0.2505, 0.2500, 0.2499],
        [0.2499, 0.2503, 0.2500, 0.2498],
        [0.2489, 0.2510, 0.2502, 0.2499],
        [0.2501, 0.2500, 0.2500, 0.2500],
        [0.2497, 0.2500, 0.2501, 0.2502],
        [0.2486, 0.2513, 0.2502, 0.2500],
        [0.2482, 0.2506, 0.2506, 0.2507],
        [0.2501, 0.2499, 0.2500, 0.2500],
        [0.2494, 0.2503, 0.2502, 0.2501],
        [0.2491, 0.2512, 0.2500, 0.2498],
        [0.2499, 0.2501, 0.2500, 0.2500],
        [0.2480, 0.2511, 0.2506, 0.2503],
        [0.2487, 0.2514, 0.2502, 0.2498],
        [0.2504, 0.2498, 0.2499, 0.2499],
        [0.2488, 0.2509, 0.2503, 0.2501],
        [0.2500, 0.2507, 0.2498, 0.2495],
        [0.2515, 0.2486, 0.2498, 0.2501],
        [0.2498, 0.2502, 0.2501, 0.2500],
        [0.2492, 0.2502, 0.2503, 0.2503],
        [0.2509, 0.2497, 0.2498, 0.2495],
        [0.2492, 0.2507, 0.2501, 0.2499],
        [0.2501, 0.2502, 0.2499, 0.2498],
        [0.2497, 0.2501, 0.2501, 0.2501],
        [0.2495, 0.2504, 0.2501, 0.2500],
        [0.2499, 0.2501, 0.2500, 0.2500],
        [0.2492, 0.2503, 0.2502, 0.2502],
        [0.2483, 0.2506, 0.2506, 0.2505],
        [0.2495, 0.2506, 0.2501, 0.2499],
        [0.2508, 0.2500, 0.2497, 0.2495],
        [0.2486, 0.2507, 0.2504, 0.2503],
        [0.2501, 0.2500, 0.2500, 0.2500],
        [0.2501, 0.2500, 0.2500, 0.2500],
        [0.2500, 0.2500, 0.2500, 0.2500],
        [0.2499, 0.2501, 0.2500, 0.2500],
        [0.2501, 0.2500, 0.2500, 0.2500],
        [0.2494, 0.2503, 0.2502, 0.2501],
        [0.2506, 0.2500, 0.2497, 0.2497],
        [0.2483, 0.2509, 0.2504, 0.2503],
        [0.2500, 0.2502, 0.2500, 0.2498]], device='cuda:1')
fea_node_to_hop attention:tensor([[0.3313, 0.3347, 0.3340],
        [0.3324, 0.3338, 0.3338],
        [0.3318, 0.3340, 0.3342],
        [0.3308, 0.3342, 0.3350],
        [0.3320, 0.3337, 0.3343],
        [0.3302, 0.3348, 0.3350],
        [0.3301, 0.3346, 0.3353],
        [0.3325, 0.3330, 0.3345],
        [0.3293, 0.3353, 0.3354],
        [0.3296, 0.3344, 0.3360],
        [0.3310, 0.3337, 0.3352],
        [0.3319, 0.3335, 0.3346],
        [0.3328, 0.3333, 0.3339],
        [0.3319, 0.3334, 0.3347],
        [0.3280, 0.3355, 0.3365],
        [0.3300, 0.3348, 0.3352],
        [0.3297, 0.3340, 0.3363],
        [0.3322, 0.3332, 0.3347],
        [0.3327, 0.3333, 0.3340],
        [0.3329, 0.3334, 0.3337],
        [0.3337, 0.3333, 0.3330],
        [0.3314, 0.3330, 0.3356],
        [0.3317, 0.3334, 0.3349],
        [0.3332, 0.3335, 0.3333],
        [0.3332, 0.3334, 0.3334],
        [0.3310, 0.3340, 0.3350],
        [0.3319, 0.3334, 0.3347],
        [0.3324, 0.3336, 0.3341],
        [0.3321, 0.3334, 0.3345],
        [0.3320, 0.3338, 0.3343],
        [0.3321, 0.3335, 0.3343],
        [0.3303, 0.3338, 0.3358],
        [0.3314, 0.3338, 0.3348],
        [0.3295, 0.3353, 0.3352],
        [0.3335, 0.3332, 0.3333],
        [0.3300, 0.3338, 0.3361],
        [0.3316, 0.3342, 0.3342],
        [0.3324, 0.3335, 0.3342],
        [0.3319, 0.3338, 0.3343],
        [0.3314, 0.3339, 0.3347],
        [0.3329, 0.3333, 0.3338],
        [0.3316, 0.3339, 0.3345],
        [0.3314, 0.3336, 0.3350],
        [0.3333, 0.3333, 0.3334],
        [0.3344, 0.3325, 0.3331],
        [0.3414, 0.3318, 0.3268],
        [0.3303, 0.3346, 0.3351],
        [0.3319, 0.3333, 0.3348],
        [0.3298, 0.3351, 0.3350],
        [0.3332, 0.3333, 0.3335],
        [0.3327, 0.3335, 0.3338],
        [0.3321, 0.3335, 0.3344],
        [0.3333, 0.3333, 0.3334],
        [0.3328, 0.3334, 0.3338],
        [0.3331, 0.3324, 0.3345],
        [0.3332, 0.3325, 0.3343],
        [0.3331, 0.3331, 0.3338],
        [0.3296, 0.3350, 0.3353],
        [0.3334, 0.3322, 0.3344],
        [0.3321, 0.3331, 0.3348],
        [0.3291, 0.3351, 0.3358],
        [0.3308, 0.3341, 0.3351],
        [0.3330, 0.3329, 0.3341],
        [0.3317, 0.3339, 0.3344],
        [0.3336, 0.3332, 0.3332],
        [0.3340, 0.3326, 0.3335],
        [0.3301, 0.3349, 0.3350],
        [0.3325, 0.3336, 0.3339],
        [0.3336, 0.3332, 0.3332],
        [0.3307, 0.3343, 0.3350],
        [0.3300, 0.3346, 0.3355],
        [0.3326, 0.3337, 0.3337],
        [0.3272, 0.3359, 0.3369],
        [0.3302, 0.3345, 0.3353],
        [0.3339, 0.3332, 0.3330],
        [0.3305, 0.3336, 0.3359],
        [0.3313, 0.3338, 0.3349],
        [0.3279, 0.3358, 0.3363],
        [0.3323, 0.3335, 0.3342],
        [0.3333, 0.3331, 0.3336],
        [0.3326, 0.3337, 0.3337],
        [0.3296, 0.3349, 0.3355],
        [0.3315, 0.3341, 0.3344],
        [0.3325, 0.3337, 0.3338],
        [0.3327, 0.3330, 0.3342],
        [0.3325, 0.3336, 0.3339],
        [0.3305, 0.3352, 0.3343],
        [0.3327, 0.3335, 0.3338],
        [0.3291, 0.3353, 0.3356],
        [0.3317, 0.3330, 0.3353],
        [0.3280, 0.3356, 0.3363],
        [0.3336, 0.3332, 0.3331],
        [0.3332, 0.3333, 0.3335],
        [0.3341, 0.3328, 0.3332],
        [0.3334, 0.3333, 0.3333],
        [0.3335, 0.3332, 0.3334],
        [0.3319, 0.3346, 0.3335],
        [0.3313, 0.3341, 0.3346],
        [0.3301, 0.3349, 0.3350],
        [0.3331, 0.3333, 0.3336]], device='cuda:1')
perception attention:tensor([0.5000, 0.5000], device='cuda:1')
Test set results: loss= 0.3379 accuracy= 0.9080 F1_score= 0.9028
