# epoch	loss_train	acc_train	loss_val	acc_val	time	acc_test	f1_test
0001	1.8036	0.1750	1.6955	0.5260	0.1174s	1.6879	0.5440	0.3904
0
0002	1.6835	0.5083	1.5388	0.5260	0.1219s	1.5175	0.5450	0.3958
0
0003	1.5253	0.5667	1.3600	0.5740	0.1223s	1.3355	0.5940	0.4824
0
0004	1.3590	0.5833	1.1610	0.6940	0.1225s	1.1422	0.7150	0.6730
0
0005	1.1268	0.7250	0.9798	0.8500	0.1245s	0.9648	0.8510	0.8393
0
0006	0.9583	0.7917	0.8403	0.8660	0.1222s	0.8279	0.8680	0.8624
0
0007	0.8319	0.7500	0.7207	0.8620	0.1220s	0.7108	0.8630	0.8578
0
0008	0.6936	0.7917	0.6196	0.8760	0.1186s	0.6093	0.8760	0.8701
0
0009	0.6038	0.8083	0.5480	0.8840	0.1188s	0.5333	0.8900	0.8831
0
0010	0.5294	0.8750	0.4995	0.8920	0.1048s	0.4850	0.8920	0.8840
0
0011	0.4649	0.9083	0.4578	0.8900	0.1218s	0.4415	0.8940	0.8868
0
0012	0.4237	0.9167	0.4266	0.8920	0.1138s	0.4100	0.8960	0.8902
0
0013	0.3474	0.8917	0.4098	0.8880	0.1157s	0.3926	0.8870	0.8814
0
0014	0.3379	0.9500	0.3996	0.8880	0.1043s	0.3805	0.8890	0.8832
0
0015	0.2746	0.9583	0.3956	0.8960	0.1221s	0.3731	0.8900	0.8831
0
0016	0.2760	0.9500	0.3979	0.8900	0.1224s	0.3721	0.8890	0.8820
0
0017	0.2534	0.9500	0.3985	0.8900	0.1225s	0.3708	0.8910	0.8845
1
0018	0.2461	0.9333	0.3962	0.8920	0.1222s	0.3677	0.8930	0.8865
2
0019	0.2447	0.9750	0.3904	0.8940	0.1226s	0.3618	0.8970	0.8907
3
0020	0.2235	0.9500	0.3946	0.8860	0.1222s	0.3655	0.8960	0.8887
0
0021	0.2111	0.9750	0.4001	0.8780	0.1218s	0.3703	0.8970	0.8895
1
0022	0.2003	0.9500	0.4061	0.8740	0.1221s	0.3759	0.8910	0.8833
2
0023	0.1813	0.9917	0.4079	0.8700	0.1220s	0.3771	0.8930	0.8855
3
0024	0.1781	0.9583	0.4041	0.8760	0.1221s	0.3728	0.8930	0.8859
4
0025	0.2016	0.9500	0.4012	0.8860	0.1221s	0.3689	0.8910	0.8843
5
0026	0.1469	0.9833	0.4067	0.8840	0.1215s	0.3736	0.8890	0.8829
6
0027	0.1778	1.0000	0.4075	0.8820	0.1207s	0.3730	0.8890	0.8830
7
0028	0.1574	0.9917	0.4090	0.8900	0.1059s	0.3738	0.8920	0.8858
8
0029	0.1791	0.9750	0.4134	0.8900	0.1217s	0.3771	0.8900	0.8829
9
0030	0.1683	0.9833	0.4234	0.8800	0.1225s	0.3863	0.8880	0.8799
10
0031	0.1821	0.9583	0.4335	0.8740	0.1221s	0.3961	0.8820	0.8729
11
0032	0.1678	0.9833	0.4395	0.8700	0.1217s	0.4028	0.8800	0.8708
12
0033	0.1611	0.9667	0.4359	0.8740	0.1220s	0.4014	0.8880	0.8795
13
0034	0.1617	0.9667	0.4234	0.8800	0.1216s	0.3912	0.8910	0.8834
14
0035	0.1749	0.9750	0.4091	0.8840	0.1218s	0.3790	0.8980	0.8915
15
0036	0.1412	0.9750	0.4015	0.8900	0.1216s	0.3715	0.8970	0.8908
16
0037	0.1462	0.9750	0.4006	0.8880	0.1217s	0.3693	0.8980	0.8923
17
0038	0.1654	0.9750	0.4017	0.8860	0.1225s	0.3692	0.8970	0.8911
18
0039	0.1651	0.9833	0.4042	0.8880	0.1223s	0.3709	0.8920	0.8852
19
0040	0.1534	0.9750	0.4075	0.8860	0.1220s	0.3742	0.8930	0.8858
20
0041	0.1527	0.9583	0.4169	0.8820	0.1223s	0.3829	0.8880	0.8805
21
0042	0.1720	0.9667	0.4187	0.8820	0.1223s	0.3848	0.8880	0.8802
22
0043	0.1962	0.9667	0.4131	0.8900	0.1221s	0.3801	0.8910	0.8831
23
0044	0.1602	0.9667	0.4022	0.8940	0.1224s	0.3716	0.8920	0.8848
24
0045	0.1536	0.9583	0.3933	0.8880	0.1217s	0.3649	0.8940	0.8873
25
0046	0.1619	0.9667	0.3880	0.8880	0.1208s	0.3625	0.8920	0.8854
26
0047	0.1621	0.9917	0.3873	0.8940	0.0994s	0.3645	0.8930	0.8864
0
0048	0.1695	0.9667	0.3860	0.8920	0.0980s	0.3642	0.8930	0.8862
0
0049	0.1398	0.9583	0.3882	0.8900	0.0980s	0.3675	0.8920	0.8852
0
0050	0.1729	0.9833	0.3908	0.8820	0.0986s	0.3718	0.8920	0.8850
1
0051	0.1749	0.9833	0.3884	0.8840	0.1086s	0.3707	0.8920	0.8852
2
0052	0.1552	0.9500	0.3839	0.8900	0.1222s	0.3670	0.8960	0.8894
3
0053	0.1675	0.9750	0.3800	0.8940	0.1217s	0.3637	0.8950	0.8885
0
0054	0.1455	0.9750	0.3796	0.8960	0.1225s	0.3637	0.8940	0.8875
0
0055	0.1740	0.9750	0.3791	0.8980	0.1220s	0.3633	0.8950	0.8886
0
0056	0.1640	0.9667	0.3805	0.8960	0.1220s	0.3641	0.8950	0.8885
0
0057	0.1536	0.9917	0.3833	0.8880	0.1216s	0.3660	0.8920	0.8853
1
0058	0.1570	0.9833	0.3867	0.8860	0.1220s	0.3688	0.8920	0.8851
2
0059	0.1472	1.0000	0.3886	0.8840	0.1227s	0.3704	0.8940	0.8872
3
0060	0.1540	0.9750	0.3886	0.8880	0.1221s	0.3702	0.8950	0.8880
4
0061	0.1601	1.0000	0.3841	0.8920	0.1222s	0.3661	0.8940	0.8872
5
0062	0.1409	0.9833	0.3798	0.8980	0.1249s	0.3614	0.8930	0.8860
6
0063	0.1445	1.0000	0.3769	0.8980	0.1054s	0.3583	0.8950	0.8883
0
0064	0.1557	0.9333	0.3753	0.8980	0.1149s	0.3577	0.8960	0.8894
0
0065	0.1183	1.0000	0.3742	0.8980	0.1014s	0.3578	0.8990	0.8927
0
0066	0.1330	0.9833	0.3732	0.9000	0.1127s	0.3571	0.8990	0.8928
0
0067	0.1516	0.9833	0.3716	0.9020	0.1193s	0.3552	0.8970	0.8905
0
0068	0.1245	0.9500	0.3698	0.9020	0.1224s	0.3526	0.8970	0.8907
0
0069	0.1664	0.9583	0.3684	0.9020	0.1226s	0.3517	0.8970	0.8907
0
0070	0.1407	1.0000	0.3695	0.9020	0.1238s	0.3536	0.9000	0.8937
0
0071	0.1562	0.9917	0.3701	0.8960	0.1144s	0.3557	0.8990	0.8928
0
0072	0.1773	0.9667	0.3713	0.9020	0.1233s	0.3582	0.8980	0.8917
1
0073	0.1696	0.9833	0.3732	0.9020	0.1259s	0.3597	0.8980	0.8917
0
0074	0.1361	0.9833	0.3758	0.9020	0.1234s	0.3609	0.8990	0.8925
0
0075	0.1532	0.9750	0.3796	0.9020	0.1233s	0.3643	0.9000	0.8935
0
0076	0.1475	0.9917	0.3770	0.9000	0.1210s	0.3611	0.9000	0.8936
0
0077	0.1380	0.9917	0.3716	0.9040	0.1045s	0.3555	0.9010	0.8949
1
0078	0.1420	0.9750	0.3712	0.9060	0.1219s	0.3558	0.8990	0.8930
0
0079	0.1505	0.9833	0.3719	0.9000	0.1217s	0.3557	0.9010	0.8954
0
0080	0.1454	0.9750	0.3708	0.9040	0.1222s	0.3526	0.8990	0.8933
1
0081	0.1506	0.9750	0.3728	0.9000	0.1222s	0.3536	0.8980	0.8922
2
0082	0.1527	0.9750	0.3750	0.9020	0.1226s	0.3553	0.8980	0.8921
3
0083	0.1457	0.9833	0.3761	0.9080	0.1221s	0.3586	0.8980	0.8922
4
0084	0.1500	0.9750	0.3811	0.9000	0.1221s	0.3640	0.9000	0.8940
0
0085	0.1441	0.9750	0.3895	0.8940	0.1215s	0.3723	0.8990	0.8925
1
0086	0.1417	1.0000	0.3930	0.8940	0.1218s	0.3764	0.9020	0.8953
2
0087	0.1635	0.9750	0.3847	0.8940	0.1218s	0.3680	0.9060	0.9004
3
0088	0.1367	0.9583	0.3727	0.9020	0.1056s	0.3553	0.9000	0.8939
4
0089	0.1399	0.9750	0.3673	0.9140	0.1197s	0.3477	0.9040	0.8988
5
0090	0.1473	0.9750	0.3680	0.9140	0.1217s	0.3464	0.9060	0.9014
0
0091	0.1506	0.9750	0.3725	0.9080	0.1220s	0.3508	0.9050	0.8999
0
0092	0.1303	0.9833	0.3748	0.9060	0.1217s	0.3548	0.9020	0.8967
1
0093	0.1619	0.9583	0.3811	0.9000	0.1221s	0.3624	0.9000	0.8944
2
0094	0.1374	0.9833	0.3854	0.8900	0.1221s	0.3676	0.8980	0.8918
3
0095	0.1360	0.9917	0.3854	0.8940	0.1217s	0.3681	0.8950	0.8884
4
0096	0.1350	0.9750	0.3807	0.9000	0.1220s	0.3639	0.9000	0.8941
5
0097	0.1558	1.0000	0.3785	0.9040	0.1217s	0.3604	0.9030	0.8971
6
0098	0.1583	0.9750	0.3755	0.9020	0.1222s	0.3563	0.9020	0.8962
7
0099	0.1497	0.9833	0.3708	0.9020	0.1220s	0.3511	0.9040	0.8984
8
0100	0.1398	0.9917	0.3685	0.9080	0.1220s	0.3477	0.9050	0.8999
9
0101	0.1377	0.9750	0.3680	0.9160	0.1226s	0.3475	0.9030	0.8978
10
0102	0.1382	0.9667	0.3745	0.9080	0.1219s	0.3536	0.9010	0.8953
0
0103	0.1357	0.9917	0.3804	0.9020	0.1220s	0.3583	0.8980	0.8922
1
0104	0.1451	0.9917	0.3840	0.8980	0.1218s	0.3597	0.8980	0.8920
2
0105	0.1397	0.9833	0.3848	0.9000	0.1207s	0.3574	0.9000	0.8942
3
0106	0.1370	0.9750	0.3825	0.8980	0.1219s	0.3529	0.9000	0.8941
4
0107	0.1658	0.9750	0.3757	0.9020	0.1221s	0.3452	0.9010	0.8948
5
0108	0.1503	0.9667	0.3726	0.9100	0.1219s	0.3422	0.9020	0.8965
6
0109	0.1326	0.9833	0.3732	0.9040	0.1219s	0.3422	0.9050	0.8999
7
0110	0.1220	0.9750	0.3749	0.8980	0.1220s	0.3437	0.9050	0.8997
8
0111	0.1309	0.9833	0.3737	0.9000	0.1219s	0.3437	0.9050	0.8994
9
0112	0.1484	0.9917	0.3775	0.8980	0.1221s	0.3496	0.9040	0.8985
10
0113	0.1527	0.9833	0.3814	0.8920	0.1219s	0.3545	0.9020	0.8962
11
0114	0.1575	0.9750	0.3866	0.8980	0.1220s	0.3607	0.9000	0.8942
12
0115	0.1477	0.9750	0.3871	0.8980	0.1217s	0.3607	0.8950	0.8890
13
0116	0.1425	0.9750	0.3853	0.8960	0.1220s	0.3574	0.8960	0.8899
14
0117	0.1623	0.9750	0.3774	0.9060	0.1216s	0.3491	0.9030	0.8971
15
0118	0.1239	0.9667	0.3758	0.9060	0.1213s	0.3469	0.9040	0.8982
16
0119	0.1215	1.0000	0.3777	0.9020	0.1221s	0.3496	0.9020	0.8962
17
0120	0.1237	0.9833	0.3820	0.9020	0.1221s	0.3556	0.9010	0.8951
18
0121	0.1425	0.9917	0.3839	0.9040	0.1220s	0.3605	0.9020	0.8963
19
0122	0.1386	0.9833	0.3838	0.8980	0.1216s	0.3630	0.9030	0.8969
20
0123	0.1412	0.9750	0.3795	0.8980	0.1216s	0.3593	0.9020	0.8961
21
0124	0.1472	1.0000	0.3750	0.9020	0.1221s	0.3560	0.9010	0.8953
22
0125	0.1462	0.9667	0.3761	0.9000	0.1219s	0.3565	0.9010	0.8960
23
0126	0.1349	0.9750	0.3802	0.8980	0.1220s	0.3600	0.8970	0.8921
24
0127	0.1528	0.9750	0.3854	0.8980	0.1224s	0.3660	0.8950	0.8902
25
0128	0.1445	0.9667	0.3921	0.8940	0.1222s	0.3730	0.8910	0.8857
26
0129	0.1492	0.9833	0.3983	0.8980	0.1174s	0.3787	0.8930	0.8871
27
0130	0.1345	0.9917	0.4025	0.8940	0.1223s	0.3813	0.8950	0.8886
28
0131	0.1516	0.9833	0.4118	0.8940	0.1219s	0.3879	0.8970	0.8905
29
0132	0.1245	0.9833	0.4093	0.8940	0.1218s	0.3846	0.8950	0.8891
30
0133	0.1545	1.0000	0.3986	0.8920	0.1226s	0.3743	0.8990	0.8933
31
0134	0.1493	0.9833	0.3827	0.8960	0.1206s	0.3612	0.9070	0.9015
32
0135	0.1259	0.9917	0.3714	0.9040	0.1225s	0.3511	0.9080	0.9030
33
0136	0.1350	0.9833	0.3663	0.9080	0.1222s	0.3470	0.9100	0.9051
34
0137	0.1367	0.9583	0.3651	0.9060	0.1220s	0.3478	0.9050	0.9000
0
0138	0.1488	0.9583	0.3704	0.9040	0.1224s	0.3558	0.8980	0.8924
0
0139	0.1441	0.9667	0.3808	0.8980	0.1220s	0.3685	0.8890	0.8828
1
0140	0.1550	0.9917	0.3899	0.8920	0.1195s	0.3795	0.8900	0.8841
2
0141	0.1493	0.9917	0.3864	0.8940	0.1224s	0.3772	0.8900	0.8839
3
0142	0.1623	0.9917	0.3811	0.9000	0.1223s	0.3677	0.8960	0.8894
4
0143	0.1471	0.9667	0.3763	0.8980	0.1213s	0.3599	0.9030	0.8965
5
0144	0.1220	0.9583	0.3780	0.9000	0.1228s	0.3603	0.9060	0.9002
6
0145	0.1352	0.9750	0.3817	0.8980	0.1223s	0.3638	0.9090	0.9036
7
0146	0.1527	0.9833	0.3800	0.8980	0.1205s	0.3627	0.9090	0.9036
8
0147	0.1346	1.0000	0.3715	0.9060	0.1223s	0.3553	0.9050	0.8996
9
0148	0.1246	1.0000	0.3645	0.9120	0.1045s	0.3510	0.9030	0.8970
10
0149	0.1411	0.9583	0.3638	0.9100	0.1226s	0.3553	0.9040	0.8983
0
0150	0.1385	1.0000	0.3653	0.9080	0.1047s	0.3609	0.9000	0.8943
0
0151	0.1288	0.9917	0.3667	0.9060	0.1215s	0.3647	0.8950	0.8890
1
0152	0.1289	0.9917	0.3658	0.9060	0.1197s	0.3640	0.8970	0.8912
2
0153	0.1331	0.9833	0.3634	0.9080	0.1222s	0.3604	0.8990	0.8934
3
0154	0.1650	0.9917	0.3673	0.9040	0.1210s	0.3604	0.9030	0.8971
0
0155	0.1247	0.9917	0.3720	0.9060	0.1224s	0.3608	0.9010	0.8946
1
0156	0.1145	0.9917	0.3773	0.9000	0.1220s	0.3635	0.8970	0.8903
2
0157	0.1468	1.0000	0.3748	0.9000	0.1058s	0.3616	0.9010	0.8946
3
0158	0.1254	0.9667	0.3688	0.9060	0.1072s	0.3589	0.9050	0.8991
4
0159	0.1384	0.9917	0.3666	0.9060	0.1226s	0.3609	0.9130	0.9079
5
0160	0.1394	0.9833	0.3687	0.9020	0.1220s	0.3662	0.9150	0.9105
6
0161	0.1570	0.9750	0.3675	0.8980	0.1223s	0.3670	0.9150	0.9105
7
0162	0.1507	0.9583	0.3661	0.9080	0.1219s	0.3668	0.9080	0.9032
8
0163	0.1364	0.9833	0.3713	0.9080	0.1218s	0.3699	0.9010	0.8954
9
0164	0.1173	0.9917	0.3826	0.9020	0.1223s	0.3771	0.8960	0.8898
10
0165	0.1172	0.9833	0.3940	0.8940	0.1223s	0.3852	0.8960	0.8903
11
0166	0.1377	0.9833	0.3961	0.8980	0.1224s	0.3841	0.8920	0.8858
12
0167	0.1534	0.9583	0.3841	0.9020	0.1222s	0.3731	0.8960	0.8894
13
0168	0.1505	0.9750	0.3748	0.9080	0.1223s	0.3674	0.9000	0.8942
14
0169	0.1354	0.9917	0.3737	0.9060	0.1219s	0.3675	0.9090	0.9039
15
0170	0.1211	0.9750	0.3787	0.9000	0.1246s	0.3735	0.9140	0.9088
16
0171	0.1443	0.9667	0.3796	0.9000	0.1225s	0.3729	0.9150	0.9097
17
0172	0.1382	0.9833	0.3729	0.9040	0.1221s	0.3638	0.9130	0.9079
18
0173	0.1383	0.9917	0.3715	0.9100	0.1213s	0.3585	0.9030	0.8976
19
0174	0.1224	0.9833	0.3813	0.9020	0.1223s	0.3636	0.9030	0.8974
20
0175	0.1318	0.9833	0.3922	0.9040	0.1224s	0.3713	0.8950	0.8887
21
0176	0.1432	0.9917	0.3881	0.9020	0.1218s	0.3667	0.8960	0.8900
22
0177	0.1245	0.9917	0.3768	0.9060	0.1221s	0.3561	0.9020	0.8963
23
0178	0.1657	0.9750	0.3628	0.9140	0.1220s	0.3451	0.9070	0.9023
24
0179	0.1594	0.9750	0.3581	0.9080	0.1222s	0.3422	0.9140	0.9098
0
0180	0.1357	0.9750	0.3596	0.9080	0.1226s	0.3461	0.9120	0.9079
0
0181	0.1606	0.9833	0.3623	0.9080	0.1221s	0.3486	0.9110	0.9066
1
0182	0.1293	0.9917	0.3644	0.9100	0.1218s	0.3477	0.9150	0.9107
2
0183	0.1302	0.9750	0.3704	0.9120	0.1224s	0.3480	0.9060	0.9011
3
0184	0.1265	0.9833	0.3830	0.9020	0.1057s	0.3553	0.9070	0.9017
4
0185	0.1442	0.9667	0.3944	0.8900	0.1219s	0.3632	0.9020	0.8959
5
0186	0.1364	0.9833	0.3957	0.8900	0.1221s	0.3643	0.8990	0.8927
6
0187	0.1320	0.9917	0.3911	0.8960	0.1219s	0.3624	0.8980	0.8920
7
0188	0.1513	1.0000	0.3775	0.9060	0.1220s	0.3532	0.9050	0.8999
8
0189	0.1394	0.9833	0.3681	0.9080	0.1223s	0.3476	0.9070	0.9020
9
0190	0.1484	0.9583	0.3655	0.9060	0.1215s	0.3482	0.9130	0.9084
10
0191	0.1265	0.9833	0.3701	0.9020	0.1222s	0.3540	0.9110	0.9065
11
0192	0.1262	0.9667	0.3772	0.9000	0.1217s	0.3600	0.9080	0.9033
12
0193	0.1634	0.9917	0.3848	0.9040	0.1219s	0.3634	0.9090	0.9045
13
0194	0.1352	0.9750	0.3959	0.9000	0.1226s	0.3676	0.9010	0.8962
14
0195	0.1402	0.9667	0.4029	0.8960	0.1249s	0.3691	0.8980	0.8922
15
0196	0.1364	0.9833	0.4087	0.8960	0.1227s	0.3717	0.8960	0.8901
16
0197	0.1235	0.9750	0.4133	0.8940	0.1220s	0.3752	0.8910	0.8843
17
0198	0.1445	0.9750	0.4088	0.8980	0.1217s	0.3721	0.8890	0.8831
18
0199	0.1344	0.9917	0.3977	0.9040	0.1221s	0.3637	0.8980	0.8931
19
0200	0.1374	1.0000	0.3916	0.9020	0.1222s	0.3610	0.9020	0.8973
20
0201	0.1384	0.9750	0.3880	0.9060	0.1223s	0.3600	0.9040	0.8990
21
0202	0.1497	0.9833	0.3891	0.9040	0.1213s	0.3634	0.9060	0.9008
22
0203	0.1433	0.9750	0.3908	0.9000	0.1219s	0.3658	0.9060	0.9011
23
0204	0.1292	0.9750	0.3949	0.9000	0.1219s	0.3693	0.9070	0.9022
24
0205	0.1546	0.9833	0.4014	0.8940	0.1222s	0.3748	0.9010	0.8959
25
0206	0.1424	0.9750	0.3985	0.8980	0.1220s	0.3715	0.9030	0.8979
26
0207	0.1353	1.0000	0.3967	0.8960	0.1221s	0.3700	0.9010	0.8956
27
0208	0.1474	1.0000	0.3906	0.9040	0.1224s	0.3659	0.9020	0.8967
28
0209	0.1561	0.9833	0.3861	0.9060	0.1219s	0.3649	0.8980	0.8930
29
0210	0.1341	0.9833	0.3846	0.9000	0.1220s	0.3670	0.9010	0.8961
30
0211	0.1536	0.9750	0.3853	0.8900	0.1233s	0.3694	0.9060	0.9013
31
0212	0.1333	0.9833	0.3881	0.8940	0.1221s	0.3711	0.9040	0.8989
32
0213	0.1520	0.9833	0.3897	0.8980	0.1224s	0.3700	0.9050	0.8997
33
0214	0.1192	0.9917	0.3955	0.9000	0.1221s	0.3727	0.9030	0.8975
34
0215	0.1256	0.9750	0.4072	0.8940	0.1221s	0.3809	0.8980	0.8916
35
0216	0.1361	0.9667	0.4169	0.8940	0.1227s	0.3878	0.8940	0.8871
36
0217	0.1267	0.9917	0.4146	0.8980	0.1226s	0.3843	0.8930	0.8864
37
0218	0.1525	0.9833	0.4067	0.9000	0.1222s	0.3760	0.8950	0.8891
38
0219	0.1454	0.9917	0.3968	0.9020	0.1219s	0.3668	0.9010	0.8953
39
0220	0.1203	1.0000	0.3924	0.9020	0.1221s	0.3638	0.9010	0.8954
40
0221	0.1523	0.9500	0.3874	0.9080	0.1221s	0.3605	0.9110	0.9066
41
0222	0.1271	0.9667	0.3891	0.9020	0.1221s	0.3648	0.9130	0.9088
42
0223	0.1328	1.0000	0.3963	0.8940	0.1223s	0.3754	0.9080	0.9029
43
0224	0.1447	0.9833	0.3987	0.8920	0.1220s	0.3787	0.9030	0.8971
44
0225	0.1368	0.9833	0.4014	0.8960	0.1221s	0.3809	0.9000	0.8938
45
0226	0.1432	0.9833	0.4087	0.8940	0.1222s	0.3863	0.8930	0.8867
46
0227	0.1367	0.9917	0.4159	0.8960	0.1227s	0.3899	0.8900	0.8840
47
0228	0.1426	0.9750	0.4161	0.9020	0.1252s	0.3873	0.8860	0.8798
48
0229	0.1235	0.9917	0.4148	0.9040	0.1224s	0.3837	0.8930	0.8877
49
0230	0.1242	0.9750	0.4066	0.9000	0.1219s	0.3766	0.8960	0.8911
50
0231	0.1272	0.9833	0.3994	0.9040	0.1222s	0.3718	0.8980	0.8927
51
0232	0.1374	0.9917	0.3945	0.9060	0.1225s	0.3699	0.9000	0.8946
52
0233	0.1278	0.9750	0.3943	0.9020	0.1239s	0.3720	0.9010	0.8955
53
0234	0.1326	0.9750	0.3975	0.9000	0.1225s	0.3762	0.8990	0.8926
54
0235	0.1354	0.9833	0.3992	0.9020	0.1226s	0.3766	0.8960	0.8894
55
0236	0.1267	0.9917	0.4001	0.9020	0.1220s	0.3757	0.9000	0.8940
56
0237	0.1470	0.9917	0.4015	0.9040	0.1225s	0.3753	0.9020	0.8960
57
0238	0.1216	0.9500	0.4055	0.9040	0.1220s	0.3785	0.9010	0.8950
58
0239	0.1410	0.9750	0.4041	0.9040	0.1226s	0.3759	0.9030	0.8969
59
0240	0.1351	0.9583	0.3978	0.9020	0.1223s	0.3692	0.9020	0.8960
60
0241	0.1311	0.9917	0.3916	0.9020	0.1210s	0.3625	0.9020	0.8966
61
0242	0.1264	1.0000	0.3846	0.9040	0.1222s	0.3567	0.9010	0.8957
62
0243	0.1332	1.0000	0.3809	0.9060	0.1233s	0.3554	0.9040	0.8989
63
0244	0.1374	1.0000	0.3797	0.9060	0.1218s	0.3583	0.9040	0.8990
64
0245	0.1275	0.9500	0.3806	0.9040	0.1222s	0.3634	0.9020	0.8968
65
0246	0.1203	0.9833	0.3831	0.9020	0.1231s	0.3694	0.8940	0.8879
66
0247	0.1539	0.9917	0.3853	0.9040	0.1219s	0.3727	0.8970	0.8914
67
0248	0.1352	0.9917	0.3828	0.9060	0.1227s	0.3698	0.8980	0.8925
68
0249	0.1456	0.9583	0.3803	0.9060	0.1231s	0.3649	0.9000	0.8944
69
0250	0.1328	0.9750	0.3763	0.9080	0.1231s	0.3574	0.9010	0.8956
70
0251	0.1409	0.9667	0.3753	0.9040	0.1230s	0.3524	0.9050	0.8999
71
0252	0.1284	0.9667	0.3784	0.9100	0.1220s	0.3529	0.9050	0.8999
72
0253	0.1452	1.0000	0.3814	0.9060	0.1258s	0.3569	0.9040	0.8988
73
0254	0.1569	0.9750	0.3797	0.9080	0.1225s	0.3573	0.9070	0.9017
74
0255	0.1326	0.9750	0.3799	0.9040	0.1228s	0.3611	0.9030	0.8976
75
0256	0.1235	0.9833	0.3774	0.9020	0.1224s	0.3618	0.9050	0.8998
76
0257	0.1312	0.9750	0.3761	0.9020	0.1243s	0.3630	0.9020	0.8967
77
0258	0.1640	0.9833	0.3752	0.9020	0.1210s	0.3628	0.9030	0.8977
78
0259	0.1265	0.9750	0.3728	0.9080	0.1214s	0.3584	0.9060	0.9007
79
0260	0.1273	0.9750	0.3722	0.9060	0.1228s	0.3564	0.9090	0.9037
80
0261	0.1214	0.9917	0.3718	0.9100	0.1229s	0.3555	0.9060	0.9009
81
0262	0.1177	0.9750	0.3737	0.9060	0.1221s	0.3589	0.9010	0.8959
82
0263	0.1467	0.9750	0.3739	0.9080	0.1234s	0.3618	0.9020	0.8969
83
0264	0.1495	0.9500	0.3744	0.9020	0.1213s	0.3629	0.9030	0.8974
84
0265	0.1345	0.9750	0.3754	0.9000	0.1237s	0.3629	0.9050	0.8995
85
0266	0.1446	0.9667	0.3764	0.9020	0.1217s	0.3619	0.9060	0.9004
86
0267	0.1364	0.9833	0.3769	0.9040	0.1219s	0.3596	0.9070	0.9015
87
0268	0.1319	0.9833	0.3785	0.9080	0.1222s	0.3582	0.9060	0.9007
88
0269	0.1427	0.9917	0.3859	0.9020	0.1222s	0.3649	0.9070	0.9016
89
0270	0.1405	0.9750	0.3895	0.8980	0.1210s	0.3684	0.9040	0.8980
90
0271	0.1324	0.9917	0.3931	0.8980	0.1223s	0.3713	0.9060	0.9002
91
0272	0.1351	0.9667	0.3888	0.8960	0.1223s	0.3669	0.9070	0.9012
92
0273	0.1669	0.9833	0.3890	0.9000	0.1218s	0.3678	0.9060	0.9002
93
0274	0.1295	0.9667	0.3916	0.8980	0.1223s	0.3706	0.9050	0.8995
94
0275	0.1316	0.9833	0.3927	0.8980	0.1215s	0.3719	0.9040	0.8984
95
0276	0.1322	0.9833	0.3910	0.9000	0.1213s	0.3701	0.9030	0.8972
96
0277	0.1412	0.9833	0.3854	0.9020	0.1216s	0.3644	0.9070	0.9016
97
0278	0.1390	0.9583	0.3776	0.9060	0.1241s	0.3551	0.9100	0.9050
98
0279	0.1420	0.9667	0.3757	0.9080	0.1210s	0.3515	0.9110	0.9060
99
0280	0.1483	0.9750	0.3769	0.9060	0.1211s	0.3526	0.9110	0.9060
100
0281	0.1487	0.9917	0.3796	0.9060	0.1222s	0.3553	0.9110	0.9058
101
0282	0.1455	0.9667	0.3885	0.9020	0.1045s	0.3651	0.9080	0.9024
102
0283	0.1464	0.9417	0.3980	0.9020	0.1219s	0.3738	0.9040	0.8981
103
0284	0.1292	1.0000	0.4021	0.9000	0.1224s	0.3773	0.9010	0.8947
104
0285	0.1317	0.9833	0.4017	0.8980	0.1221s	0.3755	0.9020	0.8960
105
0286	0.1357	0.9500	0.3895	0.9020	0.1221s	0.3626	0.9060	0.9005
106
0287	0.1310	0.9667	0.3797	0.9080	0.1233s	0.3545	0.9050	0.8996
107
0288	0.1581	0.9917	0.3753	0.9080	0.1218s	0.3509	0.9110	0.9068
108
0289	0.1380	0.9750	0.3752	0.9080	0.1226s	0.3518	0.9080	0.9043
109
0290	0.1341	0.9667	0.3752	0.9060	0.1233s	0.3529	0.9060	0.9024
110
0291	0.1491	0.9583	0.3738	0.9060	0.1216s	0.3527	0.9070	0.9033
111
0292	0.1267	0.9833	0.3735	0.9120	0.1220s	0.3517	0.9060	0.9012
112
0293	0.1301	0.9833	0.3795	0.9060	0.1235s	0.3560	0.9060	0.9009
113
0294	0.1230	0.9917	0.3870	0.9040	0.1216s	0.3619	0.9060	0.9006
114
0295	0.1434	0.9667	0.3904	0.9040	0.1221s	0.3634	0.9040	0.8987
115
0296	0.1271	0.9833	0.3895	0.9040	0.1218s	0.3617	0.9040	0.8987
116
0297	0.1373	0.9917	0.3816	0.9060	0.1223s	0.3532	0.9050	0.9002
117
0298	0.1421	0.9750	0.3761	0.9100	0.1220s	0.3479	0.9040	0.8992
118
0299	0.1142	0.9833	0.3752	0.9100	0.1220s	0.3483	0.9110	0.9067
119
0300	0.1426	0.9750	0.3803	0.9060	0.1227s	0.3552	0.9110	0.9065
120
0301	0.1421	0.9917	0.3856	0.9020	0.1220s	0.3602	0.9050	0.8997
121
0302	0.1150	0.9917	0.3878	0.9060	0.1225s	0.3609	0.9030	0.8973
122
0303	0.1312	0.9917	0.3868	0.9080	0.1193s	0.3579	0.9020	0.8966
123
0304	0.1658	0.9833	0.3895	0.8980	0.1225s	0.3592	0.9060	0.9003
124
0305	0.1241	0.9917	0.3954	0.9000	0.1225s	0.3633	0.9040	0.8984
125
0306	0.1380	0.9833	0.3988	0.9020	0.1229s	0.3656	0.9000	0.8938
126
0307	0.1472	0.9417	0.3961	0.9040	0.1226s	0.3606	0.9020	0.8963
127
0308	0.1288	0.9917	0.3929	0.9060	0.1222s	0.3560	0.9030	0.8976
128
0309	0.1461	0.9667	0.3881	0.9020	0.1231s	0.3540	0.9050	0.9001
129
0310	0.1549	0.9667	0.3883	0.9020	0.1220s	0.3579	0.9030	0.8981
130
0311	0.1351	0.9917	0.3921	0.9040	0.1209s	0.3645	0.9040	0.8993
131
0312	0.1362	0.9833	0.3945	0.9040	0.1227s	0.3681	0.9030	0.8984
132
0313	0.1318	0.9833	0.3909	0.9020	0.1221s	0.3640	0.9030	0.8983
133
0314	0.1237	0.9750	0.3873	0.8980	0.1214s	0.3576	0.9040	0.8993
134
0315	0.1371	0.9583	0.3883	0.8980	0.1216s	0.3555	0.9060	0.9008
135
0316	0.1251	0.9917	0.3911	0.9040	0.1219s	0.3555	0.9050	0.8998
136
0317	0.1219	0.9917	0.3923	0.9060	0.1220s	0.3566	0.9070	0.9019
137
0318	0.1300	0.9667	0.3931	0.9060	0.1220s	0.3585	0.9040	0.8986
138
0319	0.1237	1.0000	0.3931	0.9040	0.1220s	0.3598	0.9060	0.9010
139
0320	0.1246	0.9750	0.3932	0.9020	0.1223s	0.3615	0.9040	0.8988
140
0321	0.1292	0.9583	0.3919	0.9020	0.1226s	0.3625	0.9060	0.9009
141
0322	0.1252	0.9750	0.3923	0.9000	0.1219s	0.3653	0.9080	0.9027
142
0323	0.1483	0.9667	0.3897	0.9000	0.1221s	0.3654	0.9100	0.9050
143
0324	0.1453	0.9833	0.3878	0.9020	0.1221s	0.3666	0.9110	0.9066
144
0325	0.1206	0.9750	0.3866	0.9020	0.1223s	0.3677	0.9050	0.9005
145
0326	0.1517	0.9750	0.3843	0.9020	0.1227s	0.3663	0.9070	0.9023
146
0327	0.1192	0.9833	0.3816	0.9040	0.1223s	0.3632	0.9070	0.9022
147
0328	0.1382	0.9833	0.3868	0.9000	0.1222s	0.3660	0.9070	0.9022
148
0329	0.1207	1.0000	0.3993	0.9020	0.1221s	0.3748	0.9040	0.8987
149
0330	0.1399	0.9750	0.4100	0.8980	0.1219s	0.3816	0.8990	0.8933
150
0331	0.1437	0.9667	0.4094	0.9040	0.1220s	0.3789	0.9010	0.8953
151
0332	0.1481	0.9833	0.3985	0.9020	0.1224s	0.3689	0.9090	0.9035
152
0333	0.1295	0.9917	0.3883	0.9020	0.1221s	0.3606	0.9090	0.9042
153
0334	0.1269	0.9750	0.3826	0.9000	0.1222s	0.3557	0.9090	0.9044
154
0335	0.1484	0.9833	0.3805	0.9020	0.1222s	0.3532	0.9070	0.9024
155
0336	0.1187	0.9833	0.3807	0.9020	0.1221s	0.3549	0.9050	0.9003
156
0337	0.1382	0.9917	0.3842	0.8940	0.1221s	0.3603	0.9050	0.9002
157
0338	0.1243	0.9833	0.3954	0.8920	0.1222s	0.3718	0.9070	0.9018
158
0339	0.1285	0.9917	0.4068	0.8940	0.1219s	0.3813	0.9030	0.8974
159
0340	0.1387	0.9917	0.4085	0.8960	0.1222s	0.3812	0.8990	0.8930
160
0341	0.1376	0.9833	0.4041	0.9000	0.1089s	0.3753	0.9040	0.8988
161
0342	0.1194	0.9833	0.3973	0.9020	0.1077s	0.3677	0.9080	0.9031
162
0343	0.1496	0.9583	0.3926	0.9020	0.1233s	0.3632	0.9080	0.9032
163
0344	0.1329	0.9667	0.3892	0.9000	0.1217s	0.3609	0.9090	0.9043
164
0345	0.1334	0.9750	0.3844	0.9020	0.1221s	0.3585	0.9100	0.9058
165
0346	0.1279	0.9833	0.3824	0.9040	0.1219s	0.3586	0.9110	0.9067
166
0347	0.1377	0.9917	0.3826	0.9040	0.1232s	0.3601	0.9050	0.9000
167
0348	0.1392	0.9750	0.3877	0.8980	0.1223s	0.3662	0.9030	0.8980
168
0349	0.1395	0.9750	0.3968	0.8920	0.1226s	0.3753	0.9010	0.8954
169
0350	0.1358	0.9833	0.4079	0.8920	0.1220s	0.3851	0.9020	0.8965
170
0351	0.1175	0.9750	0.4168	0.8980	0.1244s	0.3923	0.8960	0.8899
171
0352	0.1332	0.9833	0.4134	0.8940	0.1228s	0.3889	0.8940	0.8880
172
0353	0.1448	0.9917	0.4038	0.8980	0.1223s	0.3791	0.8970	0.8910
173
0354	0.1078	0.9750	0.3945	0.8980	0.1221s	0.3683	0.9010	0.8956
174
0355	0.1297	0.9917	0.3897	0.9020	0.1222s	0.3621	0.9020	0.8968
175
0356	0.1456	0.9750	0.3874	0.9040	0.1223s	0.3592	0.9020	0.8969
176
0357	0.1023	0.9917	0.3876	0.9000	0.1194s	0.3583	0.9040	0.8990
177
0358	0.1650	0.9750	0.3881	0.9060	0.1119s	0.3590	0.9050	0.9003
178
0359	0.1341	0.9750	0.3893	0.9040	0.1206s	0.3617	0.9040	0.8989
179
0360	0.1232	0.9833	0.3935	0.9020	0.1232s	0.3665	0.9070	0.9019
180
0361	0.1487	0.9667	0.3994	0.9000	0.1257s	0.3716	0.9050	0.8998
181
0362	0.1490	0.9833	0.4087	0.9020	0.1228s	0.3773	0.9030	0.8976
182
0363	0.1198	0.9833	0.4180	0.9000	0.1224s	0.3841	0.9010	0.8957
183
0364	0.1551	0.9750	0.4155	0.8980	0.1217s	0.3817	0.9000	0.8946
184
0365	0.1272	0.9833	0.4059	0.8960	0.1200s	0.3720	0.9020	0.8970
185
0366	0.1357	0.9750	0.3968	0.8960	0.1245s	0.3632	0.9090	0.9041
186
0367	0.1269	0.9917	0.3893	0.8980	0.1227s	0.3567	0.9100	0.9052
187
0368	0.1262	0.9833	0.3859	0.9020	0.1045s	0.3553	0.9070	0.9024
188
0369	0.1443	0.9667	0.3911	0.9000	0.1178s	0.3617	0.9030	0.8984
189
0370	0.1334	0.9833	0.3997	0.8960	0.1192s	0.3717	0.9010	0.8960
190
0371	0.1396	1.0000	0.4016	0.8940	0.1221s	0.3725	0.9030	0.8984
191
0372	0.1440	0.9750	0.3995	0.8940	0.1234s	0.3687	0.9050	0.9001
192
0373	0.1405	0.9917	0.3952	0.9000	0.1224s	0.3607	0.9020	0.8971
193
0374	0.1446	0.9583	0.3976	0.9000	0.1254s	0.3584	0.9030	0.8981
194
0375	0.1216	0.9833	0.4009	0.8960	0.1243s	0.3590	0.9040	0.8991
195
0376	0.1285	0.9750	0.4051	0.8960	0.1226s	0.3617	0.9030	0.8980
196
0377	0.1229	0.9583	0.4026	0.8980	0.1231s	0.3597	0.9020	0.8969
197
0378	0.1401	0.9500	0.3971	0.8980	0.1222s	0.3566	0.9060	0.9011
198
0379	0.1316	1.0000	0.3923	0.8960	0.1256s	0.3551	0.9080	0.9027
199
Early stop! Min loss:0.35806000232696533,  Max accuracy:0.916
Early stop model validation loss:0.35806000232696533,  accuracy:0.908
Optimization Finished!
Total time elapsed: 46.8223s
test max acc:0.9150
Loading 178th epoch
stru_node_to_hop attention:tensor([[0.2494, 0.2497, 0.2504, 0.2505],
        [0.2504, 0.2498, 0.2499, 0.2499],
        [0.2484, 0.2509, 0.2504, 0.2503],
        [0.2483, 0.2497, 0.2508, 0.2512],
        [0.2493, 0.2503, 0.2502, 0.2502],
        [0.2487, 0.2513, 0.2501, 0.2500],
        [0.2496, 0.2501, 0.2501, 0.2501],
        [0.2496, 0.2502, 0.2501, 0.2501],
        [0.2511, 0.2499, 0.2496, 0.2494],
        [0.2492, 0.2504, 0.2502, 0.2501],
        [0.2493, 0.2504, 0.2502, 0.2501],
        [0.2503, 0.2500, 0.2499, 0.2498],
        [0.2502, 0.2499, 0.2500, 0.2500],
        [0.2487, 0.2515, 0.2501, 0.2497],
        [0.2526, 0.2494, 0.2492, 0.2488],
        [0.2507, 0.2504, 0.2497, 0.2492],
        [0.2493, 0.2507, 0.2501, 0.2499],
        [0.2484, 0.2514, 0.2502, 0.2500],
        [0.2501, 0.2500, 0.2500, 0.2500],
        [0.2503, 0.2502, 0.2498, 0.2497],
        [0.2500, 0.2500, 0.2500, 0.2500],
        [0.2478, 0.2523, 0.2502, 0.2498],
        [0.2500, 0.2500, 0.2500, 0.2500],
        [0.2482, 0.2511, 0.2504, 0.2503],
        [0.2499, 0.2501, 0.2501, 0.2500],
        [0.2488, 0.2509, 0.2503, 0.2500],
        [0.2500, 0.2501, 0.2500, 0.2500],
        [0.2489, 0.2507, 0.2502, 0.2501],
        [0.2505, 0.2499, 0.2498, 0.2498],
        [0.2500, 0.2504, 0.2498, 0.2498],
        [0.2486, 0.2507, 0.2504, 0.2503],
        [0.2486, 0.2509, 0.2505, 0.2501],
        [0.2501, 0.2501, 0.2500, 0.2498],
        [0.2494, 0.2502, 0.2502, 0.2502],
        [0.2499, 0.2503, 0.2501, 0.2497],
        [0.2498, 0.2502, 0.2500, 0.2500],
        [0.2502, 0.2500, 0.2499, 0.2499],
        [0.2502, 0.2498, 0.2500, 0.2501],
        [0.2501, 0.2501, 0.2499, 0.2499],
        [0.2524, 0.2494, 0.2492, 0.2490],
        [0.2501, 0.2500, 0.2500, 0.2500],
        [0.2498, 0.2504, 0.2500, 0.2499],
        [0.2484, 0.2508, 0.2504, 0.2503],
        [0.2500, 0.2500, 0.2500, 0.2500],
        [0.2482, 0.2510, 0.2505, 0.2503],
        [0.1731, 0.1851, 0.2810, 0.3607],
        [0.2495, 0.2504, 0.2501, 0.2500],
        [0.2492, 0.2506, 0.2502, 0.2501],
        [0.2499, 0.2503, 0.2500, 0.2498],
        [0.2483, 0.2509, 0.2505, 0.2503],
        [0.2476, 0.2509, 0.2507, 0.2508],
        [0.2499, 0.2502, 0.2500, 0.2500],
        [0.2495, 0.2502, 0.2501, 0.2502],
        [0.2496, 0.2505, 0.2500, 0.2499],
        [0.2476, 0.2514, 0.2505, 0.2505],
        [0.2466, 0.2512, 0.2510, 0.2512],
        [0.2503, 0.2508, 0.2497, 0.2492],
        [0.2509, 0.2498, 0.2497, 0.2495],
        [0.2482, 0.2511, 0.2505, 0.2502],
        [0.2485, 0.2512, 0.2503, 0.2501],
        [0.2504, 0.2499, 0.2499, 0.2498],
        [0.2489, 0.2507, 0.2502, 0.2502],
        [0.2489, 0.2507, 0.2502, 0.2501],
        [0.2498, 0.2502, 0.2500, 0.2500],
        [0.2504, 0.2498, 0.2499, 0.2499],
        [0.2489, 0.2501, 0.2504, 0.2505],
        [0.2486, 0.2522, 0.2499, 0.2492],
        [0.2491, 0.2498, 0.2505, 0.2506],
        [0.2498, 0.2501, 0.2501, 0.2501],
        [0.2494, 0.2501, 0.2503, 0.2502],
        [0.2478, 0.2518, 0.2503, 0.2501],
        [0.2497, 0.2502, 0.2500, 0.2501],
        [0.2494, 0.2504, 0.2502, 0.2500],
        [0.2493, 0.2511, 0.2500, 0.2496],
        [0.2500, 0.2500, 0.2500, 0.2500],
        [0.2503, 0.2501, 0.2499, 0.2497],
        [0.2516, 0.2501, 0.2493, 0.2490],
        [0.2510, 0.2497, 0.2496, 0.2496],
        [0.2488, 0.2505, 0.2504, 0.2503],
        [0.2483, 0.2505, 0.2506, 0.2506],
        [0.2497, 0.2501, 0.2501, 0.2501],
        [0.2491, 0.2511, 0.2501, 0.2497],
        [0.2504, 0.2502, 0.2498, 0.2496],
        [0.2501, 0.2500, 0.2500, 0.2499],
        [0.2493, 0.2505, 0.2502, 0.2501],
        [0.2496, 0.2501, 0.2501, 0.2501],
        [0.2498, 0.2500, 0.2501, 0.2501],
        [0.2487, 0.2508, 0.2504, 0.2502],
        [0.2493, 0.2514, 0.2499, 0.2494],
        [0.2511, 0.2498, 0.2497, 0.2495],
        [0.2494, 0.2501, 0.2503, 0.2503],
        [0.2499, 0.2500, 0.2500, 0.2500],
        [0.2500, 0.2500, 0.2500, 0.2500],
        [0.2494, 0.2503, 0.2502, 0.2501],
        [0.2494, 0.2503, 0.2502, 0.2501],
        [0.2500, 0.2500, 0.2500, 0.2500],
        [0.2490, 0.2505, 0.2503, 0.2502],
        [0.2510, 0.2495, 0.2498, 0.2498],
        [0.2488, 0.2509, 0.2502, 0.2500],
        [0.2512, 0.2501, 0.2495, 0.2492]], device='cuda:1')
fea_node_to_hop attention:tensor([[0.3337, 0.3324, 0.3339],
        [0.3341, 0.3329, 0.3330],
        [0.3329, 0.3326, 0.3346],
        [0.3335, 0.3330, 0.3335],
        [0.3344, 0.3320, 0.3336],
        [0.3310, 0.3343, 0.3347],
        [0.3323, 0.3337, 0.3341],
        [0.3322, 0.3339, 0.3339],
        [0.3329, 0.3332, 0.3340],
        [0.3282, 0.3353, 0.3365],
        [0.3307, 0.3346, 0.3347],
        [0.3326, 0.3332, 0.3343],
        [0.3336, 0.3333, 0.3331],
        [0.3318, 0.3328, 0.3354],
        [0.3310, 0.3331, 0.3359],
        [0.3300, 0.3340, 0.3360],
        [0.3304, 0.3339, 0.3356],
        [0.3310, 0.3341, 0.3349],
        [0.3334, 0.3331, 0.3336],
        [0.3322, 0.3336, 0.3341],
        [0.3331, 0.3335, 0.3334],
        [0.3310, 0.3338, 0.3351],
        [0.3319, 0.3339, 0.3342],
        [0.3299, 0.3350, 0.3350],
        [0.3330, 0.3332, 0.3338],
        [0.3289, 0.3345, 0.3367],
        [0.3327, 0.3332, 0.3342],
        [0.3307, 0.3341, 0.3352],
        [0.3311, 0.3335, 0.3354],
        [0.3304, 0.3346, 0.3350],
        [0.3316, 0.3338, 0.3347],
        [0.3310, 0.3328, 0.3362],
        [0.3326, 0.3334, 0.3340],
        [0.3303, 0.3351, 0.3346],
        [0.3318, 0.3345, 0.3337],
        [0.3299, 0.3347, 0.3354],
        [0.3338, 0.3329, 0.3332],
        [0.3328, 0.3330, 0.3342],
        [0.3312, 0.3344, 0.3345],
        [0.3320, 0.3330, 0.3350],
        [0.3333, 0.3333, 0.3334],
        [0.3319, 0.3340, 0.3341],
        [0.3290, 0.3347, 0.3363],
        [0.3333, 0.3333, 0.3334],
        [0.3341, 0.3329, 0.3330],
        [0.3282, 0.3521, 0.3197],
        [0.3325, 0.3333, 0.3342],
        [0.3312, 0.3340, 0.3348],
        [0.3319, 0.3332, 0.3349],
        [0.3301, 0.3346, 0.3354],
        [0.3326, 0.3332, 0.3342],
        [0.3324, 0.3336, 0.3340],
        [0.3327, 0.3337, 0.3335],
        [0.3302, 0.3341, 0.3356],
        [0.3322, 0.3325, 0.3352],
        [0.3325, 0.3334, 0.3341],
        [0.3326, 0.3338, 0.3337],
        [0.3304, 0.3332, 0.3364],
        [0.3344, 0.3308, 0.3347],
        [0.3312, 0.3334, 0.3354],
        [0.3302, 0.3354, 0.3344],
        [0.3295, 0.3344, 0.3362],
        [0.3311, 0.3348, 0.3341],
        [0.3313, 0.3338, 0.3349],
        [0.3347, 0.3325, 0.3329],
        [0.3321, 0.3337, 0.3342],
        [0.3301, 0.3349, 0.3350],
        [0.3333, 0.3328, 0.3339],
        [0.3323, 0.3337, 0.3340],
        [0.3311, 0.3344, 0.3344],
        [0.3302, 0.3350, 0.3347],
        [0.3305, 0.3349, 0.3346],
        [0.3324, 0.3334, 0.3342],
        [0.3326, 0.3324, 0.3350],
        [0.3333, 0.3334, 0.3333],
        [0.3321, 0.3330, 0.3349],
        [0.3331, 0.3320, 0.3350],
        [0.3334, 0.3321, 0.3345],
        [0.3312, 0.3339, 0.3349],
        [0.3279, 0.3351, 0.3370],
        [0.3322, 0.3339, 0.3339],
        [0.3289, 0.3353, 0.3358],
        [0.3322, 0.3344, 0.3334],
        [0.3319, 0.3341, 0.3339],
        [0.3312, 0.3337, 0.3351],
        [0.3310, 0.3342, 0.3349],
        [0.3331, 0.3333, 0.3336],
        [0.3304, 0.3338, 0.3357],
        [0.3296, 0.3346, 0.3358],
        [0.3297, 0.3347, 0.3356],
        [0.3316, 0.3337, 0.3347],
        [0.3324, 0.3337, 0.3338],
        [0.3331, 0.3334, 0.3335],
        [0.3315, 0.3342, 0.3343],
        [0.3318, 0.3339, 0.3343],
        [0.3332, 0.3334, 0.3334],
        [0.3300, 0.3348, 0.3353],
        [0.3302, 0.3351, 0.3347],
        [0.3300, 0.3345, 0.3355],
        [0.3315, 0.3343, 0.3342]], device='cuda:1')
perception attention:tensor([0.5000, 0.5000], device='cuda:1')
Test set results: loss= 0.3422 accuracy= 0.9140 F1_score= 0.9098
