# epoch	loss_train	acc_train	loss_val	acc_val	time	acc_test	f1_test
0001	1.8010	0.1833	1.6933	0.5040	0.1052s	1.6789	0.5050	0.4146
0
0002	1.6765	0.4667	1.5419	0.4740	0.1198s	1.5113	0.5070	0.3996
0
0003	1.5370	0.4917	1.3691	0.5940	0.1223s	1.3379	0.6250	0.5434
0
0004	1.3351	0.6417	1.1666	0.7640	0.1205s	1.1445	0.7880	0.7681
0
0005	1.1581	0.7500	0.9856	0.8700	0.1221s	0.9704	0.8710	0.8619
0
0006	0.9711	0.8000	0.8417	0.8760	0.1227s	0.8290	0.8660	0.8606
0
0007	0.8281	0.8833	0.7172	0.8740	0.1227s	0.7038	0.8670	0.8602
0
0008	0.7168	0.8583	0.6183	0.8840	0.1227s	0.6029	0.8800	0.8723
0
0009	0.5632	0.9167	0.5445	0.8980	0.1224s	0.5265	0.8840	0.8768
0
0010	0.5158	0.8917	0.4888	0.8920	0.1176s	0.4711	0.8920	0.8861
0
0011	0.4522	0.9417	0.4497	0.8980	0.1046s	0.4300	0.8930	0.8870
0
0012	0.4041	0.9000	0.4236	0.8980	0.1197s	0.4020	0.8950	0.8890
0
0013	0.3549	0.9333	0.4017	0.8960	0.1128s	0.3768	0.9010	0.8953
0
0014	0.3392	0.9500	0.3901	0.8940	0.1155s	0.3617	0.9040	0.8981
0
0015	0.3036	0.9667	0.3865	0.8940	0.1223s	0.3556	0.9020	0.8957
0
0016	0.2791	0.9750	0.3871	0.8940	0.1177s	0.3548	0.8970	0.8909
0
0017	0.2542	0.9833	0.3825	0.8980	0.1226s	0.3494	0.8980	0.8914
1
0018	0.2650	0.9583	0.3823	0.8960	0.1199s	0.3470	0.8910	0.8838
0
0019	0.2354	0.9750	0.3813	0.9000	0.1205s	0.3436	0.8970	0.8906
0
0020	0.2132	0.9333	0.3788	0.9040	0.1178s	0.3395	0.8970	0.8905
0
0021	0.2033	0.9500	0.3803	0.8920	0.1209s	0.3400	0.9020	0.8955
0
0022	0.2102	0.9667	0.3897	0.8820	0.1227s	0.3486	0.9000	0.8924
1
0023	0.2116	0.9500	0.3928	0.8860	0.1175s	0.3512	0.9020	0.8944
2
0024	0.1872	0.9583	0.3888	0.8900	0.1242s	0.3461	0.8990	0.8914
3
0025	0.1875	0.9500	0.3837	0.8980	0.1202s	0.3389	0.9020	0.8958
4
0026	0.1715	0.9917	0.3861	0.8960	0.1154s	0.3397	0.8960	0.8894
5
0027	0.1747	0.9750	0.3913	0.8960	0.1198s	0.3448	0.8980	0.8914
6
0028	0.1881	0.9667	0.3953	0.8960	0.1224s	0.3497	0.8960	0.8891
7
0029	0.1598	0.9833	0.3964	0.8920	0.1221s	0.3523	0.8940	0.8868
8
0030	0.1629	0.9750	0.3955	0.8920	0.1176s	0.3532	0.8940	0.8874
9
0031	0.1639	0.9667	0.3959	0.8880	0.1198s	0.3552	0.9000	0.8938
10
0032	0.1484	0.9750	0.4002	0.8820	0.1241s	0.3603	0.8950	0.8884
11
0033	0.1747	0.9750	0.4031	0.8820	0.1181s	0.3630	0.8920	0.8853
12
0034	0.1665	0.9750	0.4017	0.8840	0.1220s	0.3623	0.8940	0.8874
13
0035	0.1907	0.9333	0.4044	0.8860	0.1198s	0.3663	0.8970	0.8902
14
0036	0.1473	0.9917	0.4089	0.8880	0.1198s	0.3715	0.8970	0.8906
15
0037	0.1551	0.9750	0.4116	0.8920	0.1225s	0.3749	0.8960	0.8900
16
0038	0.1882	0.9500	0.4105	0.8960	0.1215s	0.3734	0.8910	0.8844
17
0039	0.1671	0.9833	0.4058	0.8920	0.1238s	0.3683	0.8950	0.8889
18
0040	0.1873	0.9917	0.4012	0.8940	0.1240s	0.3629	0.8950	0.8887
19
0041	0.1544	1.0000	0.3987	0.8920	0.1236s	0.3599	0.8980	0.8916
20
0042	0.1501	0.9750	0.3936	0.8900	0.1219s	0.3550	0.8970	0.8908
21
0043	0.1553	0.9750	0.3901	0.8880	0.1223s	0.3526	0.8970	0.8909
22
0044	0.1780	0.9750	0.3864	0.8940	0.1208s	0.3509	0.8990	0.8934
23
0045	0.1860	0.9833	0.3877	0.8920	0.1197s	0.3538	0.8990	0.8936
24
0046	0.1701	0.9833	0.3901	0.8920	0.1080s	0.3561	0.8990	0.8934
25
0047	0.1903	0.9417	0.3944	0.8880	0.1220s	0.3618	0.8950	0.8890
26
0048	0.1464	0.9667	0.3986	0.8900	0.1207s	0.3668	0.8940	0.8877
27
0049	0.1664	0.9833	0.3999	0.8920	0.1228s	0.3692	0.8920	0.8854
28
0050	0.1575	0.9833	0.3980	0.8900	0.1204s	0.3686	0.8920	0.8851
29
0051	0.1660	0.9417	0.3952	0.8860	0.1087s	0.3671	0.8910	0.8842
30
0052	0.1794	0.9917	0.3859	0.8900	0.1178s	0.3561	0.8970	0.8914
31
0053	0.1627	0.9833	0.3770	0.9000	0.1221s	0.3442	0.8990	0.8935
32
0054	0.1513	0.9833	0.3752	0.9000	0.1170s	0.3387	0.8990	0.8934
0
0055	0.1446	0.9750	0.3764	0.8960	0.1178s	0.3378	0.8980	0.8922
0
0056	0.1580	0.9667	0.3795	0.9000	0.1215s	0.3429	0.8990	0.8927
1
0057	0.1730	0.9833	0.3875	0.8920	0.1143s	0.3525	0.8970	0.8904
2
0058	0.1953	0.9583	0.3927	0.8880	0.1237s	0.3605	0.8960	0.8891
3
0059	0.1630	0.9750	0.3959	0.8860	0.1218s	0.3655	0.8970	0.8900
4
0060	0.1412	0.9750	0.3942	0.8840	0.1222s	0.3647	0.8970	0.8903
5
0061	0.1390	0.9917	0.3902	0.8840	0.1222s	0.3610	0.8990	0.8926
6
0062	0.1659	0.9833	0.3810	0.8880	0.1219s	0.3515	0.9020	0.8964
7
0063	0.1800	0.9833	0.3742	0.9000	0.1219s	0.3429	0.9000	0.8941
8
0064	0.1698	0.9667	0.3725	0.8980	0.1221s	0.3406	0.9010	0.8952
0
0065	0.1708	0.9667	0.3710	0.8980	0.1217s	0.3402	0.9020	0.8964
0
0066	0.1522	0.9583	0.3716	0.8980	0.1216s	0.3410	0.9020	0.8964
0
0067	0.1675	0.9667	0.3762	0.9000	0.1221s	0.3453	0.9000	0.8941
1
0068	0.1350	0.9750	0.3826	0.8960	0.1217s	0.3525	0.8960	0.8892
2
0069	0.1630	0.9750	0.3871	0.8940	0.1226s	0.3587	0.8940	0.8875
3
0070	0.1461	1.0000	0.3875	0.8940	0.1226s	0.3598	0.8940	0.8879
4
0071	0.1640	0.9667	0.3857	0.8920	0.1226s	0.3582	0.8950	0.8891
5
0072	0.1541	0.9667	0.3797	0.9000	0.1222s	0.3508	0.8960	0.8898
6
0073	0.1546	0.9667	0.3735	0.9020	0.1219s	0.3428	0.9010	0.8949
7
0074	0.1552	0.9750	0.3682	0.9060	0.1218s	0.3361	0.9030	0.8969
8
0075	0.1482	0.9583	0.3645	0.9100	0.1218s	0.3312	0.9010	0.8950
0
0076	0.1534	0.9917	0.3627	0.9080	0.1225s	0.3295	0.9030	0.8971
0
0077	0.1492	0.9750	0.3620	0.9080	0.1226s	0.3306	0.9070	0.9014
0
0078	0.1439	0.9917	0.3644	0.9080	0.1218s	0.3361	0.9030	0.8978
0
0079	0.1366	0.9750	0.3719	0.9020	0.1221s	0.3458	0.9030	0.8976
1
0080	0.1604	0.9750	0.3828	0.8960	0.1221s	0.3571	0.9010	0.8950
2
0081	0.1477	0.9750	0.3904	0.8940	0.1221s	0.3627	0.8990	0.8930
3
0082	0.1338	0.9750	0.3882	0.8960	0.1208s	0.3570	0.8980	0.8920
4
0083	0.1512	0.9667	0.3856	0.8940	0.1216s	0.3532	0.8990	0.8932
5
0084	0.1422	0.9667	0.3777	0.8960	0.1219s	0.3441	0.9010	0.8954
6
0085	0.1344	1.0000	0.3716	0.9060	0.1223s	0.3371	0.9060	0.9009
7
0086	0.1328	0.9750	0.3691	0.9040	0.1215s	0.3332	0.9080	0.9034
8
0087	0.1467	0.9583	0.3702	0.9060	0.1223s	0.3347	0.9060	0.9010
9
0088	0.1458	0.9667	0.3722	0.9080	0.1221s	0.3370	0.9060	0.9009
10
0089	0.1387	0.9750	0.3774	0.9060	0.1224s	0.3425	0.9060	0.9006
11
0090	0.1477	0.9917	0.3820	0.8960	0.1221s	0.3495	0.9010	0.8951
12
0091	0.1454	0.9750	0.3870	0.8920	0.1231s	0.3569	0.9000	0.8937
13
0092	0.1666	0.9833	0.3845	0.8900	0.1219s	0.3558	0.9030	0.8970
14
0093	0.1259	0.9833	0.3784	0.9000	0.1218s	0.3498	0.9090	0.9040
15
0094	0.1383	0.9750	0.3718	0.9100	0.1227s	0.3427	0.9060	0.9006
16
0095	0.1340	0.9667	0.3702	0.9100	0.1219s	0.3397	0.9040	0.8983
0
0096	0.1534	0.9833	0.3719	0.9060	0.1246s	0.3387	0.9050	0.9000
0
0097	0.1483	0.9833	0.3768	0.9080	0.1219s	0.3424	0.9050	0.8995
1
0098	0.1480	0.9917	0.3836	0.9040	0.1217s	0.3504	0.9050	0.8994
2
0099	0.1522	0.9833	0.3960	0.8960	0.1230s	0.3622	0.9060	0.9004
3
0100	0.1445	0.9750	0.4031	0.8860	0.1220s	0.3687	0.8990	0.8923
4
0101	0.1560	0.9583	0.3966	0.8940	0.1221s	0.3639	0.8990	0.8922
5
0102	0.1367	0.9833	0.3892	0.8940	0.1219s	0.3570	0.9000	0.8933
6
0103	0.1346	0.9750	0.3796	0.9000	0.1219s	0.3482	0.9090	0.9033
7
0104	0.1422	0.9667	0.3699	0.9040	0.1214s	0.3386	0.9130	0.9078
8
0105	0.1392	0.9833	0.3633	0.9080	0.1221s	0.3308	0.9110	0.9058
9
0106	0.1464	0.9833	0.3609	0.9060	0.1228s	0.3260	0.9140	0.9094
10
0107	0.1577	0.9833	0.3629	0.9100	0.1222s	0.3276	0.9100	0.9049
0
0108	0.1561	0.9833	0.3707	0.9100	0.1051s	0.3371	0.9080	0.9027
0
0109	0.1295	0.9917	0.3851	0.9020	0.1202s	0.3519	0.9060	0.9006
0
0110	0.1278	0.9833	0.3920	0.9000	0.1220s	0.3594	0.9020	0.8963
1
0111	0.1368	0.9917	0.3918	0.8940	0.1053s	0.3600	0.9020	0.8964
2
0112	0.1584	0.9750	0.3922	0.8960	0.1223s	0.3600	0.9000	0.8940
3
0113	0.1388	0.9833	0.3800	0.9020	0.1219s	0.3490	0.9060	0.9006
4
0114	0.1637	0.9833	0.3679	0.9120	0.1225s	0.3381	0.9100	0.9049
5
0115	0.1528	0.9833	0.3634	0.9080	0.1223s	0.3322	0.9100	0.9054
0
0116	0.1344	0.9833	0.3641	0.9060	0.1219s	0.3300	0.9120	0.9073
1
0117	0.1319	1.0000	0.3645	0.9040	0.1217s	0.3283	0.9120	0.9075
2
0118	0.1645	0.9583	0.3666	0.9040	0.1217s	0.3291	0.9170	0.9127
3
0119	0.1466	0.9583	0.3740	0.9080	0.1218s	0.3360	0.9100	0.9048
4
0120	0.1388	0.9750	0.3857	0.8940	0.1217s	0.3474	0.9050	0.8993
5
0121	0.1573	0.9583	0.3963	0.8960	0.1223s	0.3585	0.8980	0.8916
6
0122	0.1405	0.9833	0.3994	0.8960	0.1217s	0.3622	0.8970	0.8908
7
0123	0.1444	0.9750	0.3900	0.9040	0.1223s	0.3540	0.9020	0.8967
8
0124	0.1273	1.0000	0.3786	0.9100	0.1226s	0.3447	0.9040	0.8990
9
0125	0.1299	0.9917	0.3697	0.9060	0.1224s	0.3371	0.9110	0.9069
10
0126	0.1571	0.9667	0.3677	0.9040	0.1221s	0.3363	0.9090	0.9046
11
0127	0.1507	1.0000	0.3664	0.9060	0.1055s	0.3342	0.9100	0.9059
12
0128	0.1712	0.9583	0.3693	0.9120	0.1191s	0.3338	0.9100	0.9049
13
0129	0.1156	1.0000	0.3771	0.9080	0.1221s	0.3380	0.9110	0.9056
0
0130	0.1356	0.9667	0.3916	0.9020	0.1226s	0.3478	0.9060	0.9005
1
0131	0.1428	0.9833	0.4038	0.8960	0.1223s	0.3555	0.8990	0.8926
2
0132	0.1399	0.9833	0.4070	0.8960	0.1246s	0.3582	0.8970	0.8906
3
0133	0.1211	0.9917	0.4028	0.8980	0.1224s	0.3553	0.9000	0.8938
4
0134	0.1571	0.9917	0.3904	0.9000	0.1216s	0.3449	0.9030	0.8972
5
0135	0.1259	0.9917	0.3836	0.9060	0.1218s	0.3384	0.9070	0.9016
6
0136	0.1393	0.9833	0.3776	0.9000	0.1222s	0.3336	0.9110	0.9061
7
0137	0.1342	0.9750	0.3763	0.9020	0.1231s	0.3338	0.9090	0.9042
8
0138	0.1315	0.9917	0.3803	0.9020	0.1213s	0.3379	0.9080	0.9029
9
0139	0.1400	0.9500	0.3897	0.9000	0.1248s	0.3434	0.9020	0.8963
10
0140	0.1445	0.9833	0.4057	0.8960	0.1225s	0.3541	0.8960	0.8899
11
0141	0.1439	0.9917	0.4142	0.8940	0.1221s	0.3617	0.8930	0.8867
12
0142	0.1216	0.9750	0.4181	0.8940	0.1222s	0.3667	0.8950	0.8880
13
0143	0.1293	0.9750	0.4085	0.8920	0.1216s	0.3617	0.8970	0.8902
14
0144	0.1600	0.9833	0.3915	0.9020	0.1217s	0.3499	0.9040	0.8979
15
0145	0.1631	0.9750	0.3763	0.9040	0.1204s	0.3372	0.9110	0.9059
16
0146	0.1464	1.0000	0.3684	0.9000	0.1221s	0.3287	0.9080	0.9031
17
0147	0.1569	0.9917	0.3658	0.9080	0.1220s	0.3255	0.9110	0.9068
18
0148	0.1394	0.9667	0.3662	0.9080	0.1218s	0.3261	0.9120	0.9078
19
0149	0.1480	0.9750	0.3697	0.9080	0.1217s	0.3328	0.9070	0.9021
20
0150	0.1479	0.9750	0.3809	0.9040	0.1220s	0.3472	0.9050	0.8996
21
0151	0.1478	0.9917	0.3938	0.8940	0.1233s	0.3612	0.9030	0.8972
22
0152	0.1316	0.9917	0.4033	0.8880	0.1217s	0.3712	0.8960	0.8890
23
0153	0.1511	0.9917	0.4019	0.8940	0.1221s	0.3673	0.8950	0.8882
24
0154	0.1273	0.9833	0.3979	0.8980	0.1224s	0.3588	0.8990	0.8926
25
0155	0.1150	0.9917	0.3923	0.9040	0.1222s	0.3497	0.8980	0.8919
26
0156	0.1337	0.9917	0.3859	0.9080	0.1220s	0.3406	0.8990	0.8930
27
0157	0.1348	0.9750	0.3797	0.9100	0.1224s	0.3340	0.9070	0.9015
28
0158	0.1372	0.9750	0.3780	0.9100	0.1224s	0.3326	0.9070	0.9017
29
0159	0.1414	0.9833	0.3764	0.9100	0.1219s	0.3337	0.9080	0.9025
30
0160	0.1391	0.9667	0.3751	0.9100	0.1236s	0.3343	0.9090	0.9034
31
0161	0.1455	0.9833	0.3748	0.9100	0.1224s	0.3352	0.9080	0.9027
32
0162	0.1239	1.0000	0.3808	0.9060	0.1219s	0.3428	0.9040	0.8983
33
0163	0.1499	1.0000	0.3835	0.9040	0.1250s	0.3458	0.9030	0.8973
34
0164	0.1720	0.9667	0.3884	0.9000	0.1216s	0.3506	0.8990	0.8928
35
0165	0.1360	0.9750	0.3882	0.9000	0.1233s	0.3491	0.9000	0.8940
36
0166	0.1174	1.0000	0.3872	0.9000	0.1224s	0.3477	0.9020	0.8962
37
0167	0.1345	0.9750	0.3835	0.9020	0.1215s	0.3434	0.9030	0.8974
38
0168	0.1223	0.9833	0.3840	0.9040	0.1215s	0.3437	0.9020	0.8960
39
0169	0.1372	0.9583	0.3900	0.9020	0.1216s	0.3502	0.9010	0.8949
40
0170	0.1347	1.0000	0.3933	0.9020	0.1233s	0.3553	0.8980	0.8914
41
0171	0.1394	0.9833	0.3972	0.8960	0.1220s	0.3613	0.8990	0.8926
42
0172	0.1270	0.9833	0.3984	0.8940	0.1224s	0.3643	0.8990	0.8927
43
0173	0.1286	0.9667	0.3955	0.8940	0.1220s	0.3632	0.8990	0.8926
44
0174	0.1229	0.9833	0.3889	0.8960	0.1221s	0.3588	0.9000	0.8938
45
0175	0.1363	0.9750	0.3852	0.8940	0.1223s	0.3553	0.9020	0.8964
46
0176	0.1332	1.0000	0.3834	0.8940	0.1222s	0.3539	0.9030	0.8976
47
0177	0.1387	0.9667	0.3806	0.9020	0.1221s	0.3524	0.9050	0.8994
48
0178	0.1416	0.9833	0.3805	0.9060	0.1220s	0.3543	0.9060	0.9003
49
0179	0.1328	0.9917	0.3840	0.9040	0.1218s	0.3607	0.9040	0.8982
50
0180	0.1372	0.9750	0.3896	0.9020	0.1252s	0.3679	0.9020	0.8959
51
0181	0.1370	0.9750	0.3921	0.9000	0.1218s	0.3712	0.9000	0.8938
52
0182	0.1494	0.9833	0.3862	0.9040	0.1071s	0.3668	0.9000	0.8938
53
0183	0.1247	0.9917	0.3782	0.9040	0.1194s	0.3593	0.9060	0.9001
54
0184	0.1287	0.9917	0.3751	0.9040	0.1230s	0.3550	0.9060	0.9005
55
0185	0.1343	0.9917	0.3750	0.9060	0.1214s	0.3536	0.9020	0.8966
56
0186	0.1263	1.0000	0.3769	0.9060	0.1223s	0.3541	0.9010	0.8955
57
0187	0.1433	0.9833	0.3785	0.9060	0.1221s	0.3536	0.9030	0.8977
58
0188	0.1309	0.9833	0.3762	0.9040	0.1239s	0.3512	0.9050	0.8998
59
0189	0.1265	0.9667	0.3743	0.9080	0.1222s	0.3498	0.9080	0.9026
60
0190	0.1307	0.9833	0.3730	0.9060	0.1217s	0.3505	0.9060	0.9003
61
0191	0.1640	0.9833	0.3729	0.9060	0.1240s	0.3539	0.9060	0.9008
62
0192	0.1147	0.9917	0.3736	0.9060	0.1222s	0.3572	0.9030	0.8982
63
0193	0.1385	1.0000	0.3739	0.9040	0.1222s	0.3579	0.9060	0.9008
64
0194	0.1536	0.9750	0.3753	0.9080	0.1218s	0.3577	0.9070	0.9019
65
0195	0.1386	0.9667	0.3784	0.9060	0.1219s	0.3576	0.9070	0.9020
66
0196	0.1461	0.9667	0.3809	0.9060	0.1218s	0.3566	0.9070	0.9021
67
0197	0.1494	0.9750	0.3830	0.9080	0.1221s	0.3594	0.9110	0.9065
68
0198	0.1225	0.9917	0.3847	0.9080	0.1043s	0.3614	0.9100	0.9054
69
0199	0.1283	0.9833	0.3827	0.9060	0.1203s	0.3612	0.9110	0.9061
70
0200	0.1453	0.9917	0.3851	0.9000	0.1219s	0.3659	0.9080	0.9027
71
0201	0.1481	0.9833	0.3908	0.8960	0.1219s	0.3725	0.9020	0.8960
72
0202	0.1340	0.9833	0.3928	0.8960	0.1220s	0.3754	0.9020	0.8960
73
0203	0.1259	0.9833	0.3913	0.8940	0.1221s	0.3749	0.9010	0.8951
74
0204	0.1278	0.9833	0.3844	0.9000	0.1221s	0.3689	0.9040	0.8982
75
0205	0.1412	0.9667	0.3774	0.9040	0.1223s	0.3613	0.9050	0.8993
76
0206	0.1372	0.9667	0.3723	0.9040	0.1224s	0.3542	0.9060	0.9004
77
0207	0.1363	0.9583	0.3731	0.9040	0.1218s	0.3521	0.9050	0.8993
78
0208	0.1470	0.9750	0.3747	0.9020	0.1224s	0.3518	0.9040	0.8982
79
0209	0.1308	0.9917	0.3772	0.9020	0.1221s	0.3542	0.9050	0.8993
80
0210	0.1426	0.9667	0.3800	0.9000	0.1219s	0.3582	0.9040	0.8979
81
0211	0.1407	0.9750	0.3846	0.9020	0.1215s	0.3637	0.9040	0.8980
82
0212	0.1371	0.9833	0.3845	0.8980	0.1220s	0.3657	0.9050	0.8991
83
0213	0.1323	0.9917	0.3798	0.8960	0.1222s	0.3597	0.9060	0.9005
84
0214	0.1316	0.9833	0.3746	0.8960	0.1234s	0.3521	0.9090	0.9039
85
0215	0.1264	1.0000	0.3701	0.8980	0.1046s	0.3452	0.9070	0.9016
86
0216	0.1402	0.9750	0.3698	0.9020	0.1191s	0.3436	0.9070	0.9015
87
0217	0.1235	0.9750	0.3684	0.9020	0.1216s	0.3413	0.9090	0.9037
88
0218	0.1283	0.9833	0.3665	0.9040	0.1220s	0.3404	0.9100	0.9047
89
0219	0.1442	0.9833	0.3716	0.9000	0.1226s	0.3483	0.9110	0.9062
90
0220	0.1379	0.9750	0.3830	0.8960	0.1222s	0.3628	0.9070	0.9013
91
0221	0.1157	1.0000	0.3949	0.8900	0.1217s	0.3759	0.9010	0.8940
92
0222	0.1202	0.9750	0.4003	0.8880	0.1259s	0.3813	0.9000	0.8929
93
0223	0.1533	0.9833	0.3934	0.8900	0.1220s	0.3742	0.9060	0.8998
94
0224	0.1392	0.9833	0.3839	0.8920	0.1223s	0.3645	0.9090	0.9029
95
0225	0.1317	0.9750	0.3750	0.9020	0.1224s	0.3549	0.9120	0.9067
96
0226	0.1219	0.9667	0.3704	0.9000	0.1222s	0.3510	0.9100	0.9042
97
0227	0.1243	1.0000	0.3686	0.9000	0.1223s	0.3490	0.9090	0.9039
98
0228	0.1221	0.9917	0.3692	0.9020	0.1224s	0.3513	0.9100	0.9050
99
0229	0.1312	0.9833	0.3713	0.9040	0.1219s	0.3574	0.9080	0.9025
100
0230	0.1591	0.9667	0.3735	0.9000	0.1218s	0.3655	0.9100	0.9044
101
0231	0.1216	0.9750	0.3795	0.8900	0.1218s	0.3742	0.9070	0.9014
102
0232	0.1284	0.9917	0.3899	0.8900	0.1222s	0.3865	0.9030	0.8969
103
0233	0.1388	0.9750	0.3922	0.8880	0.1217s	0.3881	0.9030	0.8967
104
0234	0.1320	0.9750	0.3853	0.8860	0.1220s	0.3803	0.9040	0.8979
105
0235	0.1211	0.9917	0.3762	0.9000	0.1214s	0.3692	0.9070	0.9014
106
0236	0.1238	0.9833	0.3747	0.9060	0.1223s	0.3642	0.9060	0.9001
107
0237	0.1268	0.9750	0.3800	0.9000	0.1229s	0.3661	0.9050	0.8990
108
0238	0.1416	0.9917	0.3815	0.9000	0.1223s	0.3676	0.9060	0.9002
109
0239	0.1336	0.9833	0.3801	0.8980	0.1221s	0.3668	0.9060	0.9002
110
0240	0.1093	0.9917	0.3757	0.9040	0.1224s	0.3637	0.9050	0.8993
111
0241	0.1259	0.9917	0.3742	0.9060	0.1231s	0.3638	0.9040	0.8981
112
0242	0.1164	0.9917	0.3729	0.9000	0.1218s	0.3641	0.9060	0.9002
113
0243	0.1526	0.9667	0.3705	0.9040	0.1210s	0.3619	0.9080	0.9025
114
0244	0.1449	0.9583	0.3717	0.9040	0.1231s	0.3628	0.9090	0.9036
115
0245	0.1386	0.9667	0.3753	0.9000	0.1220s	0.3670	0.9100	0.9048
116
0246	0.1387	0.9667	0.3785	0.8980	0.1223s	0.3705	0.9100	0.9045
117
0247	0.1201	1.0000	0.3802	0.8980	0.1221s	0.3723	0.9070	0.9010
118
0248	0.1404	0.9750	0.3838	0.8960	0.1220s	0.3756	0.9080	0.9019
119
0249	0.1178	0.9667	0.3821	0.8980	0.1218s	0.3739	0.9080	0.9017
120
0250	0.1191	1.0000	0.3792	0.9000	0.1222s	0.3707	0.9070	0.9006
121
0251	0.1179	0.9750	0.3742	0.9020	0.1218s	0.3655	0.9040	0.8975
122
0252	0.1320	0.9750	0.3688	0.9100	0.1220s	0.3594	0.9060	0.9002
123
0253	0.1571	0.9750	0.3659	0.9080	0.1226s	0.3575	0.9080	0.9026
124
0254	0.1398	0.9750	0.3662	0.9080	0.1220s	0.3588	0.9060	0.9002
125
0255	0.1156	0.9833	0.3741	0.9000	0.1222s	0.3695	0.9030	0.8970
126
0256	0.1334	0.9917	0.3898	0.8940	0.1220s	0.3869	0.8950	0.8887
127
0257	0.1607	0.9917	0.3938	0.8920	0.1224s	0.3888	0.8960	0.8897
128
0258	0.1366	0.9750	0.3884	0.8980	0.1222s	0.3814	0.8990	0.8926
129
0259	0.1649	0.9750	0.3818	0.8940	0.1238s	0.3713	0.9050	0.8986
130
0260	0.1289	0.9917	0.3759	0.9000	0.1215s	0.3619	0.9070	0.9009
131
0261	0.1550	0.9750	0.3735	0.9020	0.1221s	0.3556	0.9090	0.9041
132
0262	0.1319	1.0000	0.3701	0.9080	0.1217s	0.3497	0.9120	0.9075
133
0263	0.1390	0.9917	0.3650	0.9040	0.1218s	0.3432	0.9100	0.9055
134
0264	0.1279	0.9417	0.3632	0.9060	0.1222s	0.3423	0.9130	0.9081
135
0265	0.1269	0.9917	0.3641	0.9040	0.1219s	0.3443	0.9060	0.9003
136
0266	0.1282	0.9833	0.3679	0.9040	0.1239s	0.3500	0.9030	0.8971
137
0267	0.1288	0.9833	0.3755	0.9020	0.1220s	0.3603	0.9020	0.8962
138
0268	0.1375	0.9750	0.3819	0.8940	0.1221s	0.3685	0.9010	0.8952
139
0269	0.1241	1.0000	0.3862	0.8920	0.1213s	0.3732	0.9020	0.8965
140
0270	0.1308	0.9833	0.3830	0.8920	0.1219s	0.3705	0.9010	0.8954
141
0271	0.1154	0.9917	0.3760	0.8940	0.1219s	0.3640	0.9030	0.8976
142
0272	0.1398	0.9917	0.3682	0.8940	0.1218s	0.3556	0.9060	0.9008
143
0273	0.1360	0.9833	0.3611	0.8960	0.1222s	0.3466	0.9060	0.9010
144
0274	0.1459	0.9750	0.3580	0.9020	0.1230s	0.3422	0.9070	0.9022
145
0275	0.1264	0.9750	0.3569	0.9060	0.1218s	0.3405	0.9100	0.9058
0
0276	0.1165	0.9917	0.3568	0.9040	0.1216s	0.3426	0.9060	0.9012
0
0277	0.1580	0.9583	0.3601	0.8980	0.1249s	0.3508	0.9060	0.9013
0
0278	0.1244	0.9833	0.3714	0.8960	0.1222s	0.3649	0.8990	0.8937
1
0279	0.1148	0.9917	0.3846	0.8880	0.1220s	0.3769	0.8980	0.8924
2
0280	0.1410	0.9833	0.3935	0.8880	0.1218s	0.3834	0.8940	0.8875
3
0281	0.1405	0.9750	0.3845	0.8980	0.1217s	0.3710	0.9010	0.8956
4
0282	0.1175	0.9833	0.3729	0.8980	0.1218s	0.3567	0.9000	0.8938
5
0283	0.1263	0.9833	0.3674	0.9020	0.1212s	0.3461	0.9000	0.8941
6
0284	0.1330	1.0000	0.3681	0.9000	0.1220s	0.3438	0.9010	0.8950
7
0285	0.1273	0.9917	0.3657	0.9020	0.1247s	0.3413	0.9000	0.8942
8
0286	0.1184	1.0000	0.3615	0.9040	0.1214s	0.3380	0.9020	0.8963
9
0287	0.1247	0.9917	0.3613	0.9040	0.1219s	0.3389	0.9030	0.8977
10
0288	0.1381	0.9667	0.3642	0.9060	0.1219s	0.3423	0.9010	0.8956
11
0289	0.1351	0.9750	0.3730	0.9060	0.1218s	0.3520	0.9030	0.8973
12
0290	0.1217	1.0000	0.3852	0.8940	0.1214s	0.3627	0.9040	0.8983
13
0291	0.1343	0.9917	0.3991	0.8940	0.1221s	0.3746	0.8990	0.8924
14
0292	0.1371	0.9667	0.3995	0.8920	0.1217s	0.3724	0.8990	0.8926
15
0293	0.1381	0.9917	0.3914	0.8940	0.1221s	0.3615	0.9030	0.8969
16
0294	0.1349	0.9750	0.3828	0.8960	0.1224s	0.3499	0.9050	0.8991
17
0295	0.1355	0.9917	0.3784	0.8980	0.1210s	0.3422	0.9040	0.8986
18
0296	0.1338	0.9667	0.3768	0.9000	0.1217s	0.3377	0.9050	0.9001
19
0297	0.1413	0.9583	0.3741	0.8960	0.1232s	0.3355	0.9070	0.9021
20
0298	0.1361	0.9667	0.3726	0.9040	0.1219s	0.3380	0.9090	0.9040
21
0299	0.1220	0.9750	0.3749	0.9000	0.1220s	0.3455	0.9080	0.9026
22
0300	0.1406	0.9750	0.3857	0.8980	0.1217s	0.3609	0.9050	0.8990
23
0301	0.1182	0.9833	0.3941	0.8840	0.1219s	0.3734	0.9040	0.8985
24
0302	0.1317	0.9667	0.3965	0.8840	0.1222s	0.3783	0.9020	0.8965
25
0303	0.1353	0.9500	0.3855	0.8860	0.1223s	0.3675	0.9070	0.9016
26
0304	0.1305	0.9833	0.3737	0.9000	0.1219s	0.3517	0.9070	0.9015
27
0305	0.1230	1.0000	0.3695	0.9080	0.1223s	0.3433	0.9060	0.9002
28
0306	0.1316	1.0000	0.3709	0.9080	0.1222s	0.3417	0.9080	0.9028
29
0307	0.1187	0.9833	0.3756	0.9040	0.1225s	0.3457	0.9070	0.9020
30
0308	0.1347	0.9667	0.3766	0.9040	0.1224s	0.3473	0.9100	0.9051
31
0309	0.1232	0.9750	0.3772	0.9060	0.1058s	0.3485	0.9050	0.8993
32
0310	0.1341	0.9750	0.3802	0.9020	0.1216s	0.3543	0.9060	0.9003
33
0311	0.1294	0.9833	0.3842	0.8900	0.1224s	0.3620	0.9050	0.8993
34
0312	0.1299	0.9833	0.3865	0.8880	0.1218s	0.3675	0.9070	0.9013
35
0313	0.1223	0.9833	0.3898	0.8880	0.1220s	0.3726	0.9040	0.8980
36
0314	0.1254	1.0000	0.3872	0.8900	0.1220s	0.3711	0.9070	0.9015
37
0315	0.1380	1.0000	0.3815	0.8940	0.1222s	0.3638	0.9110	0.9058
38
0316	0.1337	0.9833	0.3779	0.9000	0.1249s	0.3558	0.9070	0.9016
39
0317	0.1145	1.0000	0.3773	0.8980	0.1221s	0.3534	0.9060	0.9004
40
0318	0.1137	1.0000	0.3755	0.9000	0.1219s	0.3517	0.9080	0.9026
41
0319	0.1414	0.9917	0.3702	0.8980	0.1222s	0.3471	0.9080	0.9032
42
0320	0.1272	0.9833	0.3682	0.9000	0.1216s	0.3472	0.9090	0.9044
43
0321	0.1275	0.9667	0.3694	0.9020	0.1238s	0.3514	0.9060	0.9010
44
0322	0.1141	0.9917	0.3761	0.8980	0.1224s	0.3591	0.9020	0.8963
45
0323	0.1477	0.9583	0.3788	0.8940	0.1222s	0.3628	0.9040	0.8981
46
0324	0.1409	0.9583	0.3798	0.8960	0.1216s	0.3645	0.9030	0.8971
47
0325	0.1177	0.9667	0.3756	0.8980	0.1212s	0.3596	0.9080	0.9027
48
0326	0.1322	0.9750	0.3714	0.8960	0.1214s	0.3532	0.9070	0.9014
49
0327	0.1310	0.9750	0.3684	0.9020	0.1218s	0.3472	0.9040	0.8985
50
0328	0.1523	0.9917	0.3683	0.8980	0.1218s	0.3448	0.9060	0.9011
51
0329	0.1345	0.9583	0.3703	0.9020	0.1220s	0.3446	0.9080	0.9029
52
0330	0.1319	0.9750	0.3763	0.9000	0.1217s	0.3487	0.9070	0.9016
53
0331	0.1358	0.9833	0.3875	0.8940	0.1216s	0.3570	0.9060	0.9002
54
0332	0.1412	0.9583	0.3908	0.8920	0.1216s	0.3600	0.9070	0.9014
55
0333	0.1193	0.9917	0.3913	0.8920	0.1217s	0.3596	0.9050	0.8994
56
0334	0.1309	0.9917	0.3873	0.8940	0.1215s	0.3544	0.9070	0.9015
57
0335	0.1438	0.9750	0.3752	0.8940	0.1220s	0.3425	0.9070	0.9018
58
0336	0.1381	0.9833	0.3653	0.9020	0.1219s	0.3327	0.9110	0.9066
59
0337	0.1249	0.9833	0.3644	0.8980	0.1225s	0.3332	0.9110	0.9067
60
0338	0.1290	0.9750	0.3683	0.9000	0.1228s	0.3397	0.9050	0.8998
61
0339	0.1340	0.9750	0.3730	0.9000	0.1223s	0.3466	0.9030	0.8978
62
0340	0.1137	0.9917	0.3780	0.8940	0.1224s	0.3528	0.9020	0.8968
63
0341	0.1294	0.9833	0.3792	0.8900	0.1229s	0.3547	0.9030	0.8974
64
0342	0.1366	0.9667	0.3801	0.8880	0.1226s	0.3566	0.9030	0.8973
65
0343	0.1301	1.0000	0.3776	0.8980	0.1223s	0.3542	0.9040	0.8983
66
0344	0.1172	0.9917	0.3758	0.8940	0.1255s	0.3517	0.9050	0.8991
67
0345	0.1500	0.9833	0.3764	0.8960	0.1220s	0.3517	0.9040	0.8982
68
0346	0.1275	0.9833	0.3783	0.9000	0.1220s	0.3535	0.9070	0.9010
69
0347	0.1219	1.0000	0.3850	0.9000	0.1225s	0.3599	0.9050	0.8993
70
0348	0.1471	0.9667	0.3907	0.8960	0.1221s	0.3667	0.9050	0.8991
71
0349	0.1443	0.9583	0.3891	0.8940	0.1227s	0.3665	0.9040	0.8981
72
0350	0.1272	0.9917	0.3809	0.9020	0.1049s	0.3599	0.9020	0.8962
73
0351	0.1341	1.0000	0.3726	0.9020	0.1174s	0.3538	0.9050	0.8996
74
0352	0.1191	1.0000	0.3677	0.9000	0.1102s	0.3511	0.9080	0.9025
75
0353	0.1209	1.0000	0.3645	0.9060	0.1225s	0.3501	0.9100	0.9052
76
0354	0.1221	0.9833	0.3617	0.9060	0.1223s	0.3485	0.9100	0.9051
77
0355	0.1248	1.0000	0.3603	0.9040	0.1221s	0.3475	0.9110	0.9061
78
0356	0.1395	0.9750	0.3635	0.9040	0.1228s	0.3511	0.9100	0.9051
79
0357	0.1327	0.9917	0.3700	0.8980	0.1236s	0.3560	0.9080	0.9029
80
0358	0.1374	0.9833	0.3799	0.8940	0.1228s	0.3643	0.9060	0.9002
81
0359	0.1247	0.9917	0.3840	0.8940	0.1222s	0.3683	0.9060	0.8997
82
0360	0.1386	0.9833	0.3878	0.8900	0.1223s	0.3723	0.9050	0.8987
83
0361	0.1314	0.9667	0.3854	0.8940	0.1222s	0.3712	0.9060	0.8999
84
0362	0.1370	0.9917	0.3752	0.9040	0.1219s	0.3641	0.9040	0.8981
85
0363	0.1221	1.0000	0.3715	0.9040	0.1222s	0.3620	0.9040	0.8982
86
0364	0.1168	0.9750	0.3685	0.8980	0.1225s	0.3590	0.9080	0.9024
87
0365	0.1277	0.9917	0.3667	0.8960	0.1224s	0.3562	0.9100	0.9046
88
0366	0.1220	0.9583	0.3671	0.8980	0.1224s	0.3557	0.9090	0.9034
89
0367	0.1356	0.9833	0.3735	0.9040	0.1225s	0.3597	0.9090	0.9032
90
0368	0.1214	1.0000	0.3841	0.8960	0.1221s	0.3665	0.9040	0.8979
91
0369	0.1172	1.0000	0.3933	0.8960	0.1178s	0.3722	0.9030	0.8966
92
0370	0.1358	0.9917	0.4006	0.8920	0.1221s	0.3778	0.9000	0.8935
93
0371	0.1356	0.9750	0.4019	0.8920	0.1220s	0.3782	0.9020	0.8955
94
0372	0.1213	1.0000	0.3944	0.8960	0.1223s	0.3721	0.9040	0.8977
95
0373	0.1258	0.9917	0.3768	0.8980	0.1223s	0.3569	0.9060	0.8998
96
0374	0.1202	0.9917	0.3679	0.9020	0.1225s	0.3498	0.9090	0.9042
97
0375	0.1462	0.9500	0.3648	0.9040	0.1222s	0.3457	0.9120	0.9079
98
0376	0.1423	0.9667	0.3616	0.9060	0.1224s	0.3424	0.9130	0.9091
99
0377	0.1458	0.9833	0.3606	0.9080	0.1225s	0.3439	0.9130	0.9087
100
0378	0.1244	0.9833	0.3683	0.9040	0.1204s	0.3550	0.9050	0.8996
101
0379	0.1277	0.9583	0.3852	0.8960	0.1228s	0.3730	0.9000	0.8941
102
0380	0.1307	0.9833	0.4035	0.8820	0.1224s	0.3908	0.8900	0.8836
103
0381	0.1230	0.9917	0.4073	0.8840	0.1230s	0.3954	0.8900	0.8836
104
0382	0.1383	0.9917	0.3940	0.8920	0.1219s	0.3856	0.8960	0.8898
105
0383	0.1263	1.0000	0.3802	0.8980	0.1226s	0.3720	0.9000	0.8933
106
0384	0.1273	0.9500	0.3755	0.8940	0.1216s	0.3637	0.9050	0.9000
107
0385	0.1380	0.9583	0.3799	0.8940	0.1218s	0.3642	0.9010	0.8972
108
0386	0.1418	0.9833	0.3825	0.8960	0.1046s	0.3653	0.9020	0.8982
109
0387	0.1359	0.9833	0.3803	0.8940	0.1201s	0.3632	0.9050	0.9009
110
0388	0.1141	0.9750	0.3794	0.9020	0.1217s	0.3635	0.9050	0.9007
111
0389	0.1139	1.0000	0.3827	0.8960	0.1232s	0.3682	0.9050	0.8998
112
0390	0.1279	0.9750	0.3875	0.8960	0.1223s	0.3757	0.8990	0.8931
113
0391	0.1387	0.9500	0.3914	0.8940	0.1225s	0.3819	0.8990	0.8927
114
0392	0.1326	0.9583	0.3914	0.9020	0.1226s	0.3817	0.8990	0.8933
115
0393	0.1437	0.9667	0.3895	0.9040	0.1243s	0.3780	0.9000	0.8945
116
0394	0.1282	0.9917	0.3855	0.9020	0.1048s	0.3726	0.9000	0.8946
117
0395	0.1211	0.9833	0.3818	0.9020	0.1226s	0.3674	0.9030	0.8980
118
0396	0.1199	0.9917	0.3787	0.8980	0.1223s	0.3617	0.9030	0.8980
119
0397	0.1245	1.0000	0.3787	0.8980	0.1226s	0.3586	0.9080	0.9033
120
0398	0.1325	0.9917	0.3823	0.8980	0.1221s	0.3586	0.9080	0.9035
121
0399	0.1270	0.9750	0.3882	0.8960	0.1225s	0.3622	0.9040	0.8990
122
0400	0.1173	0.9667	0.3941	0.8920	0.1229s	0.3661	0.9030	0.8977
123
0401	0.1345	0.9750	0.3941	0.8940	0.1226s	0.3661	0.9030	0.8974
124
0402	0.1241	0.9833	0.3940	0.8980	0.1226s	0.3682	0.9020	0.8962
125
0403	0.1383	0.9833	0.3893	0.8960	0.1226s	0.3683	0.9020	0.8962
126
0404	0.1294	0.9917	0.3868	0.8960	0.1226s	0.3691	0.9040	0.8984
127
0405	0.1336	0.9917	0.3828	0.8920	0.1264s	0.3670	0.9090	0.9041
128
0406	0.1235	0.9833	0.3771	0.8960	0.1200s	0.3601	0.9090	0.9041
129
0407	0.1438	1.0000	0.3730	0.9020	0.1230s	0.3510	0.9090	0.9043
130
0408	0.1438	0.9750	0.3756	0.9040	0.1073s	0.3493	0.9100	0.9054
131
0409	0.1262	0.9833	0.3784	0.9020	0.1090s	0.3485	0.9110	0.9062
132
0410	0.1429	0.9750	0.3799	0.8980	0.1108s	0.3490	0.9120	0.9074
133
0411	0.1146	0.9750	0.3802	0.8920	0.1066s	0.3497	0.9140	0.9095
134
0412	0.1250	1.0000	0.3791	0.8960	0.1337s	0.3507	0.9100	0.9053
135
0413	0.1432	0.9833	0.3829	0.8980	0.1221s	0.3574	0.9030	0.8975
136
0414	0.1234	1.0000	0.3942	0.8960	0.1225s	0.3699	0.9010	0.8951
137
0415	0.1400	0.9750	0.4022	0.8940	0.1220s	0.3781	0.8960	0.8900
138
0416	0.1316	0.9917	0.4028	0.8900	0.1225s	0.3797	0.8960	0.8899
139
0417	0.1111	0.9917	0.3930	0.8940	0.1226s	0.3697	0.9010	0.8954
140
0418	0.1339	0.9750	0.3843	0.9000	0.1230s	0.3597	0.9040	0.8988
141
0419	0.1441	0.9750	0.3791	0.8940	0.1220s	0.3524	0.9060	0.9009
142
0420	0.1280	0.9917	0.3788	0.8980	0.1221s	0.3495	0.9080	0.9028
143
0421	0.1410	0.9917	0.3828	0.8980	0.1222s	0.3515	0.9120	0.9069
144
0422	0.1378	0.9833	0.3881	0.8980	0.1222s	0.3560	0.9090	0.9035
145
0423	0.1293	0.9833	0.3977	0.8980	0.1217s	0.3656	0.9090	0.9035
146
0424	0.1312	0.9667	0.4008	0.8980	0.1222s	0.3693	0.9030	0.8970
147
0425	0.1353	0.9750	0.4001	0.8980	0.1222s	0.3719	0.9000	0.8942
148
0426	0.1484	0.9833	0.3891	0.8980	0.1220s	0.3635	0.9010	0.8953
149
0427	0.1393	0.9667	0.3771	0.9020	0.1222s	0.3554	0.9020	0.8970
150
0428	0.1156	1.0000	0.3682	0.9040	0.1221s	0.3497	0.9060	0.9011
151
0429	0.1244	1.0000	0.3659	0.9080	0.1224s	0.3484	0.9080	0.9034
152
0430	0.1256	0.9833	0.3688	0.9080	0.1225s	0.3527	0.9080	0.9033
153
0431	0.1211	0.9833	0.3745	0.9040	0.1221s	0.3604	0.9060	0.9010
154
0432	0.1434	0.9833	0.3804	0.9020	0.1221s	0.3673	0.9060	0.9010
155
0433	0.1479	0.9833	0.3822	0.9040	0.1224s	0.3695	0.9050	0.8992
156
0434	0.1262	0.9833	0.3835	0.9040	0.1224s	0.3702	0.9030	0.8969
157
0435	0.1286	0.9833	0.3892	0.9000	0.1225s	0.3767	0.9010	0.8951
158
0436	0.1299	0.9833	0.3884	0.8960	0.1220s	0.3771	0.9010	0.8950
159
0437	0.1574	0.9750	0.3822	0.9020	0.1225s	0.3725	0.9040	0.8984
160
0438	0.1439	0.9667	0.3771	0.9020	0.1225s	0.3712	0.9050	0.8998
161
0439	0.1342	0.9917	0.3748	0.9060	0.1222s	0.3714	0.9020	0.8964
162
0440	0.1203	1.0000	0.3767	0.9080	0.1223s	0.3746	0.9020	0.8964
163
0441	0.1435	0.9750	0.3797	0.9040	0.1219s	0.3812	0.9020	0.8960
164
0442	0.1303	0.9833	0.3828	0.9000	0.1223s	0.3859	0.9010	0.8949
165
0443	0.1328	0.9667	0.3799	0.8980	0.1213s	0.3816	0.9010	0.8950
166
0444	0.1109	1.0000	0.3774	0.8980	0.1223s	0.3756	0.9040	0.8983
167
0445	0.1159	0.9833	0.3768	0.9060	0.1215s	0.3707	0.9040	0.8983
168
0446	0.1213	0.9750	0.3783	0.9040	0.1221s	0.3699	0.9070	0.9017
169
0447	0.1135	0.9833	0.3834	0.9020	0.1223s	0.3744	0.9060	0.9006
170
0448	0.1384	0.9833	0.3911	0.8940	0.1227s	0.3825	0.9050	0.8992
171
0449	0.1515	0.9833	0.3936	0.8980	0.1228s	0.3864	0.9010	0.8950
172
0450	0.1403	0.9750	0.3936	0.9000	0.1223s	0.3881	0.9000	0.8940
173
0451	0.1338	0.9500	0.3851	0.9020	0.1222s	0.3802	0.9030	0.8974
174
0452	0.1356	1.0000	0.3754	0.9100	0.1218s	0.3694	0.9050	0.8997
175
0453	0.1177	0.9917	0.3696	0.9020	0.1221s	0.3626	0.9070	0.9018
176
0454	0.1267	0.9917	0.3685	0.9020	0.1225s	0.3610	0.9040	0.8985
177
0455	0.1361	0.9833	0.3742	0.9040	0.1229s	0.3670	0.9040	0.8984
178
0456	0.1212	0.9750	0.3854	0.8980	0.1218s	0.3798	0.9020	0.8961
179
0457	0.1175	0.9750	0.3950	0.8960	0.1223s	0.3914	0.9000	0.8939
180
0458	0.1187	0.9750	0.3970	0.8980	0.1225s	0.3945	0.8960	0.8896
181
0459	0.1230	0.9917	0.3912	0.8960	0.1220s	0.3896	0.8990	0.8925
182
0460	0.1340	0.9833	0.3846	0.8960	0.1218s	0.3822	0.9000	0.8938
183
0461	0.1332	0.9833	0.3794	0.9000	0.1222s	0.3746	0.9040	0.8985
184
0462	0.1206	0.9917	0.3769	0.9000	0.1227s	0.3702	0.9070	0.9018
185
0463	0.1067	0.9833	0.3733	0.9020	0.1223s	0.3650	0.9080	0.9029
186
0464	0.1547	0.9833	0.3724	0.9000	0.1224s	0.3613	0.9080	0.9028
187
0465	0.1187	0.9750	0.3750	0.9040	0.1219s	0.3648	0.9040	0.8985
188
0466	0.1235	0.9917	0.3801	0.9040	0.1224s	0.3727	0.9000	0.8938
189
0467	0.1349	0.9917	0.3823	0.9020	0.1222s	0.3767	0.8990	0.8926
190
0468	0.1109	0.9917	0.3854	0.8980	0.1221s	0.3823	0.8980	0.8920
191
0469	0.1354	1.0000	0.3800	0.8980	0.1220s	0.3780	0.9030	0.8975
192
0470	0.1359	0.9833	0.3727	0.9000	0.1228s	0.3706	0.9060	0.9004
193
0471	0.1265	0.9833	0.3690	0.8980	0.1226s	0.3652	0.9080	0.9029
194
0472	0.1440	1.0000	0.3694	0.8980	0.1223s	0.3645	0.9050	0.8999
195
0473	0.1460	0.9500	0.3714	0.8980	0.1227s	0.3678	0.9060	0.9005
196
0474	0.1190	1.0000	0.3820	0.9000	0.1240s	0.3809	0.8990	0.8926
197
0475	0.1469	0.9750	0.3925	0.9000	0.1221s	0.3937	0.8920	0.8853
198
0476	0.1176	0.9833	0.3938	0.8980	0.1225s	0.3967	0.8900	0.8835
199
Early stop! Min loss:0.3568046987056732,  Max accuracy:0.912
Early stop model validation loss:0.3568046987056732,  accuracy:0.904
Optimization Finished!
Total time elapsed: 58.5000s
test max acc:0.9170
Loading 275th epoch
stru_node_to_hop attention:tensor([[0.2524, 0.2506, 0.2488, 0.2482],
        [0.2498, 0.2501, 0.2500, 0.2501],
        [0.2463, 0.2527, 0.2506, 0.2504],
        [0.2485, 0.2513, 0.2502, 0.2501],
        [0.2505, 0.2509, 0.2495, 0.2491],
        [0.2518, 0.2506, 0.2489, 0.2487],
        [0.2484, 0.2508, 0.2504, 0.2504],
        [0.2504, 0.2501, 0.2499, 0.2497],
        [0.2497, 0.2506, 0.2500, 0.2498],
        [0.2488, 0.2513, 0.2501, 0.2499],
        [0.2481, 0.2512, 0.2504, 0.2503],
        [0.2490, 0.2504, 0.2503, 0.2503],
        [0.2497, 0.2502, 0.2501, 0.2500],
        [0.2497, 0.2507, 0.2499, 0.2496],
        [0.2495, 0.2505, 0.2500, 0.2500],
        [0.2509, 0.2502, 0.2496, 0.2492],
        [0.2481, 0.2514, 0.2504, 0.2501],
        [0.2496, 0.2502, 0.2502, 0.2500],
        [0.2499, 0.2500, 0.2501, 0.2501],
        [0.2494, 0.2504, 0.2502, 0.2501],
        [0.2497, 0.2503, 0.2500, 0.2500],
        [0.2480, 0.2516, 0.2503, 0.2500],
        [0.2492, 0.2505, 0.2502, 0.2501],
        [0.2483, 0.2510, 0.2503, 0.2504],
        [0.2494, 0.2503, 0.2502, 0.2501],
        [0.2490, 0.2506, 0.2503, 0.2501],
        [0.2495, 0.2505, 0.2501, 0.2499],
        [0.2483, 0.2508, 0.2505, 0.2503],
        [0.2505, 0.2496, 0.2499, 0.2499],
        [0.2482, 0.2512, 0.2504, 0.2502],
        [0.2472, 0.2517, 0.2507, 0.2504],
        [0.2486, 0.2504, 0.2506, 0.2505],
        [0.2498, 0.2501, 0.2501, 0.2500],
        [0.2491, 0.2504, 0.2503, 0.2502],
        [0.2492, 0.2508, 0.2502, 0.2498],
        [0.2495, 0.2502, 0.2501, 0.2501],
        [0.2502, 0.2500, 0.2499, 0.2499],
        [0.2489, 0.2502, 0.2504, 0.2505],
        [0.2504, 0.2499, 0.2498, 0.2499],
        [0.2497, 0.2509, 0.2497, 0.2496],
        [0.2503, 0.2500, 0.2499, 0.2499],
        [0.2496, 0.2505, 0.2500, 0.2499],
        [0.2503, 0.2500, 0.2499, 0.2498],
        [0.2501, 0.2499, 0.2500, 0.2500],
        [0.2466, 0.2514, 0.2512, 0.2509],
        [0.1505, 0.1899, 0.2759, 0.3837],
        [0.2490, 0.2506, 0.2503, 0.2501],
        [0.2475, 0.2517, 0.2506, 0.2503],
        [0.2500, 0.2502, 0.2499, 0.2499],
        [0.2500, 0.2500, 0.2500, 0.2500],
        [0.2483, 0.2499, 0.2508, 0.2510],
        [0.2498, 0.2501, 0.2501, 0.2500],
        [0.2500, 0.2500, 0.2500, 0.2500],
        [0.2501, 0.2497, 0.2501, 0.2501],
        [0.2479, 0.2516, 0.2503, 0.2501],
        [0.2507, 0.2498, 0.2498, 0.2497],
        [0.2501, 0.2504, 0.2499, 0.2496],
        [0.2492, 0.2503, 0.2503, 0.2502],
        [0.2468, 0.2522, 0.2507, 0.2502],
        [0.2483, 0.2512, 0.2503, 0.2502],
        [0.2489, 0.2507, 0.2503, 0.2500],
        [0.2477, 0.2512, 0.2506, 0.2505],
        [0.2508, 0.2497, 0.2498, 0.2497],
        [0.2477, 0.2521, 0.2504, 0.2498],
        [0.2498, 0.2501, 0.2501, 0.2501],
        [0.2481, 0.2503, 0.2507, 0.2509],
        [0.2484, 0.2518, 0.2502, 0.2496],
        [0.2476, 0.2508, 0.2507, 0.2508],
        [0.2499, 0.2500, 0.2501, 0.2500],
        [0.2498, 0.2503, 0.2500, 0.2499],
        [0.2467, 0.2520, 0.2507, 0.2506],
        [0.2496, 0.2500, 0.2501, 0.2502],
        [0.2497, 0.2504, 0.2501, 0.2499],
        [0.2496, 0.2512, 0.2498, 0.2494],
        [0.2499, 0.2500, 0.2500, 0.2501],
        [0.2469, 0.2515, 0.2508, 0.2508],
        [0.2502, 0.2513, 0.2495, 0.2490],
        [0.2536, 0.2479, 0.2492, 0.2493],
        [0.2499, 0.2502, 0.2500, 0.2499],
        [0.2508, 0.2496, 0.2498, 0.2498],
        [0.2510, 0.2495, 0.2500, 0.2496],
        [0.2498, 0.2507, 0.2499, 0.2496],
        [0.2502, 0.2498, 0.2501, 0.2500],
        [0.2498, 0.2502, 0.2500, 0.2500],
        [0.2493, 0.2504, 0.2502, 0.2501],
        [0.2497, 0.2501, 0.2501, 0.2501],
        [0.2488, 0.2504, 0.2503, 0.2504],
        [0.2481, 0.2512, 0.2505, 0.2503],
        [0.2487, 0.2517, 0.2501, 0.2496],
        [0.2496, 0.2501, 0.2502, 0.2501],
        [0.2480, 0.2509, 0.2506, 0.2505],
        [0.2500, 0.2500, 0.2500, 0.2500],
        [0.2498, 0.2500, 0.2501, 0.2501],
        [0.2478, 0.2511, 0.2506, 0.2505],
        [0.2489, 0.2508, 0.2502, 0.2500],
        [0.2500, 0.2500, 0.2500, 0.2500],
        [0.2488, 0.2509, 0.2502, 0.2501],
        [0.2485, 0.2505, 0.2505, 0.2505],
        [0.2505, 0.2500, 0.2497, 0.2497],
        [0.2512, 0.2497, 0.2496, 0.2495]], device='cuda:1')
fea_node_to_hop attention:tensor([[0.3302, 0.3344, 0.3354],
        [0.3326, 0.3337, 0.3336],
        [0.3275, 0.3353, 0.3371],
        [0.3319, 0.3333, 0.3348],
        [0.3336, 0.3326, 0.3337],
        [0.3262, 0.3380, 0.3358],
        [0.3266, 0.3363, 0.3371],
        [0.3310, 0.3331, 0.3359],
        [0.3310, 0.3341, 0.3349],
        [0.3308, 0.3340, 0.3353],
        [0.3282, 0.3353, 0.3366],
        [0.3331, 0.3331, 0.3338],
        [0.3328, 0.3336, 0.3336],
        [0.3299, 0.3341, 0.3359],
        [0.3273, 0.3361, 0.3366],
        [0.3320, 0.3332, 0.3347],
        [0.3264, 0.3351, 0.3385],
        [0.3324, 0.3337, 0.3339],
        [0.3335, 0.3333, 0.3333],
        [0.3320, 0.3328, 0.3352],
        [0.3321, 0.3342, 0.3337],
        [0.3330, 0.3321, 0.3349],
        [0.3303, 0.3339, 0.3359],
        [0.3306, 0.3351, 0.3343],
        [0.3326, 0.3334, 0.3340],
        [0.3305, 0.3342, 0.3352],
        [0.3325, 0.3331, 0.3344],
        [0.3310, 0.3341, 0.3348],
        [0.3310, 0.3334, 0.3356],
        [0.3332, 0.3338, 0.3330],
        [0.3295, 0.3345, 0.3360],
        [0.3301, 0.3338, 0.3361],
        [0.3315, 0.3344, 0.3340],
        [0.3318, 0.3338, 0.3344],
        [0.3342, 0.3329, 0.3328],
        [0.3311, 0.3341, 0.3348],
        [0.3337, 0.3324, 0.3338],
        [0.3323, 0.3329, 0.3348],
        [0.3332, 0.3333, 0.3335],
        [0.3305, 0.3338, 0.3357],
        [0.3353, 0.3327, 0.3320],
        [0.3295, 0.3353, 0.3352],
        [0.3332, 0.3338, 0.3331],
        [0.3344, 0.3327, 0.3329],
        [0.3286, 0.3364, 0.3350],
        [0.3209, 0.3479, 0.3312],
        [0.3325, 0.3335, 0.3340],
        [0.3291, 0.3348, 0.3361],
        [0.3329, 0.3331, 0.3341],
        [0.3332, 0.3333, 0.3335],
        [0.3320, 0.3343, 0.3338],
        [0.3331, 0.3336, 0.3333],
        [0.3333, 0.3334, 0.3333],
        [0.3297, 0.3341, 0.3363],
        [0.3347, 0.3312, 0.3341],
        [0.3331, 0.3335, 0.3333],
        [0.3337, 0.3326, 0.3337],
        [0.3310, 0.3337, 0.3353],
        [0.3342, 0.3307, 0.3350],
        [0.3313, 0.3340, 0.3347],
        [0.3319, 0.3331, 0.3350],
        [0.3278, 0.3353, 0.3369],
        [0.3345, 0.3323, 0.3333],
        [0.3290, 0.3358, 0.3352],
        [0.3318, 0.3342, 0.3340],
        [0.3321, 0.3333, 0.3346],
        [0.3296, 0.3350, 0.3354],
        [0.3342, 0.3321, 0.3336],
        [0.3331, 0.3337, 0.3332],
        [0.3292, 0.3349, 0.3359],
        [0.3311, 0.3343, 0.3346],
        [0.3322, 0.3338, 0.3339],
        [0.3295, 0.3357, 0.3348],
        [0.3310, 0.3337, 0.3353],
        [0.3346, 0.3326, 0.3328],
        [0.3270, 0.3359, 0.3371],
        [0.3315, 0.3337, 0.3348],
        [0.3296, 0.3349, 0.3355],
        [0.3330, 0.3335, 0.3335],
        [0.3342, 0.3329, 0.3328],
        [0.3311, 0.3350, 0.3339],
        [0.3299, 0.3345, 0.3356],
        [0.3301, 0.3345, 0.3354],
        [0.3305, 0.3349, 0.3346],
        [0.3292, 0.3352, 0.3355],
        [0.3327, 0.3323, 0.3350],
        [0.3315, 0.3349, 0.3336],
        [0.3304, 0.3339, 0.3357],
        [0.3293, 0.3337, 0.3370],
        [0.3301, 0.3346, 0.3353],
        [0.3285, 0.3351, 0.3364],
        [0.3333, 0.3333, 0.3334],
        [0.3329, 0.3338, 0.3333],
        [0.3289, 0.3357, 0.3354],
        [0.3301, 0.3341, 0.3359],
        [0.3333, 0.3333, 0.3334],
        [0.3309, 0.3340, 0.3351],
        [0.3322, 0.3334, 0.3344],
        [0.3328, 0.3334, 0.3338],
        [0.3336, 0.3328, 0.3336]], device='cuda:1')
perception attention:tensor([0.5000, 0.5000], device='cuda:1')
Test set results: loss= 0.3426 accuracy= 0.9060 F1_score= 0.9012
