# epoch	loss_train	acc_train	loss_val	acc_val	time	acc_test	f1_test
0001	1.8024	0.1333	1.6925	0.3540	0.1221s	1.6841	0.3700	0.2642
0
0002	1.6786	0.4417	1.5386	0.3880	0.1226s	1.5141	0.3850	0.2717
0
0003	1.5222	0.4667	1.3737	0.4600	0.1172s	1.3453	0.4500	0.3699
0
0004	1.3588	0.5500	1.2038	0.5880	0.1197s	1.1796	0.6210	0.5896
0
0005	1.1535	0.6750	1.0349	0.7840	0.1173s	1.0137	0.7910	0.7726
0
0006	0.9581	0.7750	0.8914	0.8480	0.1180s	0.8725	0.8380	0.8318
0
0007	0.8267	0.8333	0.7717	0.8580	0.1196s	0.7539	0.8570	0.8518
0
0008	0.6834	0.8500	0.6687	0.8740	0.1199s	0.6498	0.8720	0.8661
0
0009	0.5583	0.8667	0.5924	0.8740	0.1045s	0.5713	0.8790	0.8718
0
0010	0.5277	0.9167	0.5403	0.8700	0.1176s	0.5188	0.8750	0.8654
0
0011	0.4508	0.8583	0.4890	0.8840	0.1130s	0.4674	0.8820	0.8735
0
0012	0.4143	0.8583	0.4447	0.8980	0.1049s	0.4194	0.8840	0.8767
0
0013	0.3704	0.9250	0.4167	0.8900	0.1200s	0.3885	0.8960	0.8902
0
0014	0.3120	0.9500	0.4010	0.8940	0.1126s	0.3708	0.8960	0.8909
0
0015	0.3052	0.9417	0.3928	0.8980	0.1208s	0.3618	0.8960	0.8909
0
0016	0.2869	0.9583	0.3905	0.8940	0.1222s	0.3583	0.8910	0.8846
0
0017	0.2338	0.9667	0.3964	0.8880	0.1325s	0.3630	0.8930	0.8854
0
0018	0.2410	0.9500	0.3935	0.8920	0.1241s	0.3586	0.8970	0.8909
1
0019	0.2548	0.9500	0.3874	0.8920	0.1228s	0.3497	0.8980	0.8922
2
0020	0.2286	0.9500	0.3871	0.8960	0.1232s	0.3480	0.8940	0.8881
0
0021	0.1907	0.9750	0.3912	0.8920	0.1048s	0.3520	0.8930	0.8867
0
0022	0.2222	0.9583	0.4022	0.8880	0.1218s	0.3631	0.8910	0.8842
1
0023	0.1907	0.9500	0.4138	0.8820	0.1225s	0.3745	0.8880	0.8807
2
0024	0.1983	0.9583	0.4196	0.8800	0.1226s	0.3797	0.8850	0.8770
3
0025	0.1750	0.9833	0.4199	0.8840	0.1250s	0.3791	0.8880	0.8800
4
0026	0.1944	0.9667	0.4178	0.8840	0.1217s	0.3758	0.8890	0.8810
5
0027	0.1861	0.9500	0.4109	0.8920	0.1047s	0.3684	0.8930	0.8855
6
0028	0.1538	0.9833	0.4070	0.8960	0.1220s	0.3645	0.8950	0.8881
7
0029	0.1818	0.9833	0.4068	0.8940	0.1219s	0.3650	0.8930	0.8863
8
0030	0.1675	0.9917	0.4090	0.8880	0.1230s	0.3686	0.8890	0.8820
9
0031	0.1665	0.9750	0.4105	0.8840	0.1217s	0.3711	0.8900	0.8832
10
0032	0.1608	0.9750	0.4201	0.8840	0.1222s	0.3821	0.8900	0.8826
11
0033	0.1710	0.9417	0.4303	0.8800	0.1223s	0.3927	0.8820	0.8731
12
0034	0.1486	0.9750	0.4370	0.8800	0.1218s	0.3991	0.8790	0.8703
13
0035	0.1887	0.9750	0.4385	0.8840	0.1216s	0.3991	0.8810	0.8722
14
0036	0.1652	0.9750	0.4348	0.8860	0.1211s	0.3937	0.8820	0.8740
15
0037	0.1756	0.9667	0.4242	0.8860	0.1219s	0.3814	0.8880	0.8803
16
0038	0.1748	0.9833	0.4135	0.8880	0.1220s	0.3702	0.8920	0.8851
17
0039	0.1504	0.9750	0.4062	0.8940	0.1221s	0.3623	0.8970	0.8907
18
0040	0.1750	0.9667	0.4002	0.8920	0.1219s	0.3582	0.8970	0.8909
19
0041	0.1513	0.9750	0.3993	0.8940	0.1219s	0.3597	0.8970	0.8913
20
0042	0.1430	0.9833	0.4001	0.8920	0.1220s	0.3633	0.8960	0.8903
21
0043	0.1546	1.0000	0.4043	0.8900	0.1222s	0.3698	0.8960	0.8905
22
0044	0.1435	1.0000	0.4129	0.8840	0.1217s	0.3797	0.8890	0.8825
23
0045	0.1653	0.9583	0.4232	0.8820	0.1220s	0.3892	0.8880	0.8797
24
0046	0.1619	0.9583	0.4289	0.8800	0.1221s	0.3927	0.8830	0.8739
25
0047	0.1596	0.9917	0.4266	0.8780	0.1221s	0.3882	0.8810	0.8722
26
0048	0.1746	0.9917	0.4197	0.8780	0.1222s	0.3794	0.8880	0.8804
27
0049	0.1500	0.9833	0.4139	0.8860	0.1224s	0.3714	0.8900	0.8826
28
0050	0.1570	0.9667	0.4090	0.8920	0.1225s	0.3656	0.8980	0.8911
29
0051	0.1500	0.9833	0.4010	0.8960	0.1221s	0.3585	0.8990	0.8926
30
0052	0.1618	0.9583	0.3985	0.8960	0.1218s	0.3573	0.9010	0.8947
31
0053	0.1898	0.9667	0.3996	0.8900	0.1220s	0.3600	0.9000	0.8936
32
0054	0.1538	0.9750	0.4035	0.8900	0.1220s	0.3659	0.8960	0.8893
33
0055	0.1458	0.9667	0.4103	0.8880	0.1223s	0.3740	0.8910	0.8832
34
0056	0.1695	0.9500	0.4153	0.8800	0.1220s	0.3797	0.8880	0.8800
35
0057	0.1707	0.9750	0.4180	0.8760	0.1218s	0.3811	0.8840	0.8760
36
0058	0.1455	1.0000	0.4119	0.8820	0.1221s	0.3741	0.8860	0.8783
37
0059	0.1599	0.9917	0.4009	0.8880	0.1220s	0.3622	0.8890	0.8816
38
0060	0.1583	0.9500	0.3932	0.8900	0.1222s	0.3540	0.9020	0.8961
39
0061	0.1416	0.9917	0.3904	0.8960	0.1221s	0.3505	0.9020	0.8958
40
0062	0.1621	0.9250	0.3921	0.8960	0.1221s	0.3529	0.9020	0.8961
41
0063	0.1474	0.9917	0.3915	0.8920	0.1222s	0.3544	0.9020	0.8962
42
0064	0.1626	0.9917	0.3925	0.8920	0.1219s	0.3577	0.9010	0.8947
43
0065	0.1560	0.9750	0.3934	0.8880	0.1219s	0.3611	0.9000	0.8931
44
0066	0.1307	0.9500	0.3936	0.8880	0.1249s	0.3635	0.8960	0.8889
45
0067	0.1564	0.9750	0.3899	0.8860	0.1206s	0.3622	0.8960	0.8893
46
0068	0.1629	0.9917	0.3851	0.8880	0.1218s	0.3581	0.8990	0.8932
47
0069	0.1571	0.9500	0.3806	0.9000	0.1043s	0.3525	0.8980	0.8923
0
0070	0.1529	0.9833	0.3782	0.9040	0.1195s	0.3498	0.8970	0.8913
0
0071	0.1393	0.9667	0.3738	0.9120	0.1224s	0.3462	0.8970	0.8911
0
0072	0.1633	0.9750	0.3712	0.9060	0.1222s	0.3455	0.9000	0.8943
0
0073	0.1416	0.9917	0.3722	0.9020	0.1221s	0.3477	0.9010	0.8956
0
0074	0.1524	0.9583	0.3797	0.8940	0.1223s	0.3545	0.9000	0.8942
1
0075	0.1318	0.9833	0.3930	0.8880	0.1220s	0.3663	0.8970	0.8907
2
0076	0.1418	0.9833	0.4052	0.8860	0.1226s	0.3766	0.8950	0.8881
3
0077	0.1447	0.9750	0.4156	0.8860	0.1218s	0.3845	0.8900	0.8824
4
0078	0.1385	0.9833	0.4140	0.8860	0.1218s	0.3821	0.8960	0.8888
5
0079	0.1385	0.9917	0.3986	0.8820	0.1249s	0.3679	0.9000	0.8935
6
0080	0.1579	0.9750	0.3813	0.8920	0.1221s	0.3531	0.9050	0.9000
7
0081	0.1440	0.9583	0.3723	0.8980	0.1224s	0.3444	0.9040	0.8998
8
0082	0.1550	0.9667	0.3696	0.8980	0.1224s	0.3415	0.9060	0.9014
9
0083	0.1612	0.9667	0.3716	0.9020	0.1219s	0.3435	0.8990	0.8934
0
0084	0.1475	1.0000	0.3807	0.9000	0.1221s	0.3516	0.8980	0.8920
1
0085	0.1413	0.9833	0.3894	0.9000	0.1225s	0.3586	0.8970	0.8908
2
0086	0.1308	0.9833	0.3969	0.8920	0.1225s	0.3651	0.8940	0.8874
3
0087	0.1487	0.9833	0.3982	0.8920	0.1220s	0.3661	0.8950	0.8886
4
0088	0.1496	0.9667	0.3946	0.8960	0.1222s	0.3635	0.8940	0.8875
5
0089	0.1497	0.9750	0.3874	0.9000	0.1216s	0.3580	0.8960	0.8899
6
0090	0.1478	0.9667	0.3840	0.9020	0.1221s	0.3578	0.9010	0.8955
7
0091	0.1366	0.9833	0.3789	0.8980	0.1050s	0.3564	0.9040	0.8990
8
0092	0.1456	0.9750	0.3783	0.8980	0.1219s	0.3592	0.9000	0.8945
9
0093	0.1421	0.9833	0.3850	0.8920	0.1223s	0.3687	0.8980	0.8915
10
0094	0.1490	0.9917	0.3984	0.8880	0.1221s	0.3822	0.8980	0.8911
11
0095	0.1428	0.9833	0.4050	0.8840	0.1225s	0.3877	0.8950	0.8874
12
0096	0.1427	0.9917	0.4038	0.8840	0.1224s	0.3853	0.8930	0.8861
13
0097	0.1195	1.0000	0.3982	0.8940	0.1223s	0.3790	0.8890	0.8817
14
0098	0.1439	0.9833	0.3956	0.8940	0.1224s	0.3740	0.8940	0.8878
15
0099	0.1447	0.9750	0.3876	0.9020	0.1223s	0.3656	0.8940	0.8877
16
0100	0.1594	0.9917	0.3756	0.9020	0.1219s	0.3574	0.8970	0.8909
17
0101	0.1463	0.9833	0.3685	0.8980	0.1222s	0.3546	0.8970	0.8910
18
0102	0.1323	0.9833	0.3683	0.9020	0.1047s	0.3590	0.9020	0.8966
0
0103	0.1365	0.9833	0.3799	0.8920	0.1222s	0.3723	0.9020	0.8962
0
0104	0.1470	0.9833	0.3908	0.8880	0.1223s	0.3813	0.8970	0.8902
1
0105	0.1289	0.9833	0.4017	0.8920	0.1137s	0.3871	0.8920	0.8841
2
0106	0.1497	1.0000	0.3956	0.8900	0.1196s	0.3784	0.8980	0.8907
3
0107	0.1441	0.9583	0.3884	0.8900	0.1225s	0.3684	0.9020	0.8956
4
0108	0.1483	0.9583	0.3859	0.8940	0.1219s	0.3625	0.9050	0.8988
5
0109	0.1446	0.9917	0.3827	0.8980	0.1228s	0.3575	0.9060	0.9005
6
0110	0.1359	0.9833	0.3811	0.9000	0.1220s	0.3541	0.9090	0.9043
7
0111	0.1404	0.9667	0.3810	0.9000	0.1220s	0.3535	0.9070	0.9024
8
0112	0.1392	0.9917	0.3816	0.9020	0.1219s	0.3531	0.9030	0.8981
9
0113	0.1492	0.9667	0.3819	0.8980	0.1215s	0.3538	0.9010	0.8957
10
0114	0.1407	0.9833	0.3822	0.8980	0.1221s	0.3542	0.9010	0.8957
11
0115	0.1434	0.9917	0.3795	0.8980	0.1221s	0.3513	0.9020	0.8965
12
0116	0.1596	0.9667	0.3759	0.9000	0.1226s	0.3470	0.9090	0.9041
13
0117	0.1298	0.9917	0.3809	0.8960	0.1219s	0.3496	0.9040	0.8984
14
0118	0.1465	0.9583	0.3867	0.8940	0.1220s	0.3533	0.9040	0.8982
15
0119	0.1418	0.9750	0.3959	0.8900	0.1230s	0.3610	0.9000	0.8935
16
0120	0.1252	0.9833	0.4080	0.8880	0.1221s	0.3704	0.8940	0.8869
17
0121	0.1311	0.9833	0.4065	0.8840	0.1219s	0.3696	0.8960	0.8890
18
0122	0.1589	0.9833	0.3987	0.8880	0.1223s	0.3642	0.9000	0.8935
19
0123	0.1421	0.9917	0.3932	0.8900	0.1221s	0.3614	0.9060	0.9004
20
0124	0.1258	1.0000	0.3873	0.8960	0.1231s	0.3580	0.9070	0.9020
21
0125	0.1523	0.9750	0.3806	0.9000	0.1228s	0.3519	0.9080	0.9030
22
0126	0.1378	0.9917	0.3802	0.9020	0.1223s	0.3510	0.9110	0.9058
23
0127	0.1503	0.9750	0.3881	0.8920	0.1220s	0.3579	0.9030	0.8973
24
0128	0.1301	1.0000	0.3958	0.8860	0.1217s	0.3643	0.8950	0.8890
25
0129	0.1404	0.9833	0.4033	0.8860	0.1219s	0.3717	0.8880	0.8819
26
0130	0.1369	0.9917	0.3965	0.8880	0.1223s	0.3665	0.8890	0.8832
27
0131	0.1445	0.9750	0.3860	0.8920	0.1222s	0.3584	0.8960	0.8904
28
0132	0.1427	0.9917	0.3770	0.8920	0.1222s	0.3520	0.9000	0.8939
29
0133	0.1511	1.0000	0.3742	0.8980	0.1225s	0.3492	0.9030	0.8972
30
0134	0.1263	0.9833	0.3710	0.8960	0.1217s	0.3482	0.9060	0.9008
31
0135	0.1376	0.9833	0.3734	0.8960	0.1219s	0.3493	0.9070	0.9017
32
0136	0.1333	0.9750	0.3839	0.8920	0.1219s	0.3575	0.9040	0.8978
33
0137	0.1479	0.9833	0.3977	0.8800	0.1224s	0.3679	0.9000	0.8934
34
0138	0.1262	0.9833	0.4134	0.8820	0.1209s	0.3802	0.8920	0.8851
35
0139	0.1425	0.9667	0.4292	0.8760	0.1218s	0.3932	0.8870	0.8795
36
0140	0.1580	0.9750	0.4322	0.8800	0.1224s	0.3960	0.8840	0.8763
37
0141	0.1291	0.9917	0.4187	0.8820	0.1217s	0.3855	0.8880	0.8804
38
0142	0.1369	0.9917	0.3988	0.8840	0.1218s	0.3695	0.8940	0.8873
39
0143	0.1587	0.9667	0.3825	0.8920	0.1222s	0.3555	0.9020	0.8962
40
0144	0.1391	0.9917	0.3737	0.8920	0.1225s	0.3484	0.9070	0.9018
41
0145	0.1285	0.9917	0.3728	0.8920	0.1224s	0.3489	0.9100	0.9052
42
0146	0.1387	0.9917	0.3738	0.8920	0.1222s	0.3506	0.9090	0.9040
43
0147	0.1793	0.9667	0.3725	0.8920	0.1217s	0.3474	0.9100	0.9049
44
0148	0.1601	0.9750	0.3734	0.8920	0.1221s	0.3466	0.9030	0.8972
45
0149	0.1425	0.9917	0.3814	0.8920	0.1218s	0.3517	0.9030	0.8972
46
0150	0.1354	0.9750	0.3962	0.8900	0.1218s	0.3635	0.9010	0.8947
47
0151	0.1326	0.9750	0.4104	0.8880	0.1219s	0.3761	0.8980	0.8913
48
0152	0.1424	0.9750	0.4185	0.8820	0.1222s	0.3830	0.8950	0.8880
49
0153	0.1355	0.9917	0.4164	0.8860	0.1221s	0.3800	0.8950	0.8885
50
0154	0.1490	0.9583	0.4020	0.8880	0.1233s	0.3683	0.8950	0.8887
51
0155	0.1406	0.9750	0.3912	0.8840	0.1216s	0.3610	0.9000	0.8942
52
0156	0.1288	0.9833	0.3843	0.8860	0.1205s	0.3570	0.9100	0.9052
53
0157	0.1311	0.9917	0.3844	0.8900	0.1208s	0.3599	0.9070	0.9021
54
0158	0.1535	0.9417	0.3905	0.8900	0.1223s	0.3665	0.9050	0.9001
55
0159	0.1283	0.9833	0.3955	0.8920	0.1223s	0.3693	0.9020	0.8966
56
0160	0.1311	0.9917	0.4070	0.8800	0.1218s	0.3771	0.8970	0.8902
57
0161	0.1298	0.9833	0.4194	0.8740	0.1221s	0.3855	0.8850	0.8767
58
0162	0.1709	0.9917	0.4308	0.8780	0.1224s	0.3920	0.8850	0.8763
59
0163	0.1420	0.9833	0.4292	0.8780	0.1228s	0.3887	0.8860	0.8777
60
0164	0.1268	0.9917	0.4154	0.8780	0.1219s	0.3768	0.8930	0.8853
61
0165	0.1148	1.0000	0.3975	0.8840	0.1219s	0.3613	0.8970	0.8900
62
0166	0.1396	0.9667	0.3862	0.8940	0.1224s	0.3521	0.9030	0.8969
63
0167	0.1319	0.9750	0.3833	0.8940	0.1221s	0.3518	0.9030	0.8971
64
0168	0.1366	0.9917	0.3840	0.8900	0.1221s	0.3546	0.8990	0.8928
65
0169	0.1260	0.9917	0.3881	0.8840	0.1220s	0.3599	0.8960	0.8897
66
0170	0.1465	0.9667	0.3971	0.8820	0.1213s	0.3706	0.8930	0.8867
67
0171	0.1353	0.9750	0.4061	0.8820	0.1221s	0.3813	0.8910	0.8846
68
0172	0.1401	0.9500	0.4159	0.8780	0.1221s	0.3916	0.8870	0.8803
69
0173	0.1570	0.9750	0.4214	0.8800	0.1222s	0.3981	0.8820	0.8742
70
0174	0.1193	0.9833	0.4189	0.8740	0.1218s	0.3955	0.8840	0.8763
71
0175	0.1244	0.9583	0.4098	0.8820	0.1045s	0.3850	0.8900	0.8828
72
0176	0.1347	1.0000	0.4029	0.8860	0.1193s	0.3769	0.8970	0.8907
73
0177	0.1304	1.0000	0.3949	0.8960	0.1216s	0.3685	0.9020	0.8958
74
0178	0.1309	0.9667	0.3900	0.8920	0.1216s	0.3622	0.9050	0.8992
75
0179	0.1354	0.9917	0.3854	0.8960	0.1222s	0.3572	0.9010	0.8950
76
0180	0.1486	0.9667	0.3853	0.8960	0.1218s	0.3588	0.9000	0.8940
77
0181	0.1402	0.9833	0.3894	0.8960	0.1226s	0.3664	0.8980	0.8918
78
0182	0.1492	0.9833	0.3991	0.8900	0.1220s	0.3789	0.8940	0.8872
79
0183	0.1291	0.9667	0.4092	0.8880	0.1222s	0.3890	0.8920	0.8855
80
0184	0.1375	0.9750	0.4139	0.8840	0.1156s	0.3922	0.8930	0.8866
81
0185	0.1384	0.9667	0.4099	0.8880	0.1223s	0.3877	0.8930	0.8863
82
0186	0.1358	0.9833	0.4079	0.8860	0.1217s	0.3837	0.8950	0.8884
83
0187	0.1614	0.9667	0.4051	0.8840	0.1222s	0.3798	0.8950	0.8890
84
0188	0.1284	1.0000	0.4034	0.8860	0.1225s	0.3767	0.8960	0.8900
85
0189	0.1155	0.9750	0.4011	0.8900	0.1222s	0.3740	0.8990	0.8932
86
0190	0.1492	0.9667	0.3999	0.8880	0.1224s	0.3711	0.9020	0.8962
87
0191	0.1373	0.9917	0.3967	0.8900	0.1220s	0.3657	0.9010	0.8954
88
0192	0.1336	0.9750	0.3929	0.8980	0.1214s	0.3604	0.9010	0.8953
89
0193	0.1568	0.9917	0.3907	0.8960	0.1220s	0.3592	0.9050	0.8996
90
0194	0.1337	0.9667	0.3927	0.8960	0.1221s	0.3628	0.9060	0.9004
91
0195	0.1291	0.9917	0.3936	0.8940	0.1222s	0.3640	0.9040	0.8984
92
0196	0.1338	0.9833	0.3965	0.8860	0.1221s	0.3663	0.9040	0.8989
93
0197	0.1313	0.9917	0.4024	0.8860	0.1221s	0.3720	0.8970	0.8915
94
0198	0.1297	0.9583	0.4109	0.8780	0.1218s	0.3778	0.8900	0.8839
95
0199	0.1447	0.9583	0.4187	0.8840	0.1225s	0.3827	0.8910	0.8847
96
0200	0.1343	0.9667	0.4179	0.8860	0.1228s	0.3798	0.8930	0.8869
97
0201	0.1223	1.0000	0.4123	0.8880	0.1219s	0.3712	0.8950	0.8889
98
0202	0.1388	0.9500	0.4040	0.8880	0.1218s	0.3606	0.9010	0.8953
99
0203	0.1557	0.9917	0.3980	0.8860	0.1217s	0.3547	0.9030	0.8973
100
0204	0.1494	1.0000	0.3958	0.8920	0.1219s	0.3556	0.9050	0.8996
101
0205	0.1372	1.0000	0.3954	0.8900	0.1221s	0.3593	0.9050	0.8994
102
0206	0.1225	0.9917	0.3968	0.8940	0.1224s	0.3627	0.9080	0.9027
103
0207	0.1373	0.9667	0.3944	0.8960	0.1224s	0.3597	0.9080	0.9027
104
0208	0.1250	0.9833	0.3921	0.8940	0.1219s	0.3555	0.9070	0.9018
105
0209	0.1262	0.9917	0.3933	0.8960	0.1213s	0.3534	0.9090	0.9041
106
0210	0.1646	0.9917	0.3978	0.8900	0.1220s	0.3562	0.9000	0.8945
107
0211	0.1280	0.9667	0.4038	0.8880	0.1219s	0.3619	0.8930	0.8868
108
0212	0.1407	0.9750	0.4049	0.8900	0.1242s	0.3622	0.8950	0.8889
109
0213	0.1268	0.9583	0.4004	0.8900	0.1234s	0.3590	0.9020	0.8965
110
0214	0.1349	0.9750	0.3975	0.8940	0.1281s	0.3583	0.9030	0.8977
111
0215	0.1261	0.9750	0.3982	0.8960	0.1221s	0.3621	0.9020	0.8962
112
0216	0.1272	0.9750	0.3992	0.8880	0.1265s	0.3656	0.9060	0.9004
113
0217	0.1462	0.9833	0.3951	0.8960	0.1229s	0.3627	0.9070	0.9016
114
0218	0.1347	0.9833	0.3943	0.8980	0.1236s	0.3620	0.9040	0.8986
115
0219	0.1332	1.0000	0.3981	0.8920	0.1232s	0.3641	0.9030	0.8976
116
0220	0.1281	0.9917	0.4026	0.8920	0.1234s	0.3675	0.8980	0.8926
117
0221	0.1500	0.9833	0.4047	0.8920	0.1239s	0.3713	0.8940	0.8883
118
0222	0.1317	0.9750	0.4001	0.8920	0.1233s	0.3688	0.8950	0.8894
119
0223	0.1465	0.9750	0.3961	0.8920	0.1116s	0.3672	0.8990	0.8939
120
0224	0.1321	0.9750	0.3905	0.8980	0.1221s	0.3615	0.9000	0.8951
121
0225	0.1576	0.9500	0.3887	0.9020	0.1059s	0.3569	0.9030	0.8978
122
0226	0.1420	0.9667	0.3927	0.9060	0.1221s	0.3596	0.8990	0.8932
123
0227	0.1305	0.9833	0.3980	0.8900	0.1089s	0.3633	0.9030	0.8975
124
0228	0.1247	0.9833	0.4022	0.8880	0.1219s	0.3677	0.9020	0.8963
125
0229	0.1196	0.9833	0.4053	0.8900	0.1060s	0.3713	0.9030	0.8972
126
0230	0.1372	0.9667	0.4013	0.8940	0.1105s	0.3682	0.9020	0.8962
127
0231	0.1427	0.9917	0.3959	0.8960	0.1185s	0.3633	0.9010	0.8952
128
0232	0.1296	0.9917	0.3877	0.9040	0.1224s	0.3567	0.9000	0.8944
129
0233	0.1520	0.9833	0.3850	0.9060	0.1223s	0.3544	0.9040	0.8989
130
0234	0.1367	0.9500	0.3847	0.9040	0.1219s	0.3562	0.9040	0.8991
131
0235	0.1338	0.9750	0.3886	0.8980	0.1218s	0.3627	0.8970	0.8915
132
0236	0.1348	0.9917	0.3977	0.8900	0.1218s	0.3737	0.8930	0.8869
133
0237	0.1187	0.9833	0.4051	0.8860	0.1234s	0.3806	0.8900	0.8828
134
0238	0.1313	0.9667	0.4053	0.8880	0.1220s	0.3787	0.8900	0.8828
135
0239	0.1370	0.9667	0.3963	0.8940	0.1218s	0.3665	0.8980	0.8913
136
0240	0.1278	0.9917	0.3883	0.8980	0.1238s	0.3552	0.8990	0.8928
137
0241	0.1240	0.9833	0.3832	0.9000	0.1233s	0.3461	0.9060	0.9008
138
0242	0.1350	0.9750	0.3816	0.9020	0.1219s	0.3426	0.9080	0.9027
139
0243	0.1352	0.9750	0.3795	0.9060	0.1222s	0.3400	0.9090	0.9040
140
0244	0.1132	0.9917	0.3796	0.9080	0.1237s	0.3393	0.9030	0.8975
141
0245	0.1262	0.9917	0.3818	0.9060	0.1229s	0.3429	0.9030	0.8975
142
0246	0.1352	0.9583	0.3871	0.9040	0.1221s	0.3504	0.9030	0.8974
143
0247	0.1402	0.9750	0.3942	0.9020	0.1232s	0.3579	0.8990	0.8931
144
0248	0.1438	0.9833	0.3986	0.9000	0.1226s	0.3625	0.8990	0.8934
145
0249	0.1294	1.0000	0.3982	0.8980	0.1055s	0.3626	0.9000	0.8941
146
0250	0.1323	1.0000	0.3978	0.8960	0.1219s	0.3625	0.9000	0.8941
147
0251	0.1558	0.9750	0.3918	0.8960	0.1227s	0.3561	0.9000	0.8940
148
0252	0.1220	0.9917	0.3854	0.9000	0.1218s	0.3484	0.9010	0.8950
149
0253	0.1303	0.9833	0.3814	0.9080	0.1234s	0.3434	0.9010	0.8951
150
0254	0.1371	0.9750	0.3777	0.9020	0.1043s	0.3410	0.9070	0.9014
151
0255	0.1233	0.9917	0.3782	0.9000	0.1219s	0.3431	0.9040	0.8981
152
0256	0.1206	0.9917	0.3823	0.9020	0.1219s	0.3485	0.9020	0.8965
153
0257	0.1298	0.9417	0.3913	0.8960	0.1222s	0.3578	0.9000	0.8946
154
0258	0.1444	0.9667	0.3948	0.8960	0.1230s	0.3605	0.8930	0.8869
155
0259	0.1433	0.9833	0.3989	0.8940	0.1221s	0.3650	0.8950	0.8889
156
0260	0.1638	0.9667	0.4004	0.8920	0.1236s	0.3652	0.8990	0.8928
157
0261	0.1307	0.9667	0.3993	0.8960	0.1218s	0.3623	0.9010	0.8950
158
0262	0.1219	0.9750	0.3946	0.8960	0.1233s	0.3569	0.9020	0.8961
159
0263	0.1122	0.9833	0.3881	0.8940	0.1216s	0.3516	0.9020	0.8960
160
0264	0.1458	0.9833	0.3827	0.8920	0.1217s	0.3457	0.9080	0.9028
161
0265	0.1145	0.9917	0.3816	0.8980	0.1211s	0.3439	0.9080	0.9026
162
0266	0.1254	0.9833	0.3843	0.9000	0.1233s	0.3463	0.9080	0.9026
163
0267	0.1308	0.9917	0.3917	0.8940	0.1222s	0.3533	0.9050	0.8995
164
0268	0.1342	1.0000	0.3985	0.8880	0.1170s	0.3590	0.8980	0.8917
165
0269	0.1362	0.9833	0.4047	0.8860	0.1052s	0.3654	0.8960	0.8898
166
0270	0.1340	0.9750	0.4064	0.8840	0.1119s	0.3679	0.8960	0.8897
167
0271	0.1385	0.9917	0.3973	0.8920	0.1007s	0.3590	0.9050	0.8990
168
0272	0.1497	0.9917	0.3903	0.8960	0.1087s	0.3505	0.9080	0.9021
169
0273	0.1184	0.9750	0.3877	0.8960	0.1050s	0.3460	0.9090	0.9032
170
0274	0.1398	0.9917	0.3876	0.8960	0.1082s	0.3459	0.9130	0.9080
171
0275	0.1394	0.9833	0.3894	0.8960	0.0975s	0.3488	0.9100	0.9048
172
0276	0.1312	0.9667	0.3921	0.8960	0.0995s	0.3522	0.9060	0.9000
173
0277	0.1196	1.0000	0.3969	0.8980	0.0988s	0.3563	0.9030	0.8971
174
0278	0.1287	0.9750	0.4051	0.8900	0.1188s	0.3635	0.9020	0.8955
175
0279	0.1326	0.9583	0.4087	0.8940	0.1042s	0.3657	0.9020	0.8958
176
0280	0.1216	1.0000	0.4101	0.8940	0.1202s	0.3659	0.9020	0.8962
177
0281	0.1401	0.9750	0.4018	0.8960	0.1155s	0.3569	0.9030	0.8978
178
0282	0.1352	0.9833	0.3940	0.8960	0.1219s	0.3499	0.9110	0.9063
179
0283	0.1357	0.9583	0.3891	0.8960	0.1234s	0.3475	0.9120	0.9070
180
0284	0.1581	0.9583	0.3891	0.8980	0.1218s	0.3509	0.9090	0.9039
181
0285	0.1466	0.9500	0.3992	0.8940	0.1222s	0.3631	0.9070	0.9016
182
0286	0.1310	0.9917	0.4084	0.8900	0.1233s	0.3729	0.9010	0.8949
183
0287	0.1262	0.9917	0.4106	0.8880	0.1249s	0.3762	0.9030	0.8969
184
0288	0.1448	0.9917	0.4071	0.8900	0.1215s	0.3730	0.9050	0.8990
185
0289	0.1529	0.9917	0.4032	0.8920	0.1237s	0.3704	0.9050	0.8991
186
0290	0.1294	0.9833	0.3960	0.8940	0.1223s	0.3649	0.9050	0.8991
187
0291	0.1192	0.9917	0.3910	0.8960	0.1220s	0.3603	0.9060	0.9004
188
0292	0.1514	0.9667	0.3883	0.9000	0.1236s	0.3574	0.9110	0.9059
189
0293	0.1424	1.0000	0.3940	0.8960	0.1221s	0.3625	0.9040	0.8985
190
0294	0.1281	0.9917	0.4015	0.8960	0.1167s	0.3693	0.8990	0.8930
191
0295	0.1299	0.9583	0.4051	0.8900	0.1043s	0.3738	0.9000	0.8940
192
0296	0.1251	0.9750	0.4081	0.8880	0.1193s	0.3776	0.8970	0.8909
193
0297	0.1216	0.9917	0.4100	0.8840	0.1219s	0.3793	0.8990	0.8936
194
0298	0.1310	0.9750	0.4101	0.8840	0.1218s	0.3815	0.8950	0.8898
195
0299	0.1288	0.9833	0.4076	0.8880	0.1221s	0.3803	0.8980	0.8929
196
0300	0.1206	0.9917	0.4052	0.8860	0.1220s	0.3775	0.8980	0.8928
197
0301	0.1415	0.9750	0.3975	0.8880	0.1224s	0.3677	0.9050	0.8997
198
0302	0.1489	0.9833	0.3963	0.8940	0.1226s	0.3627	0.9040	0.8987
199
Early stop! Min loss:0.3683398962020874,  Max accuracy:0.912
Early stop model validation loss:0.3683398962020874,  accuracy:0.902
Optimization Finished!
Total time elapsed: 36.8907s
test max acc:0.9130
Loading 101th epoch
stru_node_to_hop attention:tensor([[0.2503, 0.2508, 0.2497, 0.2493],
        [0.2503, 0.2499, 0.2499, 0.2499],
        [0.2487, 0.2506, 0.2503, 0.2503],
        [0.2504, 0.2512, 0.2494, 0.2489],
        [0.2502, 0.2495, 0.2502, 0.2502],
        [0.2497, 0.2509, 0.2498, 0.2496],
        [0.2493, 0.2504, 0.2503, 0.2501],
        [0.2505, 0.2497, 0.2499, 0.2498],
        [0.2490, 0.2509, 0.2502, 0.2500],
        [0.2499, 0.2502, 0.2500, 0.2499],
        [0.2501, 0.2500, 0.2500, 0.2499],
        [0.2496, 0.2502, 0.2501, 0.2500],
        [0.2497, 0.2502, 0.2501, 0.2501],
        [0.2493, 0.2507, 0.2501, 0.2499],
        [0.2504, 0.2503, 0.2498, 0.2495],
        [0.2492, 0.2508, 0.2501, 0.2499],
        [0.2510, 0.2499, 0.2497, 0.2495],
        [0.2492, 0.2509, 0.2502, 0.2498],
        [0.2500, 0.2500, 0.2500, 0.2500],
        [0.2491, 0.2507, 0.2502, 0.2500],
        [0.2490, 0.2505, 0.2503, 0.2502],
        [0.2488, 0.2518, 0.2499, 0.2495],
        [0.2503, 0.2499, 0.2500, 0.2498],
        [0.2489, 0.2506, 0.2502, 0.2502],
        [0.2499, 0.2501, 0.2500, 0.2500],
        [0.2491, 0.2507, 0.2502, 0.2500],
        [0.2502, 0.2499, 0.2499, 0.2499],
        [0.2500, 0.2501, 0.2501, 0.2499],
        [0.2510, 0.2495, 0.2497, 0.2497],
        [0.2482, 0.2512, 0.2503, 0.2502],
        [0.2497, 0.2502, 0.2501, 0.2500],
        [0.2495, 0.2507, 0.2500, 0.2497],
        [0.2497, 0.2502, 0.2500, 0.2500],
        [0.2492, 0.2504, 0.2502, 0.2501],
        [0.2494, 0.2505, 0.2502, 0.2499],
        [0.2498, 0.2501, 0.2501, 0.2500],
        [0.2505, 0.2498, 0.2500, 0.2498],
        [0.2480, 0.2506, 0.2507, 0.2507],
        [0.2498, 0.2501, 0.2501, 0.2500],
        [0.2502, 0.2510, 0.2495, 0.2493],
        [0.2500, 0.2499, 0.2500, 0.2500],
        [0.2495, 0.2505, 0.2501, 0.2500],
        [0.2489, 0.2511, 0.2501, 0.2499],
        [0.2493, 0.2503, 0.2502, 0.2502],
        [0.2486, 0.2507, 0.2505, 0.2502],
        [0.1862, 0.1907, 0.2700, 0.3530],
        [0.2495, 0.2506, 0.2501, 0.2498],
        [0.2488, 0.2507, 0.2503, 0.2502],
        [0.2488, 0.2505, 0.2504, 0.2503],
        [0.2492, 0.2505, 0.2502, 0.2501],
        [0.2482, 0.2508, 0.2505, 0.2505],
        [0.2495, 0.2503, 0.2501, 0.2501],
        [0.2499, 0.2500, 0.2500, 0.2500],
        [0.2503, 0.2501, 0.2498, 0.2498],
        [0.2494, 0.2504, 0.2500, 0.2501],
        [0.2492, 0.2502, 0.2503, 0.2504],
        [0.2495, 0.2513, 0.2498, 0.2494],
        [0.2497, 0.2501, 0.2501, 0.2501],
        [0.2495, 0.2508, 0.2500, 0.2497],
        [0.2486, 0.2510, 0.2503, 0.2501],
        [0.2492, 0.2505, 0.2502, 0.2501],
        [0.2494, 0.2504, 0.2501, 0.2500],
        [0.2496, 0.2505, 0.2500, 0.2499],
        [0.2495, 0.2503, 0.2501, 0.2500],
        [0.2500, 0.2500, 0.2500, 0.2500],
        [0.2484, 0.2503, 0.2507, 0.2507],
        [0.2495, 0.2508, 0.2500, 0.2498],
        [0.2493, 0.2499, 0.2504, 0.2505],
        [0.2501, 0.2500, 0.2500, 0.2500],
        [0.2487, 0.2505, 0.2505, 0.2503],
        [0.2479, 0.2518, 0.2503, 0.2500],
        [0.2499, 0.2501, 0.2500, 0.2500],
        [0.2497, 0.2503, 0.2501, 0.2499],
        [0.2501, 0.2502, 0.2499, 0.2498],
        [0.2496, 0.2502, 0.2501, 0.2501],
        [0.2495, 0.2504, 0.2501, 0.2500],
        [0.2509, 0.2507, 0.2494, 0.2490],
        [0.2527, 0.2482, 0.2494, 0.2497],
        [0.2487, 0.2507, 0.2503, 0.2503],
        [0.2495, 0.2503, 0.2501, 0.2501],
        [0.2495, 0.2502, 0.2502, 0.2501],
        [0.2485, 0.2506, 0.2505, 0.2505],
        [0.2527, 0.2492, 0.2492, 0.2490],
        [0.2500, 0.2500, 0.2500, 0.2500],
        [0.2498, 0.2504, 0.2500, 0.2498],
        [0.2500, 0.2501, 0.2500, 0.2499],
        [0.2490, 0.2504, 0.2503, 0.2503],
        [0.2492, 0.2505, 0.2502, 0.2501],
        [0.2495, 0.2508, 0.2500, 0.2497],
        [0.2502, 0.2499, 0.2500, 0.2499],
        [0.2497, 0.2502, 0.2501, 0.2501],
        [0.2500, 0.2500, 0.2500, 0.2500],
        [0.2506, 0.2498, 0.2498, 0.2498],
        [0.2496, 0.2502, 0.2501, 0.2501],
        [0.2503, 0.2500, 0.2499, 0.2499],
        [0.2499, 0.2501, 0.2500, 0.2500],
        [0.2480, 0.2509, 0.2506, 0.2505],
        [0.2505, 0.2501, 0.2497, 0.2497],
        [0.2489, 0.2509, 0.2502, 0.2500],
        [0.2511, 0.2496, 0.2497, 0.2496]], device='cuda:1')
fea_node_to_hop attention:tensor([[0.3315, 0.3338, 0.3347],
        [0.3343, 0.3327, 0.3329],
        [0.3301, 0.3341, 0.3357],
        [0.3316, 0.3341, 0.3342],
        [0.3353, 0.3314, 0.3333],
        [0.3304, 0.3339, 0.3358],
        [0.3260, 0.3342, 0.3399],
        [0.3330, 0.3331, 0.3339],
        [0.3279, 0.3358, 0.3364],
        [0.3321, 0.3332, 0.3346],
        [0.3326, 0.3336, 0.3338],
        [0.3297, 0.3350, 0.3353],
        [0.3326, 0.3335, 0.3339],
        [0.3326, 0.3335, 0.3338],
        [0.3293, 0.3344, 0.3363],
        [0.3303, 0.3345, 0.3352],
        [0.3306, 0.3339, 0.3355],
        [0.3318, 0.3334, 0.3348],
        [0.3333, 0.3333, 0.3334],
        [0.3309, 0.3341, 0.3350],
        [0.3325, 0.3332, 0.3343],
        [0.3317, 0.3331, 0.3352],
        [0.3313, 0.3330, 0.3356],
        [0.3322, 0.3346, 0.3332],
        [0.3335, 0.3332, 0.3333],
        [0.3294, 0.3344, 0.3362],
        [0.3330, 0.3333, 0.3337],
        [0.3304, 0.3343, 0.3353],
        [0.3308, 0.3340, 0.3352],
        [0.3324, 0.3333, 0.3343],
        [0.3333, 0.3333, 0.3334],
        [0.3310, 0.3333, 0.3357],
        [0.3316, 0.3344, 0.3340],
        [0.3301, 0.3344, 0.3355],
        [0.3334, 0.3331, 0.3335],
        [0.3311, 0.3336, 0.3352],
        [0.3316, 0.3337, 0.3347],
        [0.3317, 0.3335, 0.3348],
        [0.3314, 0.3341, 0.3345],
        [0.3291, 0.3345, 0.3364],
        [0.3326, 0.3331, 0.3343],
        [0.3297, 0.3354, 0.3348],
        [0.3288, 0.3345, 0.3367],
        [0.3331, 0.3334, 0.3335],
        [0.3332, 0.3333, 0.3335],
        [0.3151, 0.3700, 0.3148],
        [0.3313, 0.3339, 0.3349],
        [0.3325, 0.3332, 0.3343],
        [0.3284, 0.3355, 0.3361],
        [0.3316, 0.3339, 0.3345],
        [0.3321, 0.3334, 0.3346],
        [0.3324, 0.3338, 0.3338],
        [0.3332, 0.3334, 0.3334],
        [0.3313, 0.3337, 0.3350],
        [0.3325, 0.3329, 0.3346],
        [0.3318, 0.3336, 0.3345],
        [0.3306, 0.3347, 0.3347],
        [0.3308, 0.3342, 0.3350],
        [0.3329, 0.3325, 0.3345],
        [0.3308, 0.3346, 0.3347],
        [0.3329, 0.3332, 0.3338],
        [0.3287, 0.3352, 0.3361],
        [0.3323, 0.3337, 0.3340],
        [0.3304, 0.3348, 0.3349],
        [0.3331, 0.3334, 0.3335],
        [0.3295, 0.3344, 0.3361],
        [0.3315, 0.3340, 0.3345],
        [0.3327, 0.3331, 0.3342],
        [0.3337, 0.3333, 0.3330],
        [0.3294, 0.3349, 0.3356],
        [0.3302, 0.3340, 0.3358],
        [0.3315, 0.3333, 0.3352],
        [0.3303, 0.3350, 0.3347],
        [0.3316, 0.3333, 0.3351],
        [0.3323, 0.3338, 0.3339],
        [0.3321, 0.3332, 0.3347],
        [0.3293, 0.3349, 0.3359],
        [0.3290, 0.3348, 0.3362],
        [0.3301, 0.3337, 0.3362],
        [0.3312, 0.3343, 0.3345],
        [0.3319, 0.3342, 0.3340],
        [0.3301, 0.3354, 0.3345],
        [0.3320, 0.3328, 0.3351],
        [0.3328, 0.3332, 0.3340],
        [0.3313, 0.3336, 0.3351],
        [0.3327, 0.3333, 0.3340],
        [0.3332, 0.3335, 0.3333],
        [0.3313, 0.3345, 0.3342],
        [0.3304, 0.3344, 0.3352],
        [0.3304, 0.3347, 0.3349],
        [0.3319, 0.3341, 0.3340],
        [0.3333, 0.3334, 0.3333],
        [0.3343, 0.3328, 0.3329],
        [0.3311, 0.3342, 0.3347],
        [0.3331, 0.3333, 0.3335],
        [0.3327, 0.3332, 0.3340],
        [0.3311, 0.3352, 0.3337],
        [0.3314, 0.3344, 0.3342],
        [0.3295, 0.3352, 0.3353],
        [0.3313, 0.3343, 0.3345]], device='cuda:1')
perception attention:tensor([0.5000, 0.5000], device='cuda:1')
Test set results: loss= 0.3590 accuracy= 0.9020 F1_score= 0.8966
