# epoch	loss_train	acc_train	loss_val	acc_val	time	acc_test	f1_test
0001	1.7968	0.1083	1.6826	0.3480	0.1219s	1.6692	0.3540	0.2267
0
0002	1.6894	0.3667	1.5346	0.3740	0.1219s	1.5064	0.3760	0.2545
0
0003	1.5523	0.4083	1.3689	0.4720	0.1224s	1.3393	0.4790	0.3873
0
0004	1.3783	0.5333	1.1826	0.6940	0.1189s	1.1532	0.7200	0.6952
0
0005	1.1448	0.6833	1.0150	0.8800	0.1205s	0.9863	0.8650	0.8575
0
0006	0.9799	0.8000	0.8794	0.8500	0.1219s	0.8533	0.8490	0.8434
0
0007	0.8458	0.8250	0.7513	0.8540	0.1222s	0.7290	0.8570	0.8521
0
0008	0.6904	0.8417	0.6411	0.8900	0.1227s	0.6201	0.8810	0.8747
0
0009	0.6158	0.8833	0.5705	0.8820	0.1223s	0.5475	0.8890	0.8807
0
0010	0.5349	0.8833	0.5223	0.8740	0.1217s	0.4993	0.8850	0.8766
0
0011	0.4699	0.9500	0.4689	0.8900	0.1216s	0.4442	0.8900	0.8825
0
0012	0.4155	0.9333	0.4278	0.8960	0.1223s	0.3983	0.8990	0.8927
0
0013	0.3327	0.9500	0.4115	0.8920	0.1221s	0.3800	0.8970	0.8902
0
0014	0.3447	0.9583	0.4031	0.8840	0.1224s	0.3710	0.8960	0.8895
0
0015	0.2880	0.9167	0.3899	0.8920	0.1220s	0.3566	0.9010	0.8957
0
0016	0.2844	0.9500	0.3798	0.8960	0.1213s	0.3450	0.9030	0.8975
0
0017	0.2536	0.9500	0.3734	0.9020	0.1220s	0.3371	0.8970	0.8908
0
0018	0.2540	0.9583	0.3749	0.8980	0.1224s	0.3377	0.8950	0.8882
0
0019	0.2151	0.9667	0.3870	0.8900	0.1222s	0.3489	0.8920	0.8841
1
0020	0.2417	0.9833	0.3967	0.8860	0.1217s	0.3578	0.8930	0.8845
2
0021	0.2473	0.9417	0.3892	0.8840	0.1224s	0.3494	0.8960	0.8892
3
0022	0.2172	0.9417	0.3840	0.8900	0.1218s	0.3432	0.8990	0.8923
4
0023	0.1862	0.9667	0.3826	0.8940	0.1218s	0.3416	0.8960	0.8898
5
0024	0.1871	0.9667	0.3866	0.8960	0.1224s	0.3464	0.8940	0.8877
6
0025	0.1596	0.9583	0.3925	0.8920	0.1242s	0.3535	0.8940	0.8879
7
0026	0.1659	0.9833	0.3975	0.8920	0.1228s	0.3606	0.8910	0.8848
8
0027	0.1934	0.9750	0.4008	0.8900	0.1225s	0.3647	0.8900	0.8839
9
0028	0.1766	0.9417	0.4001	0.8900	0.1220s	0.3634	0.8910	0.8846
10
0029	0.1900	0.9500	0.4006	0.8940	0.1220s	0.3622	0.8960	0.8893
11
0030	0.1353	0.9917	0.4028	0.8940	0.1220s	0.3629	0.8890	0.8820
12
0031	0.1937	0.9833	0.4078	0.8880	0.1223s	0.3653	0.8880	0.8807
13
0032	0.1401	0.9833	0.4104	0.8880	0.1221s	0.3665	0.8840	0.8761
14
0033	0.1688	0.9833	0.4122	0.8880	0.1215s	0.3674	0.8850	0.8773
15
0034	0.1543	0.9833	0.4108	0.8860	0.1203s	0.3670	0.8870	0.8791
16
0035	0.1831	0.9250	0.4045	0.8940	0.1046s	0.3627	0.8950	0.8877
17
0036	0.1681	0.9833	0.3989	0.8960	0.1221s	0.3588	0.8960	0.8891
18
0037	0.1604	0.9833	0.3930	0.8980	0.1222s	0.3557	0.8940	0.8876
19
0038	0.1778	0.9833	0.3886	0.9020	0.1225s	0.3548	0.8940	0.8878
20
0039	0.1567	0.9833	0.3865	0.9020	0.1226s	0.3556	0.8940	0.8884
0
0040	0.1724	0.9750	0.3875	0.9040	0.1214s	0.3592	0.8910	0.8850
0
0041	0.1646	0.9500	0.3926	0.9000	0.1212s	0.3656	0.8920	0.8855
0
0042	0.1483	0.9833	0.3983	0.8960	0.1217s	0.3713	0.8890	0.8822
1
0043	0.1685	0.9750	0.4027	0.8940	0.1218s	0.3752	0.8840	0.8761
2
0044	0.1565	0.9833	0.4048	0.8920	0.1216s	0.3754	0.8860	0.8785
3
0045	0.1438	0.9667	0.4028	0.8880	0.1217s	0.3720	0.8850	0.8777
4
0046	0.1711	0.9833	0.3942	0.8920	0.1220s	0.3630	0.8920	0.8852
5
0047	0.1574	0.9833	0.3854	0.8940	0.1217s	0.3544	0.8990	0.8930
6
0048	0.1601	0.9750	0.3786	0.8960	0.1224s	0.3493	0.8990	0.8934
7
0049	0.1602	1.0000	0.3764	0.8980	0.1221s	0.3498	0.9000	0.8946
8
0050	0.1416	0.9750	0.3782	0.8940	0.1218s	0.3552	0.8980	0.8924
9
0051	0.1558	0.9750	0.3849	0.8880	0.1220s	0.3644	0.8980	0.8924
10
0052	0.1588	0.9833	0.3883	0.8820	0.1225s	0.3680	0.8970	0.8914
11
0053	0.1568	0.9583	0.3930	0.8880	0.1226s	0.3715	0.8920	0.8858
12
0054	0.1800	0.9667	0.3935	0.8860	0.1222s	0.3688	0.8880	0.8811
13
0055	0.1688	0.9917	0.3903	0.8860	0.1222s	0.3623	0.8900	0.8831
14
0056	0.1508	0.9833	0.3895	0.8860	0.1218s	0.3571	0.8950	0.8886
15
0057	0.1422	0.9750	0.3855	0.8860	0.1072s	0.3509	0.8950	0.8888
16
0058	0.1548	0.9667	0.3818	0.8900	0.1220s	0.3472	0.8980	0.8920
17
0059	0.1632	0.9750	0.3780	0.8980	0.1221s	0.3462	0.8980	0.8919
18
0060	0.1524	0.9750	0.3779	0.8940	0.1222s	0.3506	0.9000	0.8943
19
0061	0.1502	1.0000	0.3869	0.8860	0.1221s	0.3647	0.8990	0.8929
20
0062	0.1814	0.9500	0.3940	0.8780	0.1208s	0.3737	0.8940	0.8870
21
0063	0.1501	0.9833	0.3897	0.8880	0.1224s	0.3699	0.8990	0.8934
22
0064	0.1344	1.0000	0.3851	0.8880	0.1229s	0.3654	0.8960	0.8905
23
0065	0.1487	0.9667	0.3778	0.8920	0.1219s	0.3563	0.8940	0.8885
24
0066	0.1332	1.0000	0.3737	0.8940	0.1221s	0.3518	0.8940	0.8883
25
0067	0.1636	0.9583	0.3746	0.8980	0.1219s	0.3538	0.8920	0.8861
26
0068	0.1653	0.9583	0.3739	0.8980	0.1226s	0.3543	0.8950	0.8888
27
0069	0.1481	0.9833	0.3729	0.8960	0.1220s	0.3550	0.8990	0.8928
28
0070	0.1447	1.0000	0.3766	0.8880	0.1216s	0.3604	0.9020	0.8959
0
0071	0.1725	0.9583	0.3816	0.8840	0.1220s	0.3672	0.8970	0.8906
1
0072	0.1346	0.9750	0.3854	0.8860	0.1217s	0.3715	0.8980	0.8916
2
0073	0.1498	0.9750	0.3829	0.8860	0.1221s	0.3691	0.8950	0.8891
3
0074	0.1703	0.9833	0.3764	0.8960	0.1222s	0.3615	0.8990	0.8937
4
0075	0.1442	0.9917	0.3725	0.9080	0.1217s	0.3564	0.8930	0.8868
5
0076	0.1641	0.9917	0.3736	0.9000	0.1225s	0.3563	0.8950	0.8889
0
0077	0.1636	0.9750	0.3759	0.8960	0.1224s	0.3589	0.8920	0.8857
1
0078	0.1385	0.9667	0.3787	0.8940	0.1214s	0.3617	0.8910	0.8842
2
0079	0.1385	0.9917	0.3812	0.8940	0.1216s	0.3634	0.8920	0.8850
3
0080	0.1381	0.9917	0.3834	0.8940	0.1222s	0.3654	0.8910	0.8840
4
0081	0.1362	0.9750	0.3806	0.8900	0.1217s	0.3634	0.8940	0.8870
5
0082	0.1422	0.9833	0.3761	0.8920	0.1217s	0.3607	0.8990	0.8926
6
0083	0.1834	0.9667	0.3774	0.8940	0.1223s	0.3640	0.8990	0.8922
7
0084	0.1535	0.9833	0.3719	0.8920	0.1224s	0.3583	0.8990	0.8928
8
0085	0.1343	1.0000	0.3732	0.8900	0.1234s	0.3586	0.8930	0.8863
0
0086	0.1494	0.9917	0.3772	0.8920	0.1222s	0.3607	0.8930	0.8862
1
0087	0.1741	0.9833	0.3769	0.9000	0.1225s	0.3593	0.8970	0.8916
2
0088	0.1678	0.9750	0.3697	0.9080	0.1208s	0.3516	0.9000	0.8949
3
0089	0.1498	0.9833	0.3635	0.9080	0.1220s	0.3465	0.9000	0.8947
0
0090	0.1328	0.9917	0.3603	0.9020	0.1219s	0.3456	0.9040	0.8985
0
0091	0.1589	0.9583	0.3635	0.8980	0.1218s	0.3499	0.9090	0.9036
0
0092	0.1452	0.9917	0.3703	0.8980	0.1224s	0.3577	0.9060	0.9002
1
0093	0.1322	0.9917	0.3783	0.8940	0.1223s	0.3671	0.9050	0.8990
2
0094	0.1306	0.9917	0.3828	0.8940	0.1218s	0.3714	0.9020	0.8954
3
0095	0.1515	0.9833	0.3834	0.8920	0.1220s	0.3708	0.8960	0.8888
4
0096	0.1476	0.9750	0.3827	0.9000	0.1215s	0.3692	0.8950	0.8879
5
0097	0.1301	0.9833	0.3810	0.9020	0.1218s	0.3673	0.8950	0.8880
6
0098	0.1337	0.9583	0.3758	0.9020	0.1219s	0.3624	0.8940	0.8871
7
0099	0.1652	0.9833	0.3733	0.9040	0.1223s	0.3610	0.8960	0.8893
8
0100	0.1407	0.9917	0.3698	0.9040	0.1221s	0.3596	0.8990	0.8929
9
0101	0.1368	0.9917	0.3699	0.9020	0.1225s	0.3620	0.8990	0.8930
10
0102	0.1399	0.9583	0.3720	0.8960	0.1221s	0.3649	0.9000	0.8943
11
0103	0.1441	0.9917	0.3737	0.8960	0.1220s	0.3660	0.9030	0.8977
12
0104	0.1293	0.9750	0.3724	0.9020	0.1223s	0.3633	0.9020	0.8964
13
0105	0.1356	1.0000	0.3707	0.9000	0.1223s	0.3585	0.9000	0.8942
14
0106	0.1398	0.9833	0.3697	0.9040	0.1221s	0.3541	0.8970	0.8911
15
0107	0.1511	1.0000	0.3747	0.9040	0.1219s	0.3564	0.8990	0.8933
16
0108	0.1275	0.9833	0.3820	0.9000	0.1221s	0.3630	0.8980	0.8920
17
0109	0.1286	1.0000	0.3859	0.8960	0.1226s	0.3668	0.8960	0.8898
18
0110	0.1409	0.9750	0.3796	0.9000	0.1218s	0.3609	0.8990	0.8929
19
0111	0.1502	0.9750	0.3723	0.9040	0.1219s	0.3550	0.8980	0.8918
20
0112	0.1342	0.9833	0.3658	0.9040	0.1220s	0.3502	0.9010	0.8953
21
0113	0.1241	0.9833	0.3635	0.9060	0.1221s	0.3490	0.9050	0.8996
22
0114	0.1501	0.9833	0.3618	0.9040	0.1220s	0.3481	0.9050	0.8995
23
0115	0.1426	0.9917	0.3624	0.9060	0.1224s	0.3498	0.9040	0.8988
24
0116	0.1392	0.9833	0.3684	0.9020	0.1214s	0.3586	0.8990	0.8936
25
0117	0.1670	0.9833	0.3734	0.9040	0.1220s	0.3635	0.8970	0.8916
26
0118	0.1374	0.9917	0.3780	0.9000	0.1221s	0.3677	0.8960	0.8903
27
0119	0.1223	0.9833	0.3783	0.8980	0.1224s	0.3674	0.8960	0.8903
28
0120	0.1176	0.9833	0.3763	0.9020	0.1249s	0.3655	0.8950	0.8892
29
0121	0.1627	0.9750	0.3727	0.9040	0.1221s	0.3628	0.8960	0.8903
30
0122	0.1424	0.9917	0.3692	0.9040	0.1222s	0.3596	0.8970	0.8913
31
0123	0.1324	0.9833	0.3677	0.8960	0.1214s	0.3582	0.9060	0.9008
32
0124	0.1451	1.0000	0.3669	0.8940	0.1217s	0.3570	0.9060	0.9004
33
0125	0.1316	0.9917	0.3688	0.8980	0.1220s	0.3590	0.9060	0.9005
34
0126	0.1557	0.9917	0.3712	0.8940	0.1223s	0.3616	0.9070	0.9017
35
0127	0.1558	0.9500	0.3736	0.8940	0.1217s	0.3633	0.9060	0.9008
36
0128	0.1381	0.9833	0.3803	0.9020	0.1218s	0.3681	0.8980	0.8925
37
0129	0.1510	0.9917	0.3821	0.9000	0.1221s	0.3675	0.8950	0.8895
38
0130	0.1430	0.9833	0.3809	0.9080	0.1216s	0.3636	0.8950	0.8894
39
0131	0.1432	1.0000	0.3798	0.9100	0.1221s	0.3620	0.8970	0.8916
0
0132	0.1446	0.9917	0.3739	0.9100	0.1045s	0.3567	0.8990	0.8939
0
0133	0.1340	0.9833	0.3676	0.9040	0.1171s	0.3535	0.9060	0.9012
0
0134	0.1280	1.0000	0.3679	0.8980	0.1220s	0.3574	0.9070	0.9021
1
0135	0.1270	0.9833	0.3751	0.8980	0.1215s	0.3655	0.9000	0.8945
2
0136	0.1589	0.9583	0.3868	0.8960	0.1219s	0.3740	0.9030	0.8978
3
0137	0.1538	0.9833	0.3999	0.8940	0.1220s	0.3812	0.8970	0.8916
4
0138	0.1521	0.9750	0.4010	0.9000	0.1219s	0.3787	0.8970	0.8914
5
0139	0.1310	0.9917	0.3964	0.9000	0.1221s	0.3721	0.8980	0.8927
6
0140	0.1454	0.9667	0.3838	0.9100	0.1216s	0.3593	0.9000	0.8944
7
0141	0.1377	0.9750	0.3755	0.9100	0.1225s	0.3502	0.9080	0.9032
0
0142	0.1833	0.9583	0.3715	0.9100	0.1215s	0.3477	0.9100	0.9052
0
0143	0.1167	0.9917	0.3692	0.9100	0.1219s	0.3487	0.9050	0.9000
0
0144	0.1269	0.9833	0.3708	0.8960	0.1218s	0.3553	0.9010	0.8956
0
0145	0.1772	0.9583	0.3754	0.8940	0.1223s	0.3631	0.9010	0.8954
1
0146	0.1427	0.9917	0.3809	0.8880	0.1217s	0.3704	0.8990	0.8929
2
0147	0.1640	0.9667	0.3826	0.8900	0.1215s	0.3715	0.8990	0.8928
3
0148	0.1481	0.9750	0.3907	0.8880	0.1219s	0.3761	0.8960	0.8897
4
0149	0.1387	0.9833	0.3982	0.8960	0.1219s	0.3797	0.8950	0.8889
5
0150	0.1504	0.9833	0.4009	0.8980	0.1217s	0.3807	0.8950	0.8887
6
0151	0.1449	0.9917	0.3910	0.9020	0.1212s	0.3707	0.8970	0.8910
7
0152	0.1336	0.9833	0.3800	0.9040	0.1217s	0.3620	0.9040	0.8990
8
0153	0.1126	1.0000	0.3734	0.9060	0.1217s	0.3582	0.9070	0.9020
9
0154	0.1322	0.9833	0.3696	0.9000	0.1221s	0.3572	0.9060	0.9011
10
0155	0.1709	0.9750	0.3688	0.9020	0.1219s	0.3579	0.9070	0.9024
11
0156	0.1395	0.9833	0.3722	0.9060	0.1222s	0.3603	0.9040	0.8991
12
0157	0.1266	0.9917	0.3768	0.9020	0.1219s	0.3634	0.9050	0.8998
13
0158	0.1572	0.9833	0.3862	0.8960	0.1223s	0.3712	0.9000	0.8939
14
0159	0.1558	0.9917	0.3957	0.8880	0.1217s	0.3808	0.8980	0.8916
15
0160	0.1573	0.9833	0.4023	0.8860	0.1218s	0.3867	0.8970	0.8906
16
0161	0.1393	0.9833	0.4007	0.8880	0.1220s	0.3858	0.8930	0.8864
17
0162	0.1354	0.9833	0.3940	0.8920	0.1225s	0.3783	0.8960	0.8898
18
0163	0.1451	0.9667	0.3825	0.9000	0.1225s	0.3644	0.9080	0.9026
19
0164	0.1284	0.9667	0.3756	0.9060	0.1218s	0.3561	0.9060	0.9006
20
0165	0.1267	0.9833	0.3743	0.9060	0.1215s	0.3537	0.9060	0.9010
21
0166	0.1376	0.9750	0.3791	0.9080	0.1219s	0.3571	0.9020	0.8967
22
0167	0.1324	0.9667	0.3861	0.9040	0.1223s	0.3633	0.8990	0.8936
23
0168	0.1274	0.9917	0.3913	0.8980	0.1222s	0.3690	0.8970	0.8914
24
0169	0.1352	0.9750	0.3974	0.8940	0.1222s	0.3759	0.8930	0.8868
25
0170	0.1321	0.9750	0.3983	0.8920	0.1225s	0.3773	0.8960	0.8898
26
0171	0.1275	1.0000	0.3979	0.8880	0.1216s	0.3772	0.8970	0.8909
27
0172	0.1337	0.9667	0.3923	0.8920	0.1218s	0.3717	0.8990	0.8931
28
0173	0.1310	0.9667	0.3830	0.9000	0.1221s	0.3607	0.9020	0.8961
29
0174	0.1428	0.9917	0.3756	0.9000	0.1220s	0.3496	0.9050	0.8996
30
0175	0.1181	0.9833	0.3744	0.9040	0.1217s	0.3450	0.9090	0.9042
31
0176	0.1531	0.9833	0.3745	0.9020	0.1219s	0.3443	0.9100	0.9053
32
0177	0.1207	1.0000	0.3760	0.9020	0.1221s	0.3477	0.9060	0.9012
33
0178	0.1491	0.9667	0.3828	0.8940	0.1218s	0.3588	0.9040	0.8986
34
0179	0.1309	0.9750	0.3965	0.8860	0.1231s	0.3749	0.8990	0.8928
35
0180	0.1333	0.9583	0.4080	0.8820	0.1042s	0.3864	0.8950	0.8881
36
0181	0.1727	0.9500	0.4095	0.8820	0.1217s	0.3868	0.8950	0.8882
37
0182	0.1617	1.0000	0.4010	0.8840	0.1225s	0.3762	0.8940	0.8872
38
0183	0.1393	0.9750	0.3892	0.9000	0.1222s	0.3607	0.8960	0.8904
39
0184	0.1392	0.9917	0.3873	0.9060	0.1224s	0.3531	0.9020	0.8964
40
0185	0.1397	0.9833	0.3879	0.9040	0.1199s	0.3509	0.9010	0.8954
41
0186	0.1250	1.0000	0.3887	0.9080	0.1219s	0.3514	0.9000	0.8944
42
0187	0.1230	0.9833	0.3872	0.9060	0.1220s	0.3520	0.9030	0.8972
43
0188	0.1380	1.0000	0.3885	0.9020	0.1223s	0.3565	0.9020	0.8960
44
0189	0.1570	0.9667	0.3915	0.8960	0.1221s	0.3626	0.9010	0.8952
45
0190	0.1307	0.9833	0.3926	0.8980	0.1215s	0.3657	0.9000	0.8941
46
0191	0.1558	0.9833	0.3901	0.8920	0.1223s	0.3659	0.9040	0.8986
47
0192	0.1499	0.9583	0.3878	0.8920	0.1223s	0.3642	0.9020	0.8967
48
0193	0.1285	0.9833	0.3853	0.8960	0.1222s	0.3624	0.9050	0.8997
49
0194	0.1591	0.9750	0.3826	0.9020	0.1222s	0.3573	0.9020	0.8962
50
0195	0.1352	0.9917	0.3828	0.9060	0.1216s	0.3533	0.9020	0.8963
51
0196	0.1494	1.0000	0.3861	0.9060	0.1218s	0.3534	0.9010	0.8953
52
0197	0.1305	0.9833	0.3903	0.9040	0.1219s	0.3551	0.8980	0.8921
53
0198	0.1262	0.9833	0.3906	0.9020	0.1217s	0.3546	0.8980	0.8921
54
0199	0.1200	1.0000	0.3910	0.9000	0.1216s	0.3555	0.8970	0.8910
55
0200	0.1385	0.9833	0.3945	0.9000	0.1217s	0.3599	0.9000	0.8940
56
0201	0.1255	0.9917	0.3948	0.9000	0.1220s	0.3593	0.9000	0.8939
57
0202	0.1472	0.9917	0.3896	0.9040	0.1224s	0.3536	0.9020	0.8964
58
0203	0.1253	0.9750	0.3839	0.9040	0.1218s	0.3478	0.9060	0.9006
59
0204	0.1503	0.9750	0.3835	0.9020	0.1223s	0.3465	0.9050	0.8997
60
0205	0.1272	0.9833	0.3846	0.9020	0.1218s	0.3453	0.9030	0.8973
61
0206	0.1168	0.9917	0.3864	0.9000	0.1220s	0.3454	0.9000	0.8940
62
0207	0.1605	0.9667	0.3912	0.9000	0.1224s	0.3496	0.9000	0.8942
63
0208	0.1291	0.9833	0.3963	0.8980	0.1224s	0.3541	0.9000	0.8939
64
0209	0.1357	0.9833	0.3980	0.8960	0.1217s	0.3557	0.8990	0.8923
65
0210	0.1553	0.9833	0.3942	0.8960	0.1215s	0.3524	0.9010	0.8947
66
0211	0.1439	1.0000	0.3909	0.9020	0.1221s	0.3497	0.9040	0.8982
67
0212	0.1332	0.9833	0.3933	0.8980	0.1223s	0.3529	0.9060	0.9002
68
0213	0.1364	0.9750	0.3903	0.8980	0.1224s	0.3506	0.9070	0.9016
69
0214	0.1387	0.9750	0.3884	0.9000	0.1224s	0.3476	0.9050	0.8994
70
0215	0.1318	0.9833	0.3854	0.9020	0.1225s	0.3432	0.9040	0.8984
71
0216	0.1220	0.9667	0.3832	0.9020	0.1222s	0.3399	0.9060	0.9006
72
0217	0.1238	0.9667	0.3839	0.9020	0.1220s	0.3399	0.9050	0.8999
73
0218	0.1567	0.9583	0.3897	0.8980	0.1222s	0.3451	0.9030	0.8976
74
0219	0.1501	0.9667	0.4004	0.8960	0.1197s	0.3563	0.9000	0.8936
75
0220	0.1211	0.9667	0.4090	0.8900	0.1221s	0.3669	0.8980	0.8913
76
0221	0.1241	0.9833	0.4126	0.8880	0.1223s	0.3718	0.8970	0.8903
77
0222	0.1375	0.9833	0.4034	0.8940	0.1220s	0.3653	0.9040	0.8979
78
0223	0.1368	0.9833	0.3916	0.8980	0.1217s	0.3551	0.9080	0.9022
79
0224	0.1431	0.9833	0.3802	0.9060	0.1217s	0.3462	0.9070	0.9020
80
0225	0.1429	0.9750	0.3747	0.9040	0.1224s	0.3442	0.9070	0.9019
81
0226	0.1389	0.9917	0.3738	0.9020	0.1218s	0.3445	0.9060	0.9009
82
0227	0.1183	0.9833	0.3777	0.9060	0.1225s	0.3485	0.9080	0.9027
83
0228	0.1424	0.9917	0.3877	0.8940	0.1221s	0.3577	0.9030	0.8970
84
0229	0.1301	1.0000	0.4026	0.8960	0.1224s	0.3708	0.8970	0.8901
85
0230	0.1356	0.9833	0.4155	0.8900	0.1222s	0.3824	0.8950	0.8878
86
0231	0.1333	0.9917	0.4162	0.8900	0.1215s	0.3849	0.8970	0.8905
87
0232	0.1461	1.0000	0.4092	0.8920	0.1223s	0.3810	0.8980	0.8915
88
0233	0.1476	0.9833	0.3942	0.8980	0.1046s	0.3693	0.9050	0.8994
89
0234	0.1357	0.9833	0.3855	0.8980	0.1125s	0.3653	0.9070	0.9016
90
0235	0.1693	0.9667	0.3787	0.8980	0.1219s	0.3595	0.9070	0.9019
91
0236	0.1457	0.9750	0.3808	0.8980	0.1223s	0.3613	0.9070	0.9018
92
0237	0.1290	0.9833	0.3868	0.9000	0.1045s	0.3663	0.9030	0.8973
93
0238	0.1592	0.9833	0.3976	0.8880	0.1220s	0.3727	0.8980	0.8917
94
0239	0.1317	0.9667	0.4129	0.8840	0.1226s	0.3825	0.8960	0.8893
95
0240	0.1359	0.9833	0.4294	0.8800	0.1219s	0.3942	0.8850	0.8780
96
0241	0.1298	0.9917	0.4341	0.8780	0.1250s	0.3969	0.8860	0.8788
97
0242	0.1383	0.9833	0.4312	0.8820	0.1220s	0.3939	0.8920	0.8854
98
0243	0.1427	0.9833	0.4145	0.8880	0.1219s	0.3798	0.8990	0.8933
99
0244	0.1310	0.9917	0.4045	0.8900	0.1214s	0.3731	0.9000	0.8940
100
0245	0.1235	0.9917	0.3975	0.8920	0.1226s	0.3671	0.9020	0.8964
101
0246	0.1344	0.9750	0.3947	0.8960	0.1219s	0.3652	0.9050	0.8995
102
0247	0.1494	0.9917	0.3962	0.8940	0.1220s	0.3661	0.9040	0.8983
103
0248	0.1397	0.9833	0.4065	0.8880	0.1225s	0.3748	0.9010	0.8951
104
0249	0.1556	0.9667	0.4206	0.8900	0.1225s	0.3870	0.8920	0.8847
105
0250	0.1452	0.9750	0.4325	0.8880	0.1213s	0.3984	0.8890	0.8817
106
0251	0.1187	0.9917	0.4389	0.8820	0.1220s	0.4043	0.8880	0.8810
107
0252	0.1518	0.9917	0.4309	0.8840	0.1222s	0.3985	0.8910	0.8842
108
0253	0.1301	0.9750	0.4220	0.8860	0.1219s	0.3918	0.8970	0.8906
109
0254	0.1409	1.0000	0.4092	0.8880	0.1214s	0.3800	0.8980	0.8918
110
0255	0.1332	0.9833	0.3966	0.8980	0.1214s	0.3687	0.9000	0.8942
111
0256	0.1236	0.9833	0.3921	0.8980	0.1219s	0.3651	0.9010	0.8955
112
0257	0.1269	0.9917	0.3911	0.8980	0.1233s	0.3646	0.9040	0.8986
113
0258	0.1289	1.0000	0.3943	0.8980	0.1210s	0.3667	0.9010	0.8955
114
0259	0.1516	0.9667	0.4051	0.8920	0.1224s	0.3756	0.8990	0.8934
115
0260	0.1172	0.9667	0.4240	0.8880	0.1047s	0.3927	0.8950	0.8893
116
0261	0.1312	0.9750	0.4348	0.8800	0.1221s	0.4009	0.8880	0.8816
117
0262	0.1228	0.9833	0.4320	0.8800	0.1213s	0.3977	0.8920	0.8854
118
0263	0.1303	0.9917	0.4191	0.8900	0.1221s	0.3864	0.8940	0.8872
119
0264	0.1339	0.9417	0.4075	0.8880	0.1220s	0.3776	0.8990	0.8923
120
0265	0.1301	1.0000	0.3997	0.8940	0.1225s	0.3729	0.9030	0.8970
121
0266	0.1207	0.9833	0.3976	0.8900	0.1223s	0.3722	0.9000	0.8939
122
0267	0.1502	0.9583	0.3967	0.8920	0.1253s	0.3725	0.9030	0.8970
123
0268	0.1437	0.9750	0.4009	0.8940	0.1220s	0.3763	0.9040	0.8980
124
0269	0.1487	0.9917	0.4050	0.8920	0.1223s	0.3798	0.9020	0.8962
125
0270	0.1196	0.9833	0.4027	0.8940	0.1221s	0.3767	0.8980	0.8920
126
0271	0.1245	0.9750	0.3993	0.8980	0.1218s	0.3739	0.8980	0.8922
127
0272	0.1297	0.9750	0.3969	0.9000	0.1224s	0.3722	0.9010	0.8951
128
0273	0.1391	0.9750	0.4003	0.8960	0.1216s	0.3771	0.9040	0.8981
129
0274	0.1324	0.9750	0.4025	0.8960	0.1219s	0.3811	0.9040	0.8981
130
0275	0.1329	0.9583	0.3998	0.8960	0.1225s	0.3791	0.9050	0.8993
131
0276	0.1331	0.9750	0.3936	0.8980	0.1221s	0.3733	0.9050	0.8994
132
0277	0.1187	0.9917	0.3932	0.8980	0.1221s	0.3730	0.9020	0.8962
133
0278	0.1241	1.0000	0.3948	0.8980	0.1105s	0.3755	0.9020	0.8961
134
0279	0.1178	1.0000	0.3960	0.8980	0.1221s	0.3775	0.9000	0.8939
135
0280	0.1257	0.9750	0.3976	0.8960	0.1221s	0.3803	0.9000	0.8939
136
0281	0.1503	0.9833	0.3974	0.8960	0.1227s	0.3796	0.9020	0.8957
137
0282	0.1466	0.9750	0.3958	0.8960	0.1223s	0.3777	0.9040	0.8977
138
0283	0.1315	0.9750	0.3935	0.8940	0.1223s	0.3750	0.9050	0.8989
139
0284	0.1267	0.9833	0.3913	0.8960	0.1222s	0.3726	0.9040	0.8982
140
0285	0.1194	0.9833	0.3899	0.8920	0.1221s	0.3707	0.9030	0.8971
141
0286	0.1321	0.9833	0.3911	0.8940	0.1223s	0.3733	0.9020	0.8960
142
0287	0.1227	1.0000	0.3886	0.8960	0.1221s	0.3733	0.8970	0.8910
143
0288	0.1481	0.9750	0.3888	0.8920	0.1222s	0.3756	0.8980	0.8917
144
0289	0.1303	0.9750	0.3857	0.8980	0.1216s	0.3743	0.8990	0.8934
145
0290	0.1222	0.9750	0.3844	0.9000	0.1219s	0.3729	0.8980	0.8928
146
0291	0.1252	0.9917	0.3847	0.8980	0.1222s	0.3717	0.9000	0.8949
147
0292	0.1511	0.9917	0.3929	0.8960	0.1222s	0.3760	0.9000	0.8945
148
0293	0.1110	0.9750	0.3996	0.8960	0.1215s	0.3774	0.8990	0.8930
149
0294	0.1209	0.9667	0.4077	0.8920	0.1221s	0.3812	0.8950	0.8879
150
0295	0.1170	0.9833	0.4058	0.8920	0.1224s	0.3774	0.8960	0.8887
151
0296	0.1366	0.9583	0.4013	0.8940	0.1084s	0.3730	0.9000	0.8930
152
0297	0.1212	0.9917	0.3936	0.8940	0.1215s	0.3679	0.9040	0.8978
153
0298	0.1143	0.9833	0.3832	0.8960	0.1218s	0.3605	0.9070	0.9014
154
0299	0.1523	0.9500	0.3733	0.9000	0.1217s	0.3533	0.9090	0.9038
155
0300	0.1424	0.9667	0.3706	0.9060	0.1220s	0.3509	0.9070	0.9020
156
0301	0.1289	0.9750	0.3793	0.9020	0.1219s	0.3592	0.9000	0.8947
157
0302	0.1347	0.9833	0.3935	0.8940	0.1221s	0.3710	0.8970	0.8918
158
0303	0.1412	0.9583	0.4004	0.8940	0.1217s	0.3754	0.8950	0.8896
159
0304	0.1259	0.9750	0.4023	0.8920	0.1218s	0.3771	0.8970	0.8915
160
0305	0.1352	0.9833	0.4028	0.8900	0.1220s	0.3770	0.8950	0.8889
161
0306	0.1296	0.9750	0.3941	0.8940	0.1046s	0.3699	0.8960	0.8897
162
0307	0.1161	1.0000	0.3897	0.8980	0.1089s	0.3669	0.8990	0.8928
163
0308	0.1457	0.9833	0.3881	0.8900	0.1194s	0.3661	0.9040	0.8983
164
0309	0.1227	0.9917	0.3856	0.8900	0.1219s	0.3660	0.9060	0.9000
165
0310	0.1612	0.9833	0.3803	0.8960	0.1193s	0.3626	0.9070	0.9014
166
0311	0.1574	0.9750	0.3746	0.8960	0.1221s	0.3584	0.9070	0.9016
167
0312	0.1342	1.0000	0.3741	0.8980	0.1221s	0.3574	0.9050	0.8994
168
0313	0.1409	0.9667	0.3767	0.8980	0.1224s	0.3581	0.9050	0.8992
169
0314	0.1219	0.9750	0.3819	0.9000	0.1222s	0.3611	0.9010	0.8951
170
0315	0.1302	0.9917	0.3873	0.9000	0.1222s	0.3650	0.8990	0.8931
171
0316	0.1341	0.9833	0.3913	0.8980	0.1215s	0.3661	0.8970	0.8912
172
0317	0.1246	0.9750	0.3926	0.8940	0.1222s	0.3650	0.8970	0.8914
173
0318	0.1249	0.9917	0.3884	0.8940	0.1220s	0.3616	0.9010	0.8955
174
0319	0.1428	0.9667	0.3828	0.8960	0.1224s	0.3564	0.9030	0.8972
175
0320	0.1349	0.9750	0.3824	0.8960	0.1222s	0.3553	0.9050	0.8993
176
0321	0.1353	0.9750	0.3847	0.8900	0.1045s	0.3576	0.9040	0.8983
177
0322	0.1457	0.9750	0.3921	0.8900	0.1220s	0.3642	0.9050	0.8988
178
0323	0.1357	0.9750	0.3987	0.8940	0.1218s	0.3692	0.9030	0.8967
179
0324	0.1436	1.0000	0.4033	0.8920	0.1222s	0.3725	0.9000	0.8930
180
0325	0.1338	0.9750	0.4023	0.8920	0.1224s	0.3685	0.8980	0.8913
181
0326	0.1339	0.9833	0.4023	0.8980	0.1224s	0.3653	0.8980	0.8914
182
0327	0.1132	1.0000	0.4030	0.8940	0.1221s	0.3621	0.8960	0.8897
183
0328	0.1373	0.9917	0.4003	0.8960	0.1220s	0.3581	0.8980	0.8916
184
0329	0.1277	0.9833	0.3911	0.9000	0.1223s	0.3502	0.9020	0.8961
185
0330	0.1322	0.9833	0.3833	0.9060	0.1220s	0.3463	0.9020	0.8961
186
0331	0.1392	0.9833	0.3782	0.9040	0.1222s	0.3463	0.9090	0.9036
187
0332	0.1482	0.9750	0.3770	0.9020	0.1221s	0.3497	0.9080	0.9029
188
0333	0.1282	0.9917	0.3808	0.8940	0.1219s	0.3568	0.9080	0.9029
189
0334	0.1197	0.9833	0.3886	0.8880	0.1229s	0.3668	0.9060	0.9003
190
0335	0.1451	0.9667	0.3989	0.8900	0.1206s	0.3758	0.8940	0.8877
191
0336	0.1301	0.9417	0.4129	0.8860	0.1246s	0.3860	0.8840	0.8769
192
0337	0.1617	0.9917	0.4226	0.8880	0.1044s	0.3904	0.8850	0.8775
193
0338	0.1540	0.9833	0.4139	0.8900	0.1219s	0.3806	0.8930	0.8865
194
0339	0.1366	0.9750	0.3978	0.8900	0.1219s	0.3658	0.9000	0.8939
195
0340	0.1319	0.9833	0.3839	0.9080	0.1221s	0.3524	0.9060	0.9002
196
0341	0.1363	0.9583	0.3784	0.9080	0.1215s	0.3464	0.9080	0.9027
197
0342	0.1314	0.9833	0.3802	0.9020	0.1221s	0.3487	0.9050	0.9001
198
0343	0.1279	0.9750	0.3830	0.9000	0.1224s	0.3537	0.8990	0.8942
199
Early stop! Min loss:0.36027613282203674,  Max accuracy:0.91
Early stop model validation loss:0.36027613282203674,  accuracy:0.902
Optimization Finished!
Total time elapsed: 42.1687s
test max acc:0.9100
Loading 89th epoch
stru_node_to_hop attention:tensor([[0.2507, 0.2506, 0.2495, 0.2491],
        [0.2496, 0.2502, 0.2501, 0.2501],
        [0.2495, 0.2503, 0.2501, 0.2501],
        [0.2494, 0.2506, 0.2501, 0.2500],
        [0.2478, 0.2508, 0.2507, 0.2507],
        [0.2499, 0.2504, 0.2499, 0.2498],
        [0.2504, 0.2498, 0.2499, 0.2499],
        [0.2501, 0.2502, 0.2499, 0.2498],
        [0.2506, 0.2498, 0.2499, 0.2498],
        [0.2492, 0.2505, 0.2502, 0.2501],
        [0.2495, 0.2503, 0.2501, 0.2501],
        [0.2499, 0.2500, 0.2500, 0.2500],
        [0.2501, 0.2499, 0.2500, 0.2500],
        [0.2499, 0.2500, 0.2501, 0.2500],
        [0.2494, 0.2503, 0.2502, 0.2501],
        [0.2491, 0.2511, 0.2501, 0.2497],
        [0.2472, 0.2514, 0.2508, 0.2506],
        [0.2485, 0.2516, 0.2502, 0.2498],
        [0.2493, 0.2504, 0.2502, 0.2501],
        [0.2496, 0.2506, 0.2501, 0.2498],
        [0.2500, 0.2500, 0.2500, 0.2500],
        [0.2483, 0.2518, 0.2502, 0.2498],
        [0.2492, 0.2503, 0.2503, 0.2502],
        [0.2496, 0.2502, 0.2501, 0.2501],
        [0.2500, 0.2501, 0.2500, 0.2500],
        [0.2486, 0.2508, 0.2504, 0.2503],
        [0.2497, 0.2503, 0.2500, 0.2499],
        [0.2492, 0.2505, 0.2502, 0.2501],
        [0.2501, 0.2499, 0.2500, 0.2500],
        [0.2492, 0.2506, 0.2501, 0.2500],
        [0.2479, 0.2512, 0.2505, 0.2504],
        [0.2485, 0.2509, 0.2504, 0.2502],
        [0.2502, 0.2499, 0.2499, 0.2499],
        [0.2495, 0.2502, 0.2502, 0.2501],
        [0.2486, 0.2506, 0.2505, 0.2503],
        [0.2499, 0.2501, 0.2500, 0.2500],
        [0.2501, 0.2501, 0.2500, 0.2499],
        [0.2491, 0.2502, 0.2504, 0.2504],
        [0.2501, 0.2500, 0.2500, 0.2499],
        [0.2494, 0.2505, 0.2501, 0.2500],
        [0.2500, 0.2500, 0.2500, 0.2500],
        [0.2499, 0.2502, 0.2500, 0.2499],
        [0.2493, 0.2504, 0.2502, 0.2501],
        [0.2494, 0.2503, 0.2501, 0.2501],
        [0.2485, 0.2507, 0.2505, 0.2503],
        [0.1938, 0.2050, 0.2794, 0.3217],
        [0.2497, 0.2502, 0.2501, 0.2499],
        [0.2485, 0.2510, 0.2503, 0.2502],
        [0.2489, 0.2503, 0.2504, 0.2504],
        [0.2496, 0.2503, 0.2501, 0.2500],
        [0.2494, 0.2502, 0.2502, 0.2502],
        [0.2479, 0.2512, 0.2505, 0.2503],
        [0.2501, 0.2500, 0.2500, 0.2500],
        [0.2504, 0.2498, 0.2499, 0.2499],
        [0.2482, 0.2514, 0.2503, 0.2501],
        [0.2495, 0.2502, 0.2501, 0.2502],
        [0.2503, 0.2510, 0.2497, 0.2491],
        [0.2504, 0.2498, 0.2499, 0.2499],
        [0.2491, 0.2509, 0.2501, 0.2499],
        [0.2486, 0.2512, 0.2502, 0.2500],
        [0.2489, 0.2505, 0.2503, 0.2502],
        [0.2487, 0.2506, 0.2504, 0.2503],
        [0.2489, 0.2508, 0.2502, 0.2501],
        [0.2487, 0.2498, 0.2506, 0.2510],
        [0.2496, 0.2502, 0.2501, 0.2501],
        [0.2499, 0.2501, 0.2500, 0.2500],
        [0.2495, 0.2511, 0.2499, 0.2495],
        [0.2474, 0.2505, 0.2510, 0.2511],
        [0.2497, 0.2501, 0.2501, 0.2501],
        [0.2492, 0.2504, 0.2503, 0.2502],
        [0.2494, 0.2507, 0.2500, 0.2499],
        [0.2492, 0.2505, 0.2502, 0.2502],
        [0.2501, 0.2503, 0.2499, 0.2497],
        [0.2497, 0.2508, 0.2499, 0.2496],
        [0.2494, 0.2503, 0.2502, 0.2501],
        [0.2493, 0.2506, 0.2501, 0.2500],
        [0.2490, 0.2509, 0.2501, 0.2499],
        [0.2524, 0.2480, 0.2496, 0.2499],
        [0.2490, 0.2504, 0.2503, 0.2502],
        [0.2494, 0.2502, 0.2502, 0.2502],
        [0.2523, 0.2495, 0.2494, 0.2488],
        [0.2488, 0.2508, 0.2503, 0.2501],
        [0.2497, 0.2502, 0.2501, 0.2499],
        [0.2493, 0.2503, 0.2502, 0.2502],
        [0.2496, 0.2502, 0.2501, 0.2501],
        [0.2485, 0.2505, 0.2505, 0.2505],
        [0.2494, 0.2501, 0.2502, 0.2502],
        [0.2470, 0.2517, 0.2508, 0.2505],
        [0.2485, 0.2509, 0.2504, 0.2502],
        [0.2519, 0.2496, 0.2493, 0.2491],
        [0.2494, 0.2504, 0.2501, 0.2500],
        [0.2500, 0.2500, 0.2500, 0.2500],
        [0.2500, 0.2500, 0.2500, 0.2500],
        [0.2489, 0.2505, 0.2503, 0.2502],
        [0.2498, 0.2502, 0.2500, 0.2499],
        [0.2500, 0.2500, 0.2500, 0.2500],
        [0.2498, 0.2501, 0.2501, 0.2501],
        [0.2507, 0.2497, 0.2498, 0.2497],
        [0.2492, 0.2509, 0.2501, 0.2498],
        [0.2505, 0.2499, 0.2499, 0.2498]], device='cuda:1')
fea_node_to_hop attention:tensor([[0.3308, 0.3345, 0.3347],
        [0.3325, 0.3338, 0.3337],
        [0.3322, 0.3333, 0.3345],
        [0.3322, 0.3337, 0.3341],
        [0.3332, 0.3328, 0.3340],
        [0.3329, 0.3330, 0.3340],
        [0.3319, 0.3338, 0.3343],
        [0.3315, 0.3336, 0.3350],
        [0.3331, 0.3335, 0.3334],
        [0.3308, 0.3338, 0.3354],
        [0.3299, 0.3347, 0.3354],
        [0.3334, 0.3330, 0.3335],
        [0.3335, 0.3334, 0.3330],
        [0.3310, 0.3338, 0.3351],
        [0.3304, 0.3354, 0.3343],
        [0.3305, 0.3344, 0.3351],
        [0.3280, 0.3345, 0.3375],
        [0.3300, 0.3345, 0.3355],
        [0.3312, 0.3339, 0.3350],
        [0.3299, 0.3339, 0.3361],
        [0.3331, 0.3336, 0.3333],
        [0.3303, 0.3342, 0.3355],
        [0.3300, 0.3344, 0.3356],
        [0.3333, 0.3337, 0.3330],
        [0.3331, 0.3334, 0.3336],
        [0.3300, 0.3347, 0.3353],
        [0.3325, 0.3333, 0.3342],
        [0.3294, 0.3347, 0.3359],
        [0.3317, 0.3336, 0.3348],
        [0.3332, 0.3331, 0.3337],
        [0.3290, 0.3352, 0.3359],
        [0.3292, 0.3341, 0.3367],
        [0.3331, 0.3334, 0.3335],
        [0.3318, 0.3339, 0.3343],
        [0.3334, 0.3333, 0.3333],
        [0.3331, 0.3334, 0.3335],
        [0.3312, 0.3341, 0.3347],
        [0.3336, 0.3329, 0.3334],
        [0.3331, 0.3327, 0.3342],
        [0.3288, 0.3358, 0.3354],
        [0.3339, 0.3332, 0.3329],
        [0.3317, 0.3339, 0.3344],
        [0.3318, 0.3338, 0.3344],
        [0.3306, 0.3348, 0.3346],
        [0.3315, 0.3349, 0.3336],
        [0.3081, 0.3554, 0.3365],
        [0.3317, 0.3338, 0.3345],
        [0.3294, 0.3345, 0.3361],
        [0.3309, 0.3344, 0.3347],
        [0.3323, 0.3337, 0.3340],
        [0.3312, 0.3345, 0.3343],
        [0.3286, 0.3352, 0.3362],
        [0.3334, 0.3333, 0.3333],
        [0.3307, 0.3340, 0.3353],
        [0.3342, 0.3321, 0.3337],
        [0.3311, 0.3341, 0.3348],
        [0.3316, 0.3338, 0.3347],
        [0.3318, 0.3340, 0.3342],
        [0.3330, 0.3326, 0.3345],
        [0.3309, 0.3334, 0.3358],
        [0.3324, 0.3337, 0.3339],
        [0.3304, 0.3343, 0.3353],
        [0.3323, 0.3332, 0.3345],
        [0.3318, 0.3339, 0.3343],
        [0.3325, 0.3338, 0.3338],
        [0.3298, 0.3348, 0.3354],
        [0.3310, 0.3345, 0.3345],
        [0.3317, 0.3337, 0.3346],
        [0.3322, 0.3339, 0.3338],
        [0.3305, 0.3338, 0.3357],
        [0.3324, 0.3335, 0.3341],
        [0.3294, 0.3347, 0.3359],
        [0.3328, 0.3333, 0.3339],
        [0.3297, 0.3350, 0.3353],
        [0.3317, 0.3340, 0.3343],
        [0.3301, 0.3342, 0.3358],
        [0.3307, 0.3345, 0.3348],
        [0.3281, 0.3347, 0.3372],
        [0.3314, 0.3333, 0.3353],
        [0.3313, 0.3338, 0.3349],
        [0.3314, 0.3347, 0.3339],
        [0.3307, 0.3341, 0.3351],
        [0.3275, 0.3354, 0.3371],
        [0.3313, 0.3340, 0.3347],
        [0.3327, 0.3331, 0.3341],
        [0.3294, 0.3351, 0.3354],
        [0.3327, 0.3337, 0.3336],
        [0.3295, 0.3345, 0.3361],
        [0.3309, 0.3338, 0.3353],
        [0.3310, 0.3338, 0.3351],
        [0.3307, 0.3344, 0.3349],
        [0.3334, 0.3333, 0.3333],
        [0.3332, 0.3335, 0.3334],
        [0.3299, 0.3352, 0.3349],
        [0.3323, 0.3332, 0.3345],
        [0.3332, 0.3334, 0.3335],
        [0.3330, 0.3336, 0.3334],
        [0.3311, 0.3339, 0.3350],
        [0.3289, 0.3358, 0.3353],
        [0.3324, 0.3334, 0.3342]], device='cuda:1')
perception attention:tensor([0.5000, 0.5000], device='cuda:1')
Test set results: loss= 0.3456 accuracy= 0.9040 F1_score= 0.8985
