# epoch	loss_train	acc_train	loss_val	acc_val	time	acc_test	f1_test
0001	1.7961	0.2083	1.6801	0.4020	0.1233s	1.6687	0.3970	0.2471
0
0002	1.6834	0.3917	1.5264	0.4660	0.1182s	1.4997	0.4750	0.3397
0
0003	1.5297	0.4500	1.3518	0.6280	0.1184s	1.3234	0.6490	0.5810
0
0004	1.3356	0.5917	1.1533	0.8040	0.1048s	1.1313	0.8230	0.8038
0
0005	1.1304	0.8000	0.9828	0.8520	0.1197s	0.9651	0.8400	0.8311
0
0006	0.9539	0.8250	0.8435	0.8520	0.1164s	0.8286	0.8490	0.8444
0
0007	0.8511	0.7917	0.7177	0.8740	0.1046s	0.7021	0.8750	0.8698
0
0008	0.7040	0.8667	0.6177	0.8940	0.1202s	0.6003	0.8800	0.8720
0
0009	0.5944	0.8583	0.5476	0.8840	0.1046s	0.5277	0.8870	0.8791
0
0010	0.4938	0.8917	0.4975	0.8860	0.1095s	0.4756	0.8900	0.8824
0
0011	0.4483	0.9083	0.4581	0.8920	0.1201s	0.4339	0.8880	0.8814
0
0012	0.3929	0.9083	0.4264	0.8920	0.1152s	0.3991	0.8980	0.8921
0
0013	0.3750	0.9083	0.4047	0.8840	0.1176s	0.3739	0.9000	0.8939
0
0014	0.3294	0.9583	0.3929	0.8920	0.1195s	0.3606	0.8980	0.8927
0
0015	0.2899	0.9417	0.3921	0.8920	0.1176s	0.3586	0.8970	0.8913
0
0016	0.2781	0.9167	0.3916	0.8860	0.1263s	0.3569	0.8980	0.8921
0
0017	0.2366	0.9667	0.3906	0.8900	0.1202s	0.3537	0.8990	0.8929
0
0018	0.2451	0.9500	0.3901	0.8920	0.1228s	0.3504	0.9000	0.8942
0
0019	0.2188	0.9917	0.3871	0.8940	0.1216s	0.3449	0.9020	0.8962
0
0020	0.2412	0.9500	0.3925	0.8900	0.1057s	0.3481	0.9030	0.8971
0
0021	0.2072	0.9667	0.3982	0.8920	0.1110s	0.3514	0.8950	0.8890
1
0022	0.1844	0.9750	0.3989	0.8920	0.1125s	0.3521	0.9010	0.8954
2
0023	0.1986	0.9917	0.3982	0.8940	0.1048s	0.3536	0.9020	0.8964
3
0024	0.1846	0.9833	0.4009	0.8880	0.1129s	0.3576	0.9010	0.8954
0
0025	0.1847	0.9583	0.4060	0.8840	0.1222s	0.3636	0.8950	0.8888
1
0026	0.1874	0.9667	0.4070	0.8820	0.1226s	0.3635	0.8940	0.8877
2
0027	0.1785	0.9833	0.4057	0.8840	0.1199s	0.3607	0.8940	0.8881
3
0028	0.1809	0.9583	0.4095	0.8900	0.1194s	0.3631	0.8950	0.8885
4
0029	0.1636	0.9500	0.4138	0.8880	0.1165s	0.3660	0.8990	0.8923
5
0030	0.1742	0.9667	0.4163	0.8900	0.1198s	0.3679	0.8930	0.8858
6
0031	0.1773	0.9917	0.4235	0.8860	0.1220s	0.3741	0.8930	0.8860
7
0032	0.1672	0.9833	0.4306	0.8840	0.1220s	0.3810	0.8920	0.8850
8
0033	0.1601	0.9667	0.4316	0.8920	0.1052s	0.3835	0.8920	0.8857
9
0034	0.1611	0.9833	0.4263	0.8920	0.1191s	0.3801	0.8950	0.8890
10
0035	0.1391	0.9917	0.4249	0.8900	0.1170s	0.3816	0.8890	0.8821
11
0036	0.1618	0.9500	0.4217	0.8860	0.1177s	0.3811	0.8920	0.8852
12
0037	0.1417	1.0000	0.4191	0.8820	0.1226s	0.3798	0.8910	0.8841
13
0038	0.1610	0.9583	0.4143	0.8860	0.1237s	0.3745	0.8920	0.8851
14
0039	0.1634	0.9583	0.4101	0.8880	0.1121s	0.3681	0.8930	0.8861
15
0040	0.1548	0.9833	0.4065	0.8920	0.1197s	0.3626	0.8940	0.8875
16
0041	0.1571	0.9833	0.4043	0.8960	0.1047s	0.3592	0.8940	0.8872
17
0042	0.1431	1.0000	0.4038	0.8940	0.1137s	0.3590	0.8950	0.8885
0
0043	0.1656	0.9833	0.4047	0.8920	0.1174s	0.3622	0.8970	0.8905
1
0044	0.1473	1.0000	0.4075	0.8880	0.1177s	0.3676	0.8970	0.8903
2
0045	0.1652	0.9667	0.4092	0.8820	0.1198s	0.3709	0.8940	0.8874
3
0046	0.1544	0.9833	0.4086	0.8800	0.1224s	0.3726	0.8940	0.8874
4
0047	0.1375	0.9833	0.4058	0.8800	0.1224s	0.3714	0.8940	0.8874
5
0048	0.1624	0.9750	0.4002	0.8880	0.1150s	0.3638	0.8960	0.8900
6
0049	0.1797	0.9917	0.3971	0.8900	0.1223s	0.3582	0.8980	0.8919
7
0050	0.1565	0.9750	0.3993	0.8920	0.1048s	0.3586	0.8990	0.8931
8
0051	0.1600	0.9833	0.4051	0.8960	0.1177s	0.3633	0.8980	0.8918
9
0052	0.1529	0.9833	0.4094	0.8940	0.1128s	0.3689	0.8930	0.8861
0
0053	0.1537	0.9667	0.4134	0.8900	0.1172s	0.3761	0.8940	0.8874
1
0054	0.1449	0.9667	0.4143	0.8900	0.1235s	0.3805	0.8890	0.8817
2
0055	0.1503	0.9750	0.4156	0.8840	0.1135s	0.3847	0.8880	0.8806
3
0056	0.1552	0.9833	0.4113	0.8780	0.1198s	0.3833	0.8910	0.8836
4
0057	0.1697	0.9750	0.4027	0.8820	0.1210s	0.3737	0.8950	0.8881
5
0058	0.1548	0.9583	0.3951	0.8860	0.1156s	0.3644	0.8990	0.8925
6
0059	0.1630	0.9917	0.3894	0.8920	0.1040s	0.3568	0.9010	0.8950
7
0060	0.1389	0.9917	0.3861	0.8980	0.1138s	0.3520	0.9040	0.8982
8
0061	0.1541	0.9750	0.3847	0.8980	0.1192s	0.3503	0.9040	0.8984
0
0062	0.1622	0.9750	0.3843	0.8960	0.1197s	0.3498	0.9020	0.8960
0
0063	0.1568	0.9917	0.3845	0.8980	0.1232s	0.3494	0.8960	0.8892
0
0064	0.1459	0.9917	0.3879	0.8920	0.1151s	0.3538	0.8940	0.8875
0
0065	0.1614	0.9667	0.3879	0.8900	0.1194s	0.3551	0.8960	0.8897
1
0066	0.1450	0.9833	0.3875	0.8960	0.1176s	0.3551	0.8970	0.8910
2
0067	0.1455	0.9583	0.3843	0.8960	0.1047s	0.3520	0.8960	0.8899
3
0068	0.1724	0.9833	0.3856	0.8940	0.1069s	0.3540	0.9000	0.8944
4
0069	0.1420	0.9750	0.3859	0.8940	0.1223s	0.3543	0.9000	0.8944
5
0070	0.1311	0.9833	0.3852	0.8940	0.1057s	0.3529	0.9000	0.8943
6
0071	0.1471	0.9917	0.3830	0.8940	0.1196s	0.3501	0.9030	0.8976
7
0072	0.1720	0.9750	0.3795	0.9060	0.1225s	0.3452	0.9060	0.9008
0
0073	0.1707	0.9583	0.3802	0.9020	0.1072s	0.3462	0.9050	0.8997
0
0074	0.1552	0.9750	0.3825	0.9000	0.1044s	0.3498	0.9070	0.9017
1
0075	0.1543	0.9833	0.3847	0.8960	0.1198s	0.3522	0.9020	0.8963
2
0076	0.1484	1.0000	0.3839	0.8940	0.1124s	0.3525	0.9050	0.8991
3
0077	0.1623	0.9833	0.3853	0.8920	0.1045s	0.3552	0.9050	0.8988
4
0078	0.1556	0.9583	0.3903	0.8880	0.1212s	0.3625	0.8990	0.8923
5
0079	0.1635	1.0000	0.3969	0.8840	0.1203s	0.3714	0.8990	0.8926
6
0080	0.1541	0.9750	0.3923	0.8880	0.1054s	0.3668	0.9010	0.8943
7
0081	0.1453	0.9917	0.3854	0.8900	0.1175s	0.3591	0.9040	0.8978
8
0082	0.1628	0.9417	0.3810	0.8980	0.1203s	0.3532	0.9090	0.9033
9
0083	0.1413	0.9917	0.3796	0.9020	0.1159s	0.3489	0.9070	0.9013
10
0084	0.1631	0.9667	0.3797	0.9080	0.1042s	0.3474	0.9040	0.8984
11
0085	0.1429	0.9833	0.3797	0.9080	0.1044s	0.3479	0.9040	0.8984
0
0086	0.1383	0.9917	0.3817	0.9100	0.1185s	0.3515	0.9050	0.8994
0
0087	0.1639	0.9917	0.3908	0.8980	0.1213s	0.3621	0.9030	0.8974
0
0088	0.1472	0.9917	0.3992	0.8880	0.1213s	0.3702	0.9010	0.8952
1
0089	0.1361	0.9917	0.4067	0.8860	0.1176s	0.3770	0.9000	0.8932
2
0090	0.1606	1.0000	0.4065	0.8840	0.1215s	0.3763	0.9020	0.8952
3
0091	0.1455	0.9833	0.4052	0.8860	0.1047s	0.3758	0.9000	0.8933
4
0092	0.1508	0.9500	0.3990	0.8920	0.1214s	0.3687	0.9010	0.8950
5
0093	0.1515	0.9833	0.3934	0.8960	0.1209s	0.3622	0.9010	0.8956
6
0094	0.1358	0.9917	0.3874	0.9040	0.1100s	0.3538	0.9040	0.8990
7
0095	0.1750	0.9500	0.3863	0.8980	0.1042s	0.3471	0.9050	0.8993
8
0096	0.1638	0.9583	0.3892	0.9000	0.1043s	0.3469	0.9040	0.8986
9
0097	0.1238	0.9833	0.3954	0.8980	0.1043s	0.3511	0.9050	0.8995
10
0098	0.1310	0.9917	0.4047	0.8940	0.1042s	0.3603	0.9060	0.9002
11
0099	0.1729	0.9917	0.4101	0.8920	0.1212s	0.3691	0.9040	0.8978
12
0100	0.1568	0.9833	0.4108	0.8900	0.1214s	0.3731	0.9010	0.8946
13
0101	0.1724	0.9750	0.4040	0.8900	0.1206s	0.3683	0.9000	0.8938
14
0102	0.1356	1.0000	0.3905	0.8960	0.1237s	0.3565	0.9020	0.8958
15
0103	0.1212	0.9833	0.3831	0.9000	0.1164s	0.3507	0.9030	0.8969
16
0104	0.1364	0.9917	0.3803	0.9000	0.1038s	0.3502	0.8990	0.8933
17
0105	0.1515	0.9667	0.3794	0.9000	0.1045s	0.3492	0.8990	0.8935
18
0106	0.1590	0.9750	0.3808	0.9020	0.1226s	0.3484	0.8990	0.8933
0
0107	0.1507	0.9917	0.3856	0.8980	0.1220s	0.3500	0.9040	0.8984
1
0108	0.1321	1.0000	0.3955	0.8960	0.1220s	0.3556	0.9000	0.8942
2
0109	0.1301	0.9750	0.4047	0.8960	0.1227s	0.3621	0.8990	0.8932
3
0110	0.1477	0.9750	0.4053	0.8920	0.1220s	0.3644	0.8970	0.8909
4
0111	0.1493	0.9917	0.4023	0.8960	0.1218s	0.3633	0.8970	0.8912
5
0112	0.1534	0.9583	0.3917	0.9020	0.1220s	0.3533	0.9000	0.8944
6
0113	0.1378	0.9917	0.3848	0.9060	0.1047s	0.3476	0.9020	0.8967
7
0114	0.1506	0.9750	0.3827	0.9040	0.1207s	0.3489	0.9020	0.8966
8
0115	0.1360	0.9750	0.3848	0.9040	0.1223s	0.3527	0.9020	0.8963
9
0116	0.1495	0.9667	0.3883	0.8980	0.1217s	0.3564	0.9040	0.8978
10
0117	0.1326	0.9833	0.3897	0.8980	0.1212s	0.3561	0.9040	0.8977
11
0118	0.1244	0.9833	0.3923	0.8980	0.1216s	0.3569	0.9020	0.8959
12
0119	0.1486	0.9833	0.3949	0.8940	0.1264s	0.3561	0.8980	0.8914
13
0120	0.1411	0.9667	0.3987	0.8980	0.1218s	0.3562	0.9010	0.8949
14
0121	0.1182	0.9750	0.4030	0.8960	0.1220s	0.3597	0.8990	0.8930
15
0122	0.1338	0.9750	0.4013	0.8960	0.1221s	0.3586	0.9000	0.8942
16
0123	0.1552	0.9750	0.3975	0.8960	0.1213s	0.3574	0.8970	0.8910
17
0124	0.1205	1.0000	0.3928	0.9040	0.1225s	0.3549	0.9020	0.8963
18
0125	0.1348	0.9750	0.3965	0.8980	0.1218s	0.3605	0.9040	0.8980
19
0126	0.1376	0.9750	0.4010	0.8960	0.1218s	0.3650	0.9040	0.8984
20
0127	0.1526	0.9833	0.3986	0.8960	0.1210s	0.3633	0.9030	0.8973
21
0128	0.1568	0.9917	0.3923	0.8960	0.1216s	0.3555	0.9010	0.8951
22
0129	0.1658	0.9583	0.3926	0.8980	0.1214s	0.3554	0.9050	0.8994
23
0130	0.1460	0.9583	0.3998	0.8960	0.1213s	0.3638	0.9000	0.8941
24
0131	0.1372	0.9667	0.4115	0.8940	0.1225s	0.3764	0.8960	0.8901
25
0132	0.1282	0.9833	0.4153	0.8940	0.1217s	0.3816	0.8940	0.8881
26
0133	0.1387	0.9583	0.4138	0.8940	0.1212s	0.3824	0.8940	0.8874
27
0134	0.1353	0.9833	0.4051	0.8960	0.1222s	0.3744	0.8970	0.8915
28
0135	0.1128	0.9750	0.3977	0.8940	0.1217s	0.3662	0.9000	0.8947
29
0136	0.1101	0.9750	0.3920	0.8980	0.1211s	0.3599	0.9000	0.8945
30
0137	0.1553	0.9833	0.3875	0.9060	0.1211s	0.3536	0.9060	0.9004
31
0138	0.1603	0.9750	0.3926	0.9020	0.1213s	0.3579	0.8990	0.8930
32
0139	0.1489	0.9667	0.4016	0.8960	0.1044s	0.3679	0.8960	0.8901
33
0140	0.1328	0.9917	0.4025	0.8920	0.0953s	0.3697	0.8970	0.8910
34
0141	0.1638	0.9667	0.3940	0.9020	0.0954s	0.3585	0.9010	0.8954
35
0142	0.1248	1.0000	0.3890	0.9040	0.1033s	0.3525	0.9080	0.9029
36
0143	0.1370	0.9833	0.3930	0.9020	0.1196s	0.3531	0.9010	0.8955
37
0144	0.1476	0.9750	0.4032	0.9080	0.1225s	0.3611	0.9030	0.8976
38
0145	0.1458	0.9750	0.4095	0.9040	0.1215s	0.3673	0.9020	0.8968
39
0146	0.1216	0.9833	0.4140	0.9020	0.1222s	0.3721	0.9020	0.8968
40
0147	0.1389	0.9833	0.4134	0.9020	0.1212s	0.3728	0.9020	0.8965
41
0148	0.1270	0.9917	0.4110	0.9000	0.1219s	0.3733	0.9040	0.8983
42
0149	0.1452	0.9750	0.4084	0.8920	0.1110s	0.3734	0.8980	0.8915
43
0150	0.1259	0.9917	0.4093	0.8940	0.1216s	0.3766	0.8980	0.8920
44
0151	0.1278	0.9750	0.4087	0.8900	0.1223s	0.3753	0.8970	0.8907
45
0152	0.1369	0.9833	0.4025	0.8900	0.1206s	0.3675	0.9020	0.8960
46
0153	0.1225	1.0000	0.3969	0.8920	0.1220s	0.3611	0.9000	0.8943
47
0154	0.1441	0.9833	0.3957	0.8940	0.1163s	0.3600	0.9020	0.8963
48
0155	0.1373	0.9333	0.3968	0.8940	0.1219s	0.3621	0.9020	0.8958
49
0156	0.1545	0.9750	0.3974	0.8960	0.1215s	0.3632	0.9010	0.8953
50
0157	0.1526	0.9667	0.4003	0.8940	0.1207s	0.3665	0.9030	0.8973
51
0158	0.1399	0.9750	0.4039	0.8940	0.1045s	0.3700	0.9040	0.8986
52
0159	0.1407	0.9750	0.3992	0.8960	0.1043s	0.3668	0.9010	0.8953
53
0160	0.1270	0.9917	0.3923	0.8960	0.1233s	0.3620	0.9020	0.8962
54
0161	0.1340	0.9917	0.3911	0.8940	0.1127s	0.3639	0.8970	0.8907
55
0162	0.1317	0.9750	0.3918	0.8960	0.1215s	0.3664	0.8970	0.8908
56
0163	0.1328	0.9917	0.3940	0.8920	0.1171s	0.3696	0.8980	0.8919
57
0164	0.1430	0.9917	0.3956	0.8940	0.1043s	0.3719	0.9000	0.8939
58
0165	0.1255	0.9833	0.3918	0.8960	0.1224s	0.3675	0.9000	0.8938
59
0166	0.1466	0.9833	0.3816	0.9020	0.1046s	0.3552	0.9010	0.8954
60
0167	0.1230	1.0000	0.3800	0.9020	0.1216s	0.3503	0.9030	0.8979
61
0168	0.1466	0.9750	0.3830	0.9040	0.1214s	0.3516	0.9060	0.9013
62
0169	0.1653	0.9583	0.3884	0.9020	0.1216s	0.3557	0.9060	0.9010
63
0170	0.1324	0.9750	0.3923	0.9020	0.1221s	0.3591	0.9080	0.9030
64
0171	0.1432	0.9583	0.3919	0.9000	0.1220s	0.3610	0.9040	0.8984
65
0172	0.1429	0.9583	0.3905	0.9060	0.1204s	0.3627	0.9030	0.8975
66
0173	0.1316	0.9667	0.3917	0.8960	0.1170s	0.3677	0.8990	0.8927
67
0174	0.1581	0.9833	0.3895	0.8980	0.1218s	0.3678	0.9030	0.8970
68
0175	0.1184	0.9833	0.3889	0.8960	0.1218s	0.3680	0.9050	0.8992
69
0176	0.1258	0.9750	0.3824	0.9020	0.1047s	0.3590	0.9100	0.9046
70
0177	0.1328	0.9667	0.3777	0.9060	0.1204s	0.3516	0.9120	0.9069
71
0178	0.1329	0.9583	0.3777	0.9040	0.1047s	0.3485	0.9060	0.9007
0
0179	0.1424	0.9583	0.3798	0.9020	0.1189s	0.3492	0.9090	0.9041
1
0180	0.1323	1.0000	0.3798	0.9040	0.1042s	0.3496	0.9080	0.9032
2
0181	0.1304	0.9833	0.3798	0.9040	0.1169s	0.3489	0.9080	0.9032
3
0182	0.1203	1.0000	0.3793	0.9020	0.1047s	0.3486	0.9080	0.9031
4
0183	0.1227	0.9833	0.3787	0.9040	0.1190s	0.3486	0.9080	0.9032
5
0184	0.1457	0.9667	0.3774	0.9080	0.1217s	0.3493	0.9060	0.9007
6
0185	0.1217	0.9917	0.3749	0.9080	0.1223s	0.3480	0.9090	0.9037
0
0186	0.1412	1.0000	0.3735	0.9080	0.1226s	0.3465	0.9090	0.9038
0
0187	0.1293	0.9750	0.3725	0.9100	0.1212s	0.3449	0.9090	0.9037
0
0188	0.1242	0.9833	0.3716	0.9100	0.1047s	0.3443	0.9070	0.9017
0
0189	0.1610	0.9833	0.3718	0.9120	0.1214s	0.3442	0.9120	0.9068
0
0190	0.1365	0.9833	0.3725	0.9100	0.1208s	0.3456	0.9090	0.9035
0
0191	0.1431	0.9833	0.3750	0.9060	0.1217s	0.3497	0.9040	0.8985
1
0192	0.1481	0.9750	0.3780	0.9040	0.1221s	0.3536	0.9000	0.8943
2
0193	0.1471	1.0000	0.3785	0.9120	0.1045s	0.3540	0.9010	0.8956
3
0194	0.1231	0.9833	0.3802	0.9100	0.1220s	0.3544	0.9020	0.8968
0
0195	0.1380	0.9833	0.3817	0.9100	0.1226s	0.3560	0.9000	0.8946
1
0196	0.1241	0.9833	0.3823	0.9100	0.1224s	0.3585	0.8970	0.8915
2
0197	0.1386	0.9583	0.3816	0.9020	0.1220s	0.3608	0.9000	0.8944
3
0198	0.1392	0.9667	0.3769	0.9060	0.1218s	0.3600	0.9040	0.8980
4
0199	0.1319	0.9750	0.3740	0.9020	0.1049s	0.3589	0.9090	0.9036
5
0200	0.1228	0.9917	0.3710	0.9060	0.1227s	0.3552	0.9080	0.9026
6
0201	0.1574	0.9917	0.3635	0.9020	0.1076s	0.3467	0.9080	0.9028
0
0202	0.1304	0.9667	0.3580	0.9040	0.1195s	0.3389	0.9100	0.9052
0
0203	0.1233	0.9833	0.3574	0.9120	0.1221s	0.3361	0.9100	0.9053
0
0204	0.1445	0.9667	0.3580	0.9100	0.1225s	0.3370	0.9060	0.9012
0
0205	0.1448	0.9917	0.3634	0.9120	0.1219s	0.3425	0.9070	0.9019
1
0206	0.1303	0.9917	0.3730	0.9020	0.1224s	0.3532	0.9060	0.9010
0
0207	0.1496	0.9917	0.3847	0.8960	0.1227s	0.3653	0.8990	0.8930
1
0208	0.1334	0.9917	0.3947	0.8900	0.1220s	0.3745	0.8970	0.8907
2
0209	0.1453	1.0000	0.3875	0.8900	0.1234s	0.3687	0.9050	0.8987
3
0210	0.1306	0.9667	0.3776	0.9020	0.1221s	0.3586	0.9080	0.9022
4
0211	0.1720	0.9750	0.3696	0.9000	0.1221s	0.3480	0.9080	0.9027
5
0212	0.1427	0.9750	0.3649	0.9060	0.1227s	0.3413	0.9080	0.9030
6
0213	0.1284	0.9833	0.3626	0.9140	0.1225s	0.3374	0.9090	0.9040
7
0214	0.1326	1.0000	0.3633	0.9120	0.1225s	0.3371	0.9140	0.9097
0
0215	0.1354	0.9917	0.3694	0.9100	0.1222s	0.3434	0.9130	0.9085
1
0216	0.1146	0.9917	0.3765	0.9020	0.1223s	0.3524	0.9070	0.9021
2
0217	0.1490	0.9917	0.3892	0.9020	0.1080s	0.3648	0.9020	0.8968
3
0218	0.1329	0.9750	0.3961	0.8980	0.1185s	0.3717	0.9000	0.8943
4
0219	0.1284	0.9833	0.3898	0.8980	0.1218s	0.3677	0.9000	0.8939
5
0220	0.1457	0.9583	0.3758	0.9040	0.1221s	0.3561	0.9080	0.9026
6
0221	0.1204	1.0000	0.3714	0.9000	0.1224s	0.3529	0.9080	0.9027
7
0222	0.1261	1.0000	0.3732	0.8980	0.1221s	0.3562	0.9070	0.9017
8
0223	0.1329	0.9583	0.3764	0.9000	0.1225s	0.3596	0.9070	0.9026
9
0224	0.1381	1.0000	0.3718	0.9000	0.1224s	0.3557	0.9100	0.9053
10
0225	0.1510	0.9750	0.3690	0.9040	0.1518s	0.3519	0.9110	0.9058
11
0226	0.1199	0.9833	0.3787	0.9080	0.1225s	0.3582	0.9070	0.9016
12
0227	0.1200	0.9750	0.3928	0.9020	0.1223s	0.3694	0.8970	0.8908
13
0228	0.1319	0.9917	0.4008	0.9000	0.1222s	0.3749	0.8970	0.8910
14
0229	0.1354	0.9750	0.3984	0.9020	0.1219s	0.3686	0.9000	0.8945
15
0230	0.1341	0.9917	0.3835	0.9040	0.1216s	0.3508	0.9100	0.9052
16
0231	0.1479	0.9833	0.3687	0.9080	0.1222s	0.3371	0.9150	0.9103
17
0232	0.1401	0.9917	0.3660	0.9120	0.1219s	0.3366	0.9150	0.9104
18
0233	0.1569	0.9750	0.3718	0.9000	0.1225s	0.3455	0.9070	0.9032
19
0234	0.1504	0.9917	0.3828	0.8960	0.1220s	0.3617	0.9010	0.8966
20
0235	0.1589	0.9917	0.3887	0.8960	0.1221s	0.3706	0.9030	0.8980
21
0236	0.1317	0.9833	0.3866	0.8980	0.1238s	0.3691	0.9010	0.8945
22
0237	0.1370	0.9833	0.3816	0.8960	0.1226s	0.3619	0.9030	0.8971
23
0238	0.1472	0.9417	0.3793	0.9020	0.1227s	0.3562	0.8990	0.8930
24
0239	0.1463	0.9583	0.3782	0.9060	0.1217s	0.3519	0.9060	0.9009
25
0240	0.1358	0.9833	0.3752	0.9100	0.1221s	0.3479	0.9060	0.9010
26
0241	0.1300	0.9833	0.3703	0.9160	0.1224s	0.3431	0.9110	0.9066
27
0242	0.1357	0.9833	0.3644	0.9120	0.1224s	0.3406	0.9080	0.9034
0
0243	0.1336	0.9917	0.3614	0.9120	0.1212s	0.3392	0.9070	0.9020
1
0244	0.1528	0.9833	0.3615	0.9060	0.1220s	0.3428	0.9090	0.9038
2
0245	0.1466	0.9917	0.3663	0.9060	0.1220s	0.3509	0.9050	0.8992
3
0246	0.1379	0.9667	0.3733	0.9020	0.1222s	0.3599	0.8980	0.8923
4
0247	0.1250	1.0000	0.3780	0.9020	0.1221s	0.3651	0.9040	0.8978
5
0248	0.1124	0.9833	0.3788	0.9000	0.1054s	0.3653	0.9070	0.9009
6
0249	0.1296	1.0000	0.3760	0.9000	0.1217s	0.3622	0.9020	0.8959
7
0250	0.1241	1.0000	0.3722	0.9040	0.1223s	0.3576	0.9000	0.8940
8
0251	0.1315	0.9833	0.3679	0.9080	0.1215s	0.3520	0.8990	0.8929
9
0252	0.1710	0.9917	0.3662	0.9080	0.1059s	0.3505	0.9050	0.8996
10
0253	0.1154	0.9833	0.3653	0.9120	0.1210s	0.3506	0.9030	0.8974
11
0254	0.1419	0.9917	0.3647	0.9120	0.1223s	0.3507	0.9030	0.8971
12
0255	0.1350	0.9833	0.3635	0.9140	0.1224s	0.3517	0.9000	0.8946
13
0256	0.1300	0.9833	0.3627	0.9080	0.1221s	0.3528	0.9030	0.8976
14
0257	0.1303	0.9833	0.3636	0.9040	0.1219s	0.3542	0.9040	0.8987
15
0258	0.1410	1.0000	0.3638	0.9040	0.1220s	0.3534	0.9060	0.9004
16
0259	0.1416	1.0000	0.3623	0.9060	0.1220s	0.3501	0.9060	0.9006
17
0260	0.1325	0.9750	0.3606	0.9080	0.1232s	0.3471	0.9060	0.9008
18
0261	0.1261	0.9833	0.3604	0.9080	0.1224s	0.3472	0.9090	0.9039
19
0262	0.1497	0.9750	0.3592	0.9060	0.1225s	0.3476	0.9060	0.9007
20
0263	0.1195	1.0000	0.3618	0.9060	0.1221s	0.3508	0.9060	0.9005
21
0264	0.1222	0.9917	0.3637	0.9060	0.1222s	0.3529	0.9040	0.8987
22
0265	0.1252	0.9750	0.3657	0.9040	0.1224s	0.3553	0.9050	0.8998
23
0266	0.1257	0.9833	0.3642	0.9080	0.1222s	0.3532	0.9050	0.8999
24
0267	0.1331	0.9833	0.3630	0.9080	0.1221s	0.3512	0.9080	0.9026
25
0268	0.1271	0.9667	0.3671	0.9040	0.1218s	0.3538	0.9070	0.9013
26
0269	0.1238	0.9750	0.3698	0.9040	0.1224s	0.3557	0.9060	0.9001
27
0270	0.1273	0.9917	0.3709	0.9020	0.1220s	0.3567	0.9000	0.8941
28
0271	0.1405	0.9667	0.3699	0.9040	0.1219s	0.3580	0.8980	0.8926
29
0272	0.1322	0.9833	0.3686	0.9020	0.1232s	0.3571	0.8990	0.8935
30
0273	0.1329	0.9917	0.3651	0.9040	0.1229s	0.3538	0.8990	0.8935
31
0274	0.1161	1.0000	0.3649	0.9020	0.1219s	0.3537	0.9000	0.8947
32
0275	0.1252	0.9833	0.3651	0.9040	0.1222s	0.3520	0.9070	0.9020
33
0276	0.1318	0.9917	0.3687	0.9000	0.1248s	0.3525	0.9030	0.8976
34
0277	0.1416	0.9667	0.3704	0.9000	0.1220s	0.3519	0.9030	0.8975
35
0278	0.1193	0.9833	0.3725	0.9000	0.1212s	0.3538	0.9030	0.8979
36
0279	0.1359	0.9833	0.3666	0.8980	0.1224s	0.3489	0.9060	0.9011
37
0280	0.1311	0.9833	0.3633	0.9000	0.1219s	0.3462	0.9060	0.9008
38
0281	0.1327	0.9750	0.3602	0.9060	0.1213s	0.3421	0.9070	0.9020
39
0282	0.1429	0.9833	0.3615	0.9060	0.1224s	0.3428	0.9080	0.9024
40
0283	0.1284	0.9750	0.3632	0.9000	0.1217s	0.3442	0.9050	0.8992
41
0284	0.1512	0.9750	0.3646	0.9020	0.1229s	0.3458	0.9070	0.9013
42
0285	0.1327	0.9833	0.3654	0.9020	0.1214s	0.3478	0.9040	0.8979
43
0286	0.1339	0.9667	0.3650	0.9060	0.1221s	0.3491	0.9030	0.8970
44
0287	0.1125	0.9750	0.3658	0.9060	0.1219s	0.3521	0.9050	0.8996
45
0288	0.1414	0.9917	0.3608	0.9060	0.1218s	0.3494	0.9120	0.9076
46
0289	0.1264	0.9833	0.3567	0.9080	0.1217s	0.3471	0.9110	0.9066
47
0290	0.1133	1.0000	0.3558	0.9080	0.1216s	0.3479	0.9130	0.9083
0
0291	0.1310	0.9750	0.3603	0.9020	0.1219s	0.3541	0.9010	0.8959
0
0292	0.1304	0.9583	0.3653	0.9000	0.1221s	0.3593	0.9000	0.8945
1
0293	0.1406	0.9917	0.3707	0.9020	0.1216s	0.3628	0.9000	0.8944
2
0294	0.1312	0.9833	0.3694	0.9060	0.1228s	0.3602	0.9000	0.8941
3
0295	0.1333	0.9750	0.3660	0.9100	0.1223s	0.3551	0.9000	0.8941
4
0296	0.1311	0.9750	0.3637	0.9080	0.1218s	0.3509	0.9020	0.8964
5
0297	0.1263	0.9833	0.3606	0.9120	0.1220s	0.3459	0.9040	0.8983
6
0298	0.1256	0.9833	0.3601	0.9100	0.1226s	0.3438	0.9040	0.8986
7
0299	0.1480	0.9750	0.3580	0.9120	0.1224s	0.3412	0.9030	0.8975
8
0300	0.1369	0.9667	0.3569	0.9120	0.1222s	0.3416	0.9080	0.9033
9
0301	0.1335	0.9750	0.3578	0.9120	0.1219s	0.3453	0.9130	0.9086
10
0302	0.1327	0.9750	0.3646	0.9080	0.1221s	0.3555	0.9100	0.9054
11
0303	0.1484	0.9750	0.3695	0.9060	0.1223s	0.3628	0.9080	0.9031
12
0304	0.1405	0.9667	0.3720	0.9000	0.1218s	0.3667	0.9010	0.8960
13
0305	0.1328	1.0000	0.3794	0.8980	0.1216s	0.3735	0.8940	0.8883
14
0306	0.1140	0.9833	0.3900	0.8980	0.1222s	0.3815	0.8870	0.8811
15
0307	0.1380	0.9500	0.3978	0.8940	0.1219s	0.3862	0.8870	0.8802
16
0308	0.1526	0.9833	0.3849	0.9060	0.1218s	0.3703	0.8930	0.8864
17
0309	0.1419	0.9917	0.3729	0.9080	0.1044s	0.3546	0.9010	0.8952
18
0310	0.1255	0.9833	0.3686	0.9080	0.1218s	0.3484	0.9080	0.9034
19
0311	0.1190	0.9833	0.3710	0.9140	0.1223s	0.3517	0.9130	0.9089
20
0312	0.1389	0.9833	0.3748	0.9080	0.1205s	0.3569	0.9100	0.9055
21
0313	0.1298	0.9917	0.3741	0.9080	0.1221s	0.3570	0.9100	0.9055
22
0314	0.1344	1.0000	0.3744	0.9080	0.1224s	0.3579	0.9090	0.9044
23
0315	0.1538	0.9750	0.3789	0.9080	0.1183s	0.3605	0.9060	0.9008
24
0316	0.1248	0.9917	0.3824	0.9000	0.1219s	0.3620	0.8980	0.8919
25
0317	0.1523	0.9833	0.3848	0.8940	0.1222s	0.3625	0.9040	0.8981
26
0318	0.1261	0.9833	0.3863	0.9000	0.1219s	0.3637	0.8980	0.8925
27
0319	0.1315	0.9750	0.3834	0.9020	0.1068s	0.3618	0.8970	0.8915
28
0320	0.1368	0.9917	0.3772	0.9040	0.1229s	0.3566	0.9000	0.8947
29
0321	0.1276	1.0000	0.3717	0.9020	0.1220s	0.3516	0.9030	0.8976
30
0322	0.1319	0.9833	0.3714	0.9080	0.1223s	0.3514	0.9060	0.9009
31
0323	0.1263	0.9917	0.3709	0.9080	0.1220s	0.3494	0.9090	0.9046
32
0324	0.1176	0.9917	0.3716	0.9100	0.1223s	0.3490	0.9100	0.9058
33
0325	0.1303	0.9917	0.3719	0.9120	0.1046s	0.3481	0.9130	0.9090
34
0326	0.1331	0.9833	0.3727	0.9080	0.1042s	0.3483	0.9090	0.9043
35
0327	0.1264	0.9917	0.3760	0.9000	0.1149s	0.3508	0.9000	0.8941
36
0328	0.1224	0.9750	0.3832	0.8980	0.1211s	0.3583	0.9000	0.8934
37
0329	0.1593	0.9667	0.3895	0.8980	0.1221s	0.3650	0.8950	0.8882
38
0330	0.1110	1.0000	0.3955	0.8900	0.1215s	0.3726	0.8940	0.8876
39
0331	0.1311	0.9750	0.3904	0.8960	0.1222s	0.3688	0.8950	0.8887
40
0332	0.1284	0.9833	0.3803	0.8960	0.1223s	0.3602	0.9020	0.8966
41
0333	0.1328	0.9750	0.3734	0.9020	0.1221s	0.3544	0.9010	0.8957
42
0334	0.1519	0.9667	0.3693	0.9040	0.1218s	0.3501	0.9070	0.9030
43
0335	0.1188	0.9833	0.3687	0.9060	0.1219s	0.3476	0.9140	0.9103
44
0336	0.1294	0.9750	0.3717	0.9060	0.1218s	0.3481	0.9110	0.9069
45
0337	0.1415	0.9750	0.3784	0.9020	0.1219s	0.3542	0.9110	0.9067
46
0338	0.1300	1.0000	0.3922	0.8980	0.1218s	0.3693	0.9070	0.9017
47
0339	0.1347	0.9917	0.4107	0.8880	0.1221s	0.3887	0.9030	0.8969
48
0340	0.1334	0.9917	0.4288	0.8820	0.1220s	0.4073	0.8950	0.8880
49
0341	0.1307	0.9667	0.4293	0.8860	0.1222s	0.4094	0.8890	0.8812
50
0342	0.1460	1.0000	0.4071	0.8900	0.1221s	0.3891	0.8930	0.8858
51
0343	0.1194	0.9833	0.3830	0.9040	0.1218s	0.3656	0.9020	0.8963
52
0344	0.1286	0.9667	0.3734	0.9000	0.1225s	0.3549	0.8990	0.8940
53
0345	0.1148	0.9833	0.3725	0.9000	0.1217s	0.3530	0.9050	0.9009
54
0346	0.1168	0.9917	0.3741	0.9040	0.1220s	0.3534	0.9050	0.9010
55
0347	0.1379	0.9750	0.3750	0.8980	0.1219s	0.3561	0.9050	0.9006
56
0348	0.1256	0.9583	0.3766	0.8960	0.1216s	0.3599	0.9020	0.8974
57
0349	0.1424	1.0000	0.3861	0.9000	0.1224s	0.3726	0.8970	0.8910
58
0350	0.1385	0.9750	0.4023	0.8900	0.1219s	0.3887	0.8990	0.8931
59
0351	0.1478	0.9583	0.4182	0.8840	0.1065s	0.4021	0.8970	0.8904
60
0352	0.1643	0.9917	0.4166	0.8860	0.0953s	0.3973	0.8990	0.8929
61
0353	0.1442	0.9667	0.4035	0.8920	0.1055s	0.3821	0.8990	0.8928
62
0354	0.1666	0.9917	0.3895	0.8960	0.1221s	0.3673	0.9030	0.8972
63
0355	0.1345	0.9833	0.3784	0.9080	0.1215s	0.3555	0.9030	0.8976
64
0356	0.1290	0.9917	0.3754	0.9080	0.1233s	0.3510	0.9040	0.8994
65
0357	0.1432	0.9500	0.3761	0.9020	0.1223s	0.3514	0.9010	0.8960
66
0358	0.1330	0.9833	0.3805	0.9020	0.1217s	0.3566	0.9000	0.8948
67
0359	0.1529	0.9917	0.3858	0.9000	0.1224s	0.3611	0.9000	0.8945
68
0360	0.1329	0.9833	0.3983	0.8940	0.1218s	0.3736	0.8940	0.8877
69
0361	0.1257	0.9833	0.4076	0.8860	0.1225s	0.3819	0.8920	0.8854
70
0362	0.1252	0.9833	0.4011	0.8940	0.1222s	0.3756	0.8950	0.8885
71
0363	0.1335	0.9583	0.3952	0.8960	0.1225s	0.3700	0.9010	0.8949
72
0364	0.1339	0.9833	0.3911	0.8940	0.1222s	0.3658	0.9020	0.8965
73
0365	0.1257	0.9750	0.3877	0.8940	0.1218s	0.3625	0.9050	0.8998
74
0366	0.1358	0.9583	0.3827	0.9020	0.1221s	0.3551	0.9090	0.9044
75
0367	0.1645	0.9917	0.3797	0.8980	0.1215s	0.3478	0.9080	0.9034
76
0368	0.1267	1.0000	0.3821	0.9000	0.1261s	0.3473	0.9040	0.8991
77
0369	0.1244	0.9833	0.3882	0.9000	0.1220s	0.3546	0.8980	0.8921
78
0370	0.1504	0.9417	0.3907	0.9020	0.1044s	0.3626	0.8930	0.8869
79
0371	0.1381	0.9917	0.3953	0.9020	0.1218s	0.3708	0.8950	0.8889
80
0372	0.1316	0.9917	0.3995	0.8920	0.1221s	0.3768	0.8940	0.8882
81
0373	0.1536	0.9750	0.3942	0.8940	0.1045s	0.3719	0.8960	0.8893
82
0374	0.1076	1.0000	0.3877	0.8960	0.1196s	0.3650	0.8970	0.8906
83
0375	0.1359	0.9833	0.3809	0.8960	0.1251s	0.3555	0.9040	0.8988
84
0376	0.1267	0.9750	0.3781	0.9000	0.1222s	0.3498	0.9050	0.8998
85
0377	0.1284	0.9917	0.3768	0.9020	0.1218s	0.3473	0.9050	0.8997
86
0378	0.1299	0.9833	0.3765	0.9020	0.1225s	0.3477	0.9040	0.8988
87
0379	0.1363	0.9750	0.3768	0.9020	0.1225s	0.3504	0.9070	0.9017
88
0380	0.1258	0.9667	0.3802	0.9000	0.1222s	0.3572	0.9030	0.8971
89
0381	0.1239	0.9833	0.3897	0.8980	0.1228s	0.3691	0.8990	0.8926
90
0382	0.1361	0.9917	0.3985	0.8960	0.1219s	0.3787	0.8960	0.8894
91
0383	0.1642	0.9917	0.3926	0.8960	0.1220s	0.3703	0.9060	0.9004
92
0384	0.1459	0.9833	0.3894	0.8940	0.1219s	0.3642	0.9030	0.8974
93
0385	0.1314	0.9917	0.3867	0.9000	0.1225s	0.3588	0.9110	0.9061
94
0386	0.1382	0.9833	0.3838	0.8980	0.1211s	0.3523	0.9120	0.9072
95
0387	0.1271	0.9917	0.3833	0.9000	0.1216s	0.3498	0.9070	0.9019
96
0388	0.1304	0.9917	0.3856	0.8980	0.1045s	0.3526	0.9040	0.8987
97
0389	0.1325	0.9833	0.3908	0.9000	0.1221s	0.3616	0.9040	0.8984
98
0390	0.1380	0.9917	0.3984	0.8940	0.1225s	0.3736	0.9000	0.8943
99
0391	0.1462	0.9833	0.3989	0.8940	0.1221s	0.3777	0.8940	0.8883
100
0392	0.1296	0.9667	0.3979	0.8920	0.1222s	0.3788	0.8990	0.8933
101
0393	0.1300	0.9667	0.3920	0.8960	0.1228s	0.3728	0.9000	0.8943
102
0394	0.1343	0.9833	0.3882	0.8980	0.1220s	0.3669	0.9050	0.8993
103
0395	0.1239	0.9917	0.3853	0.8980	0.1222s	0.3615	0.9040	0.8987
104
0396	0.1333	0.9750	0.3815	0.9060	0.1219s	0.3552	0.9060	0.9013
105
0397	0.1413	0.9667	0.3800	0.9060	0.1239s	0.3512	0.9070	0.9019
106
0398	0.1411	0.9667	0.3832	0.9020	0.1062s	0.3529	0.9040	0.8988
107
0399	0.1300	0.9750	0.3916	0.9060	0.1238s	0.3595	0.9020	0.8963
108
0400	0.1384	0.9667	0.3983	0.9020	0.1225s	0.3657	0.9010	0.8950
109
0401	0.1478	0.9917	0.4002	0.9000	0.1226s	0.3694	0.8980	0.8919
110
0402	0.1606	0.9833	0.3959	0.8940	0.1219s	0.3655	0.9000	0.8945
111
0403	0.1431	0.9833	0.3950	0.9000	0.1218s	0.3644	0.8970	0.8913
112
0404	0.1272	0.9833	0.3929	0.8980	0.1223s	0.3615	0.9010	0.8952
113
0405	0.1352	0.9917	0.3911	0.9000	0.1225s	0.3579	0.9060	0.9006
114
0406	0.1427	0.9667	0.3886	0.9000	0.1042s	0.3540	0.9060	0.9007
115
0407	0.1282	0.9833	0.3869	0.9040	0.1219s	0.3505	0.9080	0.9030
116
0408	0.1248	0.9833	0.3831	0.8960	0.1225s	0.3449	0.9100	0.9052
117
0409	0.1485	0.9917	0.3841	0.8980	0.1223s	0.3449	0.9060	0.9010
118
0410	0.1321	0.9833	0.3887	0.8940	0.1219s	0.3501	0.9070	0.9017
119
0411	0.1254	0.9750	0.3908	0.8940	0.1224s	0.3548	0.8980	0.8922
120
0412	0.1220	0.9667	0.3912	0.8920	0.1216s	0.3594	0.8990	0.8930
121
0413	0.1247	0.9833	0.3860	0.9000	0.1225s	0.3579	0.8990	0.8927
122
0414	0.1523	0.9667	0.3815	0.9020	0.1224s	0.3540	0.9000	0.8938
123
0415	0.1275	0.9917	0.3762	0.9020	0.1220s	0.3479	0.9000	0.8942
124
0416	0.1337	0.9917	0.3729	0.9020	0.1236s	0.3423	0.8990	0.8931
125
0417	0.1398	0.9667	0.3742	0.9020	0.1217s	0.3430	0.9010	0.8951
126
0418	0.1179	1.0000	0.3762	0.8980	0.1219s	0.3444	0.9050	0.8994
127
0419	0.1183	0.9917	0.3777	0.8980	0.1234s	0.3442	0.9060	0.9005
128
0420	0.1252	0.9833	0.3799	0.8940	0.1220s	0.3458	0.9060	0.9001
129
0421	0.1214	1.0000	0.3852	0.8960	0.1222s	0.3514	0.9030	0.8969
130
0422	0.1212	0.9833	0.3899	0.8880	0.1055s	0.3565	0.9020	0.8962
131
0423	0.1283	0.9833	0.3879	0.8880	0.1081s	0.3545	0.9040	0.8981
132
0424	0.1133	0.9917	0.3821	0.8920	0.1217s	0.3490	0.9060	0.9000
133
0425	0.1246	0.9750	0.3771	0.8960	0.1228s	0.3438	0.9070	0.9015
134
0426	0.1262	1.0000	0.3748	0.9000	0.1063s	0.3413	0.9100	0.9047
135
0427	0.1313	0.9833	0.3727	0.9040	0.1196s	0.3393	0.9100	0.9050
136
0428	0.1308	0.9917	0.3717	0.9040	0.1260s	0.3384	0.9080	0.9028
137
0429	0.1318	0.9500	0.3710	0.9040	0.1222s	0.3386	0.9080	0.9028
138
0430	0.1337	0.9750	0.3740	0.9040	0.1233s	0.3435	0.9070	0.9016
139
0431	0.1521	0.9917	0.3796	0.8980	0.1222s	0.3481	0.9050	0.8994
140
0432	0.1363	0.9500	0.3841	0.8920	0.1250s	0.3497	0.9060	0.9003
141
0433	0.1289	0.9667	0.3913	0.8900	0.1221s	0.3546	0.9050	0.8992
142
0434	0.1170	0.9917	0.3927	0.8900	0.1232s	0.3541	0.9050	0.8992
143
0435	0.1397	0.9750	0.3926	0.8860	0.1218s	0.3534	0.9060	0.9002
144
0436	0.1446	0.9750	0.3891	0.8900	0.1235s	0.3503	0.9070	0.9012
145
0437	0.1291	0.9750	0.3869	0.8940	0.1219s	0.3495	0.9060	0.9002
146
0438	0.1194	0.9917	0.3865	0.9020	0.1220s	0.3520	0.9060	0.9002
147
0439	0.1204	0.9833	0.3866	0.9020	0.1224s	0.3545	0.9060	0.9004
148
0440	0.1461	0.9500	0.3872	0.9000	0.1220s	0.3559	0.9070	0.9013
149
0441	0.1326	0.9833	0.3841	0.9000	0.1223s	0.3537	0.9050	0.8992
150
0442	0.1181	0.9833	0.3813	0.8960	0.1211s	0.3496	0.9080	0.9028
151
0443	0.1484	0.9750	0.3786	0.8960	0.1223s	0.3454	0.9070	0.9018
152
0444	0.1405	1.0000	0.3775	0.8960	0.1225s	0.3435	0.9070	0.9018
153
0445	0.1180	0.9833	0.3784	0.8960	0.1223s	0.3431	0.9090	0.9043
154
0446	0.1077	0.9750	0.3813	0.8960	0.1220s	0.3450	0.9060	0.9011
155
0447	0.1264	0.9750	0.3831	0.8960	0.1233s	0.3461	0.9030	0.8977
156
0448	0.1205	0.9833	0.3855	0.8980	0.1220s	0.3493	0.9060	0.9006
157
0449	0.1031	0.9583	0.3869	0.8960	0.1227s	0.3511	0.9080	0.9028
158
0450	0.1493	1.0000	0.3843	0.8980	0.1224s	0.3494	0.9090	0.9039
159
0451	0.1471	0.9917	0.3838	0.8960	0.1229s	0.3505	0.9080	0.9028
160
0452	0.1274	0.9917	0.3812	0.8980	0.1223s	0.3498	0.9090	0.9038
161
0453	0.1277	0.9833	0.3806	0.9000	0.1266s	0.3510	0.9070	0.9015
162
0454	0.1411	0.9833	0.3831	0.8960	0.1223s	0.3541	0.9050	0.8992
163
0455	0.1190	1.0000	0.3863	0.8940	0.1222s	0.3572	0.9030	0.8971
164
0456	0.1250	0.9833	0.3837	0.9020	0.1230s	0.3552	0.9080	0.9021
165
0457	0.1356	0.9917	0.3858	0.8960	0.1219s	0.3575	0.9040	0.8976
166
0458	0.1293	0.9833	0.3880	0.8940	0.1218s	0.3591	0.9060	0.8998
167
0459	0.1118	0.9833	0.3876	0.8980	0.1052s	0.3566	0.9060	0.8999
168
0460	0.1142	0.9750	0.3804	0.9020	0.1221s	0.3479	0.9120	0.9066
169
0461	0.1281	0.9917	0.3776	0.9000	0.1219s	0.3431	0.9040	0.8985
170
0462	0.1231	1.0000	0.3791	0.9040	0.1229s	0.3428	0.8990	0.8934
171
0463	0.1398	0.9833	0.3761	0.9020	0.1222s	0.3401	0.9010	0.8957
172
0464	0.1526	0.9667	0.3704	0.9040	0.1218s	0.3358	0.9100	0.9053
173
0465	0.1311	0.9667	0.3720	0.9040	0.1228s	0.3406	0.9100	0.9054
174
0466	0.1470	0.9750	0.3826	0.9020	0.1217s	0.3522	0.9070	0.9017
175
0467	0.1303	1.0000	0.3981	0.8980	0.1220s	0.3685	0.9070	0.9017
176
0468	0.1279	0.9583	0.4089	0.8940	0.1234s	0.3797	0.9010	0.8949
177
0469	0.1234	0.9917	0.4103	0.8920	0.1223s	0.3817	0.9010	0.8950
178
0470	0.1457	0.9750	0.3969	0.8980	0.1287s	0.3701	0.9010	0.8949
179
0471	0.1205	0.9917	0.3815	0.9060	0.1164s	0.3556	0.9030	0.8972
180
0472	0.1223	0.9833	0.3708	0.9060	0.1197s	0.3445	0.9050	0.8995
181
0473	0.1361	0.9917	0.3681	0.9040	0.1117s	0.3392	0.9080	0.9027
182
0474	0.1246	0.9750	0.3705	0.9040	0.1235s	0.3395	0.9090	0.9036
183
0475	0.1453	0.9833	0.3751	0.8980	0.1186s	0.3430	0.9050	0.8992
184
0476	0.1280	0.9750	0.3798	0.9000	0.1141s	0.3468	0.9040	0.8980
185
0477	0.1219	0.9667	0.3867	0.8960	0.1506s	0.3528	0.8980	0.8917
186
0478	0.1395	0.9833	0.3859	0.9000	0.1225s	0.3526	0.8990	0.8933
187
0479	0.1326	0.9917	0.3812	0.9040	0.1221s	0.3494	0.9030	0.8978
188
0480	0.1259	0.9833	0.3782	0.9080	0.1226s	0.3471	0.9080	0.9028
189
0481	0.1330	0.9750	0.3753	0.9080	0.1221s	0.3437	0.9070	0.9017
190
0482	0.1339	0.9750	0.3694	0.9040	0.1222s	0.3375	0.9080	0.9026
191
0483	0.1320	0.9833	0.3648	0.9040	0.1225s	0.3331	0.9140	0.9090
192
0484	0.1249	0.9583	0.3638	0.9020	0.1204s	0.3330	0.9120	0.9076
193
0485	0.1233	0.9750	0.3653	0.9000	0.1224s	0.3345	0.9130	0.9083
194
0486	0.1484	0.9750	0.3729	0.9060	0.1219s	0.3401	0.9070	0.9013
195
0487	0.1388	0.9583	0.3906	0.8940	0.1237s	0.3566	0.8970	0.8911
196
0488	0.1252	1.0000	0.4067	0.8940	0.1220s	0.3727	0.8920	0.8861
197
0489	0.1497	0.9833	0.4088	0.8860	0.1223s	0.3783	0.8890	0.8830
198
0490	0.1386	0.9417	0.3978	0.8920	0.1263s	0.3711	0.8910	0.8850
199
Early stop! Min loss:0.35576558113098145,  Max accuracy:0.916
Early stop model validation loss:0.35576558113098145,  accuracy:0.908
Optimization Finished!
Total time elapsed: 59.2525s
test max acc:0.9150
Loading 289th epoch
stru_node_to_hop attention:tensor([[0.2463, 0.2513, 0.2510, 0.2515],
        [0.2496, 0.2501, 0.2501, 0.2501],
        [0.2500, 0.2502, 0.2500, 0.2498],
        [0.2460, 0.2497, 0.2519, 0.2524],
        [0.2451, 0.2508, 0.2518, 0.2523],
        [0.2477, 0.2515, 0.2504, 0.2503],
        [0.2495, 0.2503, 0.2501, 0.2501],
        [0.2498, 0.2502, 0.2501, 0.2500],
        [0.2491, 0.2508, 0.2502, 0.2499],
        [0.2489, 0.2507, 0.2502, 0.2501],
        [0.2506, 0.2496, 0.2499, 0.2499],
        [0.2486, 0.2507, 0.2504, 0.2503],
        [0.2499, 0.2503, 0.2499, 0.2498],
        [0.2494, 0.2508, 0.2500, 0.2497],
        [0.2498, 0.2502, 0.2501, 0.2499],
        [0.2509, 0.2506, 0.2496, 0.2490],
        [0.2498, 0.2503, 0.2499, 0.2499],
        [0.2471, 0.2526, 0.2503, 0.2499],
        [0.2494, 0.2502, 0.2502, 0.2502],
        [0.2495, 0.2507, 0.2501, 0.2497],
        [0.2499, 0.2500, 0.2500, 0.2500],
        [0.2492, 0.2508, 0.2500, 0.2499],
        [0.2501, 0.2503, 0.2499, 0.2498],
        [0.2485, 0.2506, 0.2505, 0.2504],
        [0.2500, 0.2500, 0.2500, 0.2500],
        [0.2475, 0.2514, 0.2506, 0.2505],
        [0.2496, 0.2503, 0.2501, 0.2500],
        [0.2500, 0.2503, 0.2499, 0.2498],
        [0.2499, 0.2502, 0.2499, 0.2500],
        [0.2509, 0.2497, 0.2497, 0.2497],
        [0.2494, 0.2505, 0.2501, 0.2500],
        [0.2480, 0.2509, 0.2507, 0.2505],
        [0.2499, 0.2508, 0.2498, 0.2495],
        [0.2506, 0.2499, 0.2497, 0.2497],
        [0.2490, 0.2515, 0.2501, 0.2494],
        [0.2499, 0.2499, 0.2501, 0.2501],
        [0.2500, 0.2500, 0.2500, 0.2500],
        [0.2497, 0.2501, 0.2501, 0.2501],
        [0.2494, 0.2506, 0.2501, 0.2500],
        [0.2499, 0.2502, 0.2499, 0.2499],
        [0.2511, 0.2496, 0.2497, 0.2497],
        [0.2502, 0.2505, 0.2498, 0.2495],
        [0.2491, 0.2505, 0.2502, 0.2501],
        [0.2501, 0.2500, 0.2499, 0.2499],
        [0.2463, 0.2515, 0.2512, 0.2510],
        [0.1347, 0.1922, 0.2740, 0.3991],
        [0.2494, 0.2503, 0.2502, 0.2501],
        [0.2482, 0.2511, 0.2504, 0.2503],
        [0.2509, 0.2499, 0.2497, 0.2496],
        [0.2503, 0.2500, 0.2499, 0.2499],
        [0.2446, 0.2515, 0.2518, 0.2521],
        [0.2492, 0.2505, 0.2502, 0.2501],
        [0.2501, 0.2500, 0.2500, 0.2500],
        [0.2508, 0.2496, 0.2498, 0.2498],
        [0.2468, 0.2514, 0.2508, 0.2510],
        [0.2474, 0.2509, 0.2507, 0.2509],
        [0.2486, 0.2506, 0.2504, 0.2504],
        [0.2501, 0.2503, 0.2498, 0.2497],
        [0.2492, 0.2511, 0.2500, 0.2497],
        [0.2496, 0.2510, 0.2499, 0.2495],
        [0.2498, 0.2500, 0.2501, 0.2501],
        [0.2504, 0.2498, 0.2499, 0.2499],
        [0.2503, 0.2501, 0.2499, 0.2497],
        [0.2489, 0.2513, 0.2499, 0.2499],
        [0.2498, 0.2501, 0.2500, 0.2501],
        [0.2487, 0.2503, 0.2505, 0.2505],
        [0.2503, 0.2514, 0.2494, 0.2489],
        [0.2490, 0.2501, 0.2505, 0.2505],
        [0.2500, 0.2500, 0.2500, 0.2500],
        [0.2504, 0.2504, 0.2499, 0.2494],
        [0.2480, 0.2515, 0.2503, 0.2502],
        [0.2487, 0.2503, 0.2505, 0.2505],
        [0.2482, 0.2513, 0.2506, 0.2499],
        [0.2493, 0.2520, 0.2497, 0.2490],
        [0.2500, 0.2500, 0.2500, 0.2500],
        [0.2496, 0.2501, 0.2502, 0.2501],
        [0.2513, 0.2491, 0.2498, 0.2498],
        [0.2523, 0.2489, 0.2494, 0.2494],
        [0.2491, 0.2505, 0.2502, 0.2502],
        [0.2504, 0.2500, 0.2498, 0.2498],
        [0.2501, 0.2499, 0.2501, 0.2499],
        [0.2501, 0.2505, 0.2498, 0.2496],
        [0.2500, 0.2504, 0.2498, 0.2498],
        [0.2482, 0.2506, 0.2506, 0.2506],
        [0.2493, 0.2502, 0.2502, 0.2502],
        [0.2499, 0.2501, 0.2500, 0.2500],
        [0.2491, 0.2506, 0.2502, 0.2502],
        [0.2479, 0.2514, 0.2506, 0.2502],
        [0.2501, 0.2509, 0.2499, 0.2491],
        [0.2502, 0.2501, 0.2499, 0.2498],
        [0.2478, 0.2510, 0.2507, 0.2506],
        [0.2494, 0.2504, 0.2501, 0.2501],
        [0.2496, 0.2501, 0.2501, 0.2501],
        [0.2497, 0.2503, 0.2500, 0.2500],
        [0.2498, 0.2502, 0.2500, 0.2500],
        [0.2500, 0.2500, 0.2500, 0.2500],
        [0.2491, 0.2506, 0.2502, 0.2501],
        [0.2512, 0.2497, 0.2496, 0.2496],
        [0.2477, 0.2511, 0.2506, 0.2506],
        [0.2523, 0.2498, 0.2491, 0.2487]], device='cuda:1')
fea_node_to_hop attention:tensor([[0.3320, 0.3341, 0.3339],
        [0.3322, 0.3338, 0.3340],
        [0.3351, 0.3328, 0.3321],
        [0.3351, 0.3326, 0.3323],
        [0.3313, 0.3342, 0.3345],
        [0.3343, 0.3315, 0.3343],
        [0.3298, 0.3347, 0.3355],
        [0.3317, 0.3341, 0.3342],
        [0.3302, 0.3347, 0.3350],
        [0.3308, 0.3341, 0.3351],
        [0.3348, 0.3327, 0.3325],
        [0.3310, 0.3342, 0.3349],
        [0.3296, 0.3350, 0.3354],
        [0.3300, 0.3348, 0.3352],
        [0.3325, 0.3326, 0.3348],
        [0.3317, 0.3330, 0.3354],
        [0.3307, 0.3343, 0.3350],
        [0.3290, 0.3349, 0.3361],
        [0.3310, 0.3336, 0.3354],
        [0.3292, 0.3344, 0.3363],
        [0.3329, 0.3336, 0.3335],
        [0.3317, 0.3342, 0.3342],
        [0.3311, 0.3334, 0.3354],
        [0.3323, 0.3341, 0.3336],
        [0.3331, 0.3335, 0.3334],
        [0.3276, 0.3355, 0.3369],
        [0.3309, 0.3335, 0.3357],
        [0.3328, 0.3330, 0.3343],
        [0.3314, 0.3340, 0.3346],
        [0.3314, 0.3340, 0.3346],
        [0.3323, 0.3334, 0.3344],
        [0.3283, 0.3337, 0.3380],
        [0.3313, 0.3333, 0.3354],
        [0.3338, 0.3328, 0.3334],
        [0.3337, 0.3338, 0.3326],
        [0.3316, 0.3340, 0.3344],
        [0.3337, 0.3333, 0.3329],
        [0.3335, 0.3331, 0.3334],
        [0.3319, 0.3335, 0.3346],
        [0.3321, 0.3340, 0.3339],
        [0.3330, 0.3334, 0.3336],
        [0.3296, 0.3352, 0.3352],
        [0.3318, 0.3339, 0.3343],
        [0.3328, 0.3337, 0.3335],
        [0.3302, 0.3353, 0.3344],
        [0.3229, 0.3125, 0.3646],
        [0.3321, 0.3333, 0.3346],
        [0.3293, 0.3345, 0.3361],
        [0.3323, 0.3335, 0.3342],
        [0.3327, 0.3339, 0.3334],
        [0.3315, 0.3346, 0.3339],
        [0.3317, 0.3333, 0.3350],
        [0.3334, 0.3333, 0.3333],
        [0.3336, 0.3326, 0.3338],
        [0.3334, 0.3332, 0.3334],
        [0.3299, 0.3349, 0.3352],
        [0.3315, 0.3337, 0.3348],
        [0.3302, 0.3342, 0.3356],
        [0.3322, 0.3323, 0.3355],
        [0.3345, 0.3312, 0.3342],
        [0.3327, 0.3340, 0.3333],
        [0.3316, 0.3331, 0.3353],
        [0.3324, 0.3334, 0.3342],
        [0.3320, 0.3339, 0.3341],
        [0.3331, 0.3335, 0.3334],
        [0.3300, 0.3349, 0.3351],
        [0.3315, 0.3341, 0.3345],
        [0.3317, 0.3340, 0.3343],
        [0.3335, 0.3334, 0.3331],
        [0.3327, 0.3323, 0.3350],
        [0.3297, 0.3353, 0.3350],
        [0.3305, 0.3343, 0.3352],
        [0.3294, 0.3337, 0.3369],
        [0.3283, 0.3329, 0.3388],
        [0.3334, 0.3333, 0.3333],
        [0.3330, 0.3336, 0.3334],
        [0.3329, 0.3330, 0.3341],
        [0.3313, 0.3339, 0.3348],
        [0.3318, 0.3331, 0.3351],
        [0.3347, 0.3324, 0.3328],
        [0.3317, 0.3339, 0.3344],
        [0.3292, 0.3352, 0.3356],
        [0.3290, 0.3350, 0.3360],
        [0.3296, 0.3351, 0.3353],
        [0.3320, 0.3343, 0.3337],
        [0.3301, 0.3346, 0.3353],
        [0.3307, 0.3344, 0.3349],
        [0.3299, 0.3340, 0.3361],
        [0.3296, 0.3349, 0.3355],
        [0.3308, 0.3342, 0.3350],
        [0.3282, 0.3350, 0.3368],
        [0.3320, 0.3336, 0.3344],
        [0.3325, 0.3334, 0.3340],
        [0.3307, 0.3343, 0.3350],
        [0.3331, 0.3333, 0.3336],
        [0.3332, 0.3334, 0.3335],
        [0.3315, 0.3336, 0.3349],
        [0.3323, 0.3337, 0.3340],
        [0.3311, 0.3336, 0.3353],
        [0.3302, 0.3349, 0.3349]], device='cuda:1')
perception attention:tensor([0.5000, 0.5000], device='cuda:1')
Test set results: loss= 0.3479 accuracy= 0.9130 F1_score= 0.9083
