# epoch	loss_train	acc_train	loss_val	acc_val	time	acc_test	f1_test
0001	1.7988	0.1667	1.6968	0.3800	0.1218s	1.6872	0.3790	0.2723
0
0002	1.6959	0.3417	1.5525	0.3780	0.1222s	1.5265	0.3710	0.2517
0
0003	1.5739	0.3917	1.3940	0.4320	0.1223s	1.3608	0.4270	0.3451
0
0004	1.3936	0.4417	1.2147	0.6900	0.1222s	1.1824	0.7120	0.6932
0
0005	1.1597	0.7083	1.0398	0.8400	0.1225s	1.0104	0.8310	0.8209
0
0006	0.9866	0.8333	0.8988	0.8500	0.1219s	0.8728	0.8430	0.8368
0
0007	0.8367	0.8583	0.7763	0.8540	0.1223s	0.7526	0.8580	0.8508
0
0008	0.7348	0.8583	0.6700	0.8800	0.1225s	0.6455	0.8700	0.8615
0
0009	0.6130	0.8833	0.5963	0.8940	0.1219s	0.5696	0.8780	0.8697
0
0010	0.5352	0.9083	0.5455	0.8800	0.1221s	0.5171	0.8770	0.8674
0
0011	0.4279	0.9333	0.4990	0.8800	0.1126s	0.4711	0.8860	0.8771
0
0012	0.4262	0.8667	0.4514	0.8900	0.1225s	0.4240	0.8980	0.8915
0
0013	0.3417	0.9583	0.4172	0.8980	0.1219s	0.3908	0.8970	0.8912
0
0014	0.3338	0.9417	0.4066	0.8900	0.1049s	0.3784	0.8920	0.8858
0
0015	0.2870	0.9083	0.3993	0.8960	0.1204s	0.3714	0.8890	0.8826
0
0016	0.2624	0.9417	0.4018	0.8820	0.1218s	0.3741	0.8830	0.8756
0
0017	0.2737	0.9417	0.4019	0.8860	0.1216s	0.3733	0.8840	0.8762
1
0018	0.2219	0.9583	0.3929	0.8940	0.1157s	0.3628	0.8880	0.8809
2
0019	0.2196	0.9583	0.3829	0.8980	0.1217s	0.3503	0.8900	0.8830
0
0020	0.2438	0.9667	0.3783	0.9000	0.1220s	0.3447	0.8910	0.8846
0
0021	0.2346	0.9583	0.3814	0.9000	0.1225s	0.3483	0.8940	0.8878
0
0022	0.1977	0.9583	0.3937	0.8820	0.1223s	0.3618	0.8900	0.8834
0
0023	0.1817	0.9583	0.4018	0.8800	0.1218s	0.3696	0.8910	0.8847
1
0024	0.1867	0.9750	0.4041	0.8780	0.1216s	0.3703	0.8910	0.8846
2
0025	0.1615	0.9833	0.4052	0.8860	0.1213s	0.3703	0.8890	0.8824
3
0026	0.1687	0.9917	0.4013	0.8900	0.1222s	0.3653	0.8920	0.8856
4
0027	0.1664	0.9750	0.3962	0.8980	0.1225s	0.3598	0.8900	0.8840
5
0028	0.1718	0.9583	0.3937	0.9000	0.1222s	0.3574	0.8890	0.8824
6
0029	0.1508	0.9833	0.3919	0.9000	0.1234s	0.3555	0.8950	0.8888
0
0030	0.1692	0.9917	0.3921	0.9020	0.1223s	0.3564	0.8890	0.8830
0
0031	0.1775	0.9667	0.3959	0.9040	0.1218s	0.3613	0.8870	0.8810
0
0032	0.1642	0.9500	0.4032	0.8940	0.1222s	0.3701	0.8910	0.8852
0
0033	0.1647	0.9833	0.4178	0.8900	0.1193s	0.3850	0.8880	0.8813
1
0034	0.1796	0.9833	0.4355	0.8840	0.1222s	0.4024	0.8820	0.8740
2
0035	0.1473	0.9833	0.4419	0.8780	0.1223s	0.4081	0.8800	0.8718
3
0036	0.1659	0.9583	0.4322	0.8760	0.1219s	0.4000	0.8820	0.8741
4
0037	0.1579	0.9667	0.4195	0.8900	0.1221s	0.3875	0.8830	0.8755
5
0038	0.1845	0.9667	0.4017	0.8920	0.1220s	0.3700	0.8900	0.8833
6
0039	0.1705	0.9667	0.3912	0.8980	0.1219s	0.3601	0.9000	0.8939
7
0040	0.1688	0.9667	0.3885	0.9060	0.1217s	0.3585	0.8980	0.8919
8
0041	0.1619	0.9500	0.3885	0.9000	0.1240s	0.3616	0.9000	0.8943
0
0042	0.1551	0.9667	0.3930	0.8940	0.1222s	0.3696	0.8960	0.8896
1
0043	0.1472	0.9917	0.4014	0.8840	0.1194s	0.3805	0.8910	0.8837
2
0044	0.1546	0.9833	0.4105	0.8800	0.1199s	0.3906	0.8960	0.8887
3
0045	0.1802	0.9667	0.4223	0.8800	0.1222s	0.4019	0.8820	0.8740
4
0046	0.1464	1.0000	0.4284	0.8800	0.1059s	0.4074	0.8790	0.8714
5
0047	0.1734	0.9667	0.4246	0.8880	0.1222s	0.4026	0.8790	0.8714
6
0048	0.1754	0.9500	0.4102	0.8920	0.1220s	0.3888	0.8860	0.8791
7
0049	0.1551	0.9833	0.3951	0.8940	0.1048s	0.3734	0.8900	0.8836
8
0050	0.1546	0.9917	0.3834	0.8960	0.1149s	0.3614	0.8950	0.8885
9
0051	0.1537	0.9917	0.3824	0.9000	0.1092s	0.3599	0.8990	0.8926
10
0052	0.1347	0.9750	0.3870	0.8960	0.1220s	0.3644	0.8960	0.8892
11
0053	0.1429	1.0000	0.3921	0.8920	0.1218s	0.3698	0.8930	0.8858
12
0054	0.1714	0.9750	0.3948	0.8880	0.1219s	0.3737	0.8930	0.8862
13
0055	0.1595	1.0000	0.3943	0.8880	0.1225s	0.3742	0.8970	0.8902
14
0056	0.1657	0.9750	0.3936	0.8860	0.1225s	0.3759	0.9000	0.8931
15
0057	0.1639	0.9667	0.3956	0.8860	0.1219s	0.3782	0.8940	0.8872
16
0058	0.1736	0.9833	0.3957	0.8880	0.1217s	0.3769	0.8890	0.8827
17
0059	0.1554	0.9500	0.3931	0.8920	0.1219s	0.3727	0.8930	0.8874
18
0060	0.1485	0.9667	0.3861	0.9020	0.1224s	0.3640	0.8900	0.8841
19
0061	0.1696	0.9583	0.3802	0.9000	0.1218s	0.3542	0.8950	0.8894
20
0062	0.1537	0.9667	0.3806	0.9000	0.1219s	0.3505	0.8980	0.8920
21
0063	0.1538	0.9500	0.3830	0.9000	0.1216s	0.3518	0.8980	0.8924
22
0064	0.1445	0.9833	0.3872	0.8980	0.1222s	0.3577	0.8930	0.8867
23
0065	0.1418	0.9833	0.3949	0.8840	0.1219s	0.3676	0.8880	0.8815
24
0066	0.1637	0.9750	0.3967	0.8840	0.1226s	0.3731	0.8940	0.8876
25
0067	0.1726	0.9500	0.3947	0.8820	0.1205s	0.3739	0.9030	0.8961
26
0068	0.1471	0.9917	0.3870	0.8840	0.1216s	0.3679	0.8960	0.8895
27
0069	0.1601	0.9917	0.3822	0.8900	0.1222s	0.3623	0.9000	0.8949
28
0070	0.1494	0.9667	0.3761	0.9000	0.1164s	0.3551	0.8970	0.8919
29
0071	0.1550	0.9583	0.3702	0.9120	0.1222s	0.3465	0.8980	0.8931
0
0072	0.1556	0.9833	0.3643	0.9060	0.1046s	0.3383	0.9000	0.8955
0
0073	0.1419	0.9833	0.3619	0.9080	0.1220s	0.3351	0.8980	0.8927
0
0074	0.1588	0.9833	0.3640	0.9040	0.1221s	0.3361	0.9020	0.8963
0
0075	0.1551	0.9917	0.3688	0.9020	0.1252s	0.3410	0.9010	0.8953
1
0076	0.1785	0.9833	0.3771	0.8960	0.1205s	0.3487	0.9000	0.8939
2
0077	0.1549	0.9833	0.3866	0.8900	0.1221s	0.3579	0.8990	0.8928
3
0078	0.1464	0.9750	0.3930	0.8860	0.1214s	0.3652	0.8980	0.8917
4
0079	0.1457	0.9833	0.3944	0.8840	0.1220s	0.3687	0.8990	0.8928
5
0080	0.1557	0.9833	0.3892	0.8940	0.1232s	0.3652	0.9040	0.8989
6
0081	0.1387	0.9833	0.3810	0.8960	0.1222s	0.3578	0.9010	0.8959
7
0082	0.1461	0.9750	0.3755	0.9020	0.1220s	0.3508	0.9020	0.8973
8
0083	0.1342	0.9917	0.3686	0.9140	0.1221s	0.3426	0.9010	0.8960
9
0084	0.1459	0.9750	0.3684	0.9060	0.1176s	0.3410	0.8940	0.8881
0
0085	0.1509	0.9750	0.3705	0.9060	0.1218s	0.3435	0.8930	0.8870
1
0086	0.1565	0.9750	0.3771	0.9000	0.1219s	0.3486	0.8980	0.8921
2
0087	0.1309	0.9833	0.3879	0.8960	0.1222s	0.3569	0.8960	0.8899
3
0088	0.1470	0.9583	0.3988	0.8900	0.1219s	0.3664	0.8940	0.8874
4
0089	0.1519	0.9833	0.4039	0.8900	0.1215s	0.3710	0.8950	0.8883
5
0090	0.1511	0.9750	0.3995	0.8940	0.1225s	0.3672	0.8960	0.8895
6
0091	0.1303	1.0000	0.3880	0.8960	0.1221s	0.3574	0.8990	0.8930
7
0092	0.1448	0.9833	0.3749	0.9100	0.1224s	0.3448	0.9040	0.8984
8
0093	0.1777	0.9667	0.3681	0.9100	0.1222s	0.3381	0.9020	0.8965
9
0094	0.1507	0.9667	0.3665	0.9080	0.1222s	0.3367	0.9050	0.9001
10
0095	0.1681	0.9917	0.3685	0.9080	0.1221s	0.3396	0.9040	0.8986
11
0096	0.1322	0.9833	0.3773	0.9040	0.1047s	0.3477	0.9050	0.8999
12
0097	0.1415	0.9833	0.3883	0.8960	0.1045s	0.3571	0.9000	0.8945
13
0098	0.1445	0.9667	0.3956	0.8960	0.1073s	0.3623	0.9010	0.8953
14
0099	0.1395	0.9750	0.3947	0.8960	0.1046s	0.3594	0.8980	0.8917
15
0100	0.1411	0.9583	0.3876	0.9020	0.1144s	0.3522	0.9020	0.8961
16
0101	0.1389	0.9833	0.3838	0.9020	0.1199s	0.3494	0.9040	0.8985
17
0102	0.1713	0.9833	0.3748	0.9040	0.1226s	0.3433	0.9080	0.9031
18
0103	0.1245	0.9750	0.3713	0.9000	0.1226s	0.3429	0.9060	0.9011
19
0104	0.1295	0.9667	0.3699	0.9000	0.1213s	0.3427	0.9060	0.9011
20
0105	0.1364	0.9667	0.3703	0.9000	0.1223s	0.3447	0.9060	0.9011
21
0106	0.1409	0.9833	0.3733	0.9000	0.1225s	0.3485	0.9080	0.9032
22
0107	0.1649	0.9917	0.3752	0.9000	0.1223s	0.3501	0.9100	0.9053
23
0108	0.1635	0.9667	0.3805	0.8960	0.1223s	0.3549	0.9030	0.8970
24
0109	0.1395	0.9917	0.3860	0.8940	0.1214s	0.3591	0.9040	0.8982
25
0110	0.1499	0.9667	0.3891	0.8920	0.1220s	0.3611	0.9100	0.9043
26
0111	0.1318	1.0000	0.3884	0.8940	0.1224s	0.3582	0.9070	0.9012
27
0112	0.1485	0.9667	0.3840	0.8980	0.1056s	0.3535	0.9080	0.9023
28
0113	0.1435	0.9917	0.3785	0.8980	0.1220s	0.3484	0.9080	0.9029
29
0114	0.1661	0.9667	0.3773	0.8980	0.1225s	0.3478	0.9070	0.9021
30
0115	0.1408	0.9833	0.3774	0.8980	0.1233s	0.3475	0.9070	0.9026
31
0116	0.1384	0.9750	0.3822	0.8900	0.1221s	0.3513	0.9000	0.8953
32
0117	0.1435	0.9583	0.3820	0.8920	0.1170s	0.3511	0.9000	0.8952
33
0118	0.1603	0.9583	0.3803	0.8920	0.1196s	0.3475	0.8960	0.8906
34
0119	0.1823	0.9667	0.3765	0.8940	0.1222s	0.3433	0.8980	0.8928
35
0120	0.1270	0.9833	0.3812	0.8920	0.1251s	0.3452	0.9040	0.8991
36
0121	0.1361	0.9833	0.3788	0.8960	0.1223s	0.3407	0.9010	0.8955
37
0122	0.1389	0.9833	0.3763	0.8980	0.1149s	0.3378	0.9040	0.8981
38
0123	0.1202	1.0000	0.3771	0.9020	0.1220s	0.3378	0.9100	0.9047
39
0124	0.1348	1.0000	0.3764	0.9020	0.1216s	0.3375	0.9090	0.9037
40
0125	0.1594	0.9583	0.3734	0.9020	0.1221s	0.3366	0.9090	0.9036
41
0126	0.1239	0.9917	0.3756	0.9000	0.1219s	0.3420	0.9060	0.9005
42
0127	0.1373	0.9500	0.3838	0.8900	0.1225s	0.3509	0.9040	0.8982
43
0128	0.1260	0.9667	0.3950	0.8900	0.1223s	0.3633	0.8950	0.8888
44
0129	0.1548	0.9917	0.3954	0.8800	0.1223s	0.3651	0.8960	0.8900
45
0130	0.1432	0.9833	0.3885	0.8900	0.1219s	0.3594	0.9000	0.8937
46
0131	0.1387	0.9833	0.3771	0.8980	0.1220s	0.3486	0.9020	0.8960
47
0132	0.1145	0.9833	0.3703	0.9000	0.1177s	0.3396	0.9040	0.8984
48
0133	0.1506	1.0000	0.3704	0.8980	0.1198s	0.3364	0.9040	0.8984
49
0134	0.1253	0.9917	0.3749	0.8980	0.1048s	0.3391	0.9000	0.8938
50
0135	0.1494	0.9500	0.3801	0.8980	0.1177s	0.3447	0.8980	0.8916
51
0136	0.1274	1.0000	0.3856	0.8940	0.1227s	0.3516	0.8970	0.8905
52
0137	0.1255	1.0000	0.3917	0.8880	0.1224s	0.3606	0.8960	0.8896
53
0138	0.1484	0.9750	0.3919	0.8920	0.1226s	0.3626	0.8980	0.8920
54
0139	0.1408	0.9833	0.3889	0.8920	0.1226s	0.3618	0.9000	0.8942
55
0140	0.1246	1.0000	0.3849	0.8960	0.1222s	0.3604	0.9010	0.8952
56
0141	0.1252	0.9750	0.3802	0.8980	0.1221s	0.3576	0.9040	0.8986
57
0142	0.1426	1.0000	0.3755	0.9020	0.1219s	0.3520	0.9060	0.9008
58
0143	0.1417	0.9583	0.3784	0.8980	0.1222s	0.3528	0.9030	0.8979
59
0144	0.1424	0.9750	0.3841	0.8920	0.1228s	0.3555	0.9000	0.8946
60
0145	0.1330	0.9833	0.3933	0.8920	0.1173s	0.3623	0.8960	0.8899
61
0146	0.1304	0.9917	0.4033	0.8920	0.1193s	0.3715	0.8930	0.8865
62
0147	0.1407	0.9667	0.4100	0.8900	0.1223s	0.3790	0.8920	0.8852
63
0148	0.1495	0.9750	0.4072	0.8900	0.1222s	0.3787	0.8940	0.8876
64
0149	0.1378	0.9917	0.3963	0.8900	0.1225s	0.3722	0.8990	0.8930
65
0150	0.1273	0.9750	0.3880	0.8920	0.1200s	0.3669	0.9050	0.8995
66
0151	0.1500	0.9833	0.3779	0.8980	0.1224s	0.3587	0.9020	0.8966
67
0152	0.1272	0.9917	0.3729	0.9040	0.1221s	0.3532	0.9090	0.9045
68
0153	0.1494	0.9833	0.3728	0.9040	0.1220s	0.3533	0.9110	0.9065
69
0154	0.1177	0.9917	0.3742	0.9040	0.1111s	0.3553	0.9080	0.9029
70
0155	0.1519	0.9583	0.3768	0.9020	0.1182s	0.3570	0.9060	0.9007
71
0156	0.1263	0.9750	0.3861	0.9040	0.1218s	0.3642	0.8990	0.8928
72
0157	0.1202	0.9750	0.3949	0.8920	0.1216s	0.3707	0.8960	0.8895
73
0158	0.1310	0.9917	0.3976	0.8940	0.1219s	0.3724	0.8970	0.8906
74
0159	0.1529	0.9500	0.3953	0.8940	0.1196s	0.3701	0.8980	0.8916
75
0160	0.1323	0.9833	0.3877	0.8960	0.1221s	0.3625	0.9010	0.8950
76
0161	0.1330	0.9833	0.3782	0.8960	0.1224s	0.3526	0.9050	0.8994
77
0162	0.1334	0.9833	0.3725	0.9000	0.1227s	0.3473	0.9050	0.8999
78
0163	0.1567	0.9833	0.3696	0.9040	0.1223s	0.3443	0.9070	0.9020
79
0164	0.1304	0.9917	0.3722	0.9040	0.1182s	0.3480	0.9030	0.8974
80
0165	0.1304	1.0000	0.3787	0.8980	0.1199s	0.3555	0.8990	0.8933
81
0166	0.1482	0.9833	0.3916	0.8920	0.1228s	0.3685	0.8940	0.8884
82
0167	0.1260	0.9750	0.3980	0.8860	0.1229s	0.3754	0.8880	0.8819
83
0168	0.1259	1.0000	0.3950	0.8840	0.1221s	0.3745	0.8890	0.8828
84
0169	0.1419	0.9917	0.3839	0.8920	0.1223s	0.3657	0.8950	0.8892
85
0170	0.1314	0.9917	0.3757	0.9000	0.1221s	0.3575	0.8970	0.8912
86
0171	0.1351	0.9500	0.3717	0.9040	0.1221s	0.3553	0.9050	0.8998
87
0172	0.1336	0.9833	0.3727	0.9000	0.1219s	0.3567	0.9080	0.9029
88
0173	0.1179	0.9750	0.3753	0.8980	0.1223s	0.3594	0.9080	0.9027
89
0174	0.1362	0.9833	0.3792	0.9000	0.1219s	0.3631	0.9060	0.9004
90
0175	0.1587	0.9417	0.3805	0.9020	0.1045s	0.3639	0.9020	0.8963
91
0176	0.1230	0.9917	0.3838	0.8960	0.1217s	0.3669	0.8990	0.8930
92
0177	0.1137	0.9833	0.3901	0.8920	0.1200s	0.3717	0.8920	0.8856
93
0178	0.1455	0.9833	0.4004	0.8880	0.1048s	0.3808	0.8900	0.8838
94
0179	0.1386	0.9750	0.4074	0.8880	0.1209s	0.3864	0.8860	0.8797
95
0180	0.1438	0.9750	0.4009	0.8880	0.1111s	0.3792	0.8880	0.8818
96
0181	0.1333	0.9750	0.3911	0.8900	0.1220s	0.3696	0.8960	0.8900
97
0182	0.1248	0.9667	0.3806	0.8960	0.1178s	0.3597	0.9060	0.9008
98
0183	0.1453	0.9667	0.3787	0.9020	0.1220s	0.3588	0.9080	0.9030
99
0184	0.1246	0.9833	0.3805	0.9020	0.1179s	0.3615	0.9100	0.9050
100
0185	0.1524	0.9833	0.3838	0.9020	0.1223s	0.3646	0.9110	0.9060
101
0186	0.1500	0.9750	0.3870	0.9020	0.1219s	0.3679	0.9090	0.9038
102
0187	0.1376	0.9750	0.3920	0.8980	0.1227s	0.3717	0.9030	0.8972
103
0188	0.1284	0.9750	0.3977	0.8940	0.1224s	0.3761	0.9010	0.8954
104
0189	0.1327	0.9833	0.4054	0.8920	0.1197s	0.3844	0.8950	0.8886
105
0190	0.1291	0.9667	0.4123	0.8900	0.1218s	0.3928	0.8930	0.8867
106
0191	0.1365	0.9583	0.4101	0.8920	0.1223s	0.3925	0.8950	0.8890
107
0192	0.1452	0.9750	0.3993	0.8920	0.1221s	0.3833	0.9000	0.8945
108
0193	0.1808	0.9500	0.3893	0.8960	0.1222s	0.3731	0.9020	0.8967
109
0194	0.1339	0.9750	0.3833	0.9000	0.1220s	0.3692	0.9070	0.9018
110
0195	0.1298	0.9833	0.3815	0.9020	0.1219s	0.3687	0.9110	0.9059
111
0196	0.1226	0.9750	0.3798	0.9020	0.1218s	0.3663	0.9100	0.9050
112
0197	0.1321	0.9667	0.3793	0.9020	0.1219s	0.3641	0.9130	0.9080
113
0198	0.1364	1.0000	0.3814	0.9000	0.1220s	0.3636	0.9110	0.9060
114
0199	0.1440	0.9917	0.3884	0.9020	0.1222s	0.3700	0.9040	0.8981
115
0200	0.1399	0.9750	0.3974	0.9000	0.1187s	0.3780	0.8990	0.8923
116
0201	0.1340	0.9667	0.4004	0.8980	0.1219s	0.3810	0.8960	0.8894
117
0202	0.1335	0.9917	0.3964	0.9000	0.1221s	0.3790	0.8970	0.8907
118
0203	0.1154	1.0000	0.3887	0.9020	0.1222s	0.3730	0.9030	0.8973
119
0204	0.1186	1.0000	0.3819	0.9000	0.1220s	0.3667	0.9070	0.9018
120
0205	0.1290	0.9917	0.3767	0.9040	0.1220s	0.3597	0.9110	0.9064
121
0206	0.1408	0.9750	0.3754	0.9020	0.1230s	0.3531	0.9100	0.9052
122
0207	0.1445	0.9667	0.3772	0.9040	0.1220s	0.3522	0.9080	0.9032
123
0208	0.1356	0.9667	0.3834	0.9040	0.1222s	0.3579	0.9080	0.9027
124
0209	0.1186	0.9917	0.3938	0.9000	0.1225s	0.3683	0.9000	0.8934
125
0210	0.1253	0.9917	0.4014	0.8920	0.1228s	0.3754	0.8960	0.8892
126
0211	0.1480	0.9833	0.3981	0.8940	0.1221s	0.3706	0.8960	0.8893
127
0212	0.1465	0.9667	0.3897	0.8980	0.1226s	0.3603	0.9000	0.8937
128
0213	0.1245	0.9750	0.3838	0.8960	0.1221s	0.3529	0.9010	0.8948
129
0214	0.1398	1.0000	0.3814	0.9060	0.1221s	0.3476	0.9030	0.8972
130
0215	0.1297	0.9833	0.3812	0.9060	0.1224s	0.3444	0.9070	0.9018
131
0216	0.1274	0.9833	0.3812	0.9040	0.1221s	0.3420	0.9030	0.8975
132
0217	0.1257	1.0000	0.3791	0.9040	0.1228s	0.3379	0.9050	0.8996
133
0218	0.1594	0.9583	0.3781	0.9060	0.1220s	0.3370	0.9120	0.9071
134
0219	0.1636	0.9750	0.3816	0.9040	0.1221s	0.3427	0.9050	0.8993
135
0220	0.1342	0.9917	0.3880	0.9020	0.1221s	0.3514	0.9060	0.9008
136
0221	0.1452	0.9917	0.3902	0.9040	0.1185s	0.3548	0.9070	0.9019
137
0222	0.1537	0.9583	0.3915	0.9040	0.1219s	0.3560	0.9050	0.8999
138
0223	0.1375	0.9833	0.3854	0.9020	0.1225s	0.3494	0.9050	0.8998
139
0224	0.1509	0.9750	0.3806	0.9080	0.1219s	0.3431	0.9060	0.9006
140
0225	0.1400	0.9583	0.3799	0.9080	0.1221s	0.3410	0.9040	0.8990
141
0226	0.1306	0.9667	0.3790	0.9080	0.1225s	0.3400	0.9020	0.8968
142
0227	0.1300	0.9917	0.3771	0.9080	0.1224s	0.3410	0.9020	0.8968
143
0228	0.1387	0.9917	0.3760	0.9060	0.1174s	0.3426	0.9030	0.8978
144
0229	0.1359	0.9917	0.3764	0.9040	0.1226s	0.3467	0.9020	0.8963
145
0230	0.1394	0.9833	0.3822	0.9060	0.1225s	0.3547	0.9010	0.8947
146
0231	0.1408	0.9667	0.3894	0.9000	0.1094s	0.3622	0.8980	0.8917
147
0232	0.1475	1.0000	0.3923	0.8920	0.1196s	0.3648	0.8920	0.8856
148
0233	0.1437	0.9750	0.3909	0.8960	0.1224s	0.3618	0.8970	0.8913
149
0234	0.1403	0.9750	0.3837	0.9060	0.1222s	0.3536	0.9000	0.8946
150
0235	0.1483	0.9833	0.3782	0.9060	0.1224s	0.3476	0.9020	0.8968
151
0236	0.1259	1.0000	0.3778	0.9060	0.1225s	0.3480	0.9050	0.9002
152
0237	0.1337	0.9917	0.3778	0.9060	0.1154s	0.3508	0.9040	0.8993
153
0238	0.1616	0.9750	0.3808	0.9060	0.1221s	0.3613	0.9010	0.8961
154
0239	0.1274	0.9583	0.3890	0.9000	0.1222s	0.3742	0.8970	0.8910
155
0240	0.1377	0.9750	0.3947	0.8940	0.1228s	0.3804	0.8960	0.8897
156
0241	0.1412	0.9833	0.3914	0.9000	0.1166s	0.3749	0.9000	0.8942
157
0242	0.1313	0.9833	0.3882	0.8980	0.1044s	0.3674	0.9060	0.9002
158
0243	0.1318	1.0000	0.3879	0.9040	0.1047s	0.3631	0.9040	0.8984
159
0244	0.1387	0.9833	0.3849	0.9000	0.1148s	0.3565	0.9080	0.9031
160
0245	0.1326	1.0000	0.3843	0.9020	0.1220s	0.3539	0.9070	0.9021
161
0246	0.1395	0.9667	0.3846	0.9020	0.1225s	0.3538	0.9050	0.8999
162
0247	0.1170	0.9750	0.3828	0.9000	0.1234s	0.3546	0.9070	0.9021
163
0248	0.1161	0.9750	0.3818	0.9040	0.1201s	0.3579	0.9040	0.8990
164
0249	0.1315	0.9750	0.3823	0.9020	0.1177s	0.3621	0.9020	0.8965
165
0250	0.1396	0.9750	0.3882	0.9000	0.1197s	0.3708	0.9020	0.8961
166
0251	0.1255	0.9750	0.3952	0.8960	0.1195s	0.3782	0.8970	0.8903
167
0252	0.1350	0.9833	0.3955	0.8980	0.1218s	0.3774	0.9020	0.8954
168
0253	0.1371	0.9917	0.3880	0.8980	0.1202s	0.3672	0.9060	0.9001
169
0254	0.1345	0.9750	0.3823	0.9040	0.1221s	0.3566	0.9090	0.9035
170
0255	0.1568	0.9750	0.3787	0.9000	0.1221s	0.3479	0.9110	0.9065
171
0256	0.1373	0.9917	0.3782	0.9040	0.1222s	0.3456	0.9110	0.9066
172
0257	0.1331	0.9583	0.3776	0.9060	0.1222s	0.3452	0.9100	0.9056
173
0258	0.1153	0.9667	0.3807	0.9000	0.1228s	0.3506	0.9090	0.9045
174
0259	0.1221	0.9833	0.3839	0.9020	0.1220s	0.3554	0.9040	0.8990
175
0260	0.1381	0.9833	0.3850	0.9020	0.1220s	0.3573	0.9050	0.8997
176
0261	0.1113	0.9833	0.3854	0.9040	0.1224s	0.3600	0.9060	0.9003
177
0262	0.1167	0.9917	0.3869	0.9060	0.1223s	0.3616	0.9040	0.8980
178
0263	0.1183	0.9750	0.3872	0.8980	0.1223s	0.3629	0.9080	0.9020
179
0264	0.1289	0.9750	0.3901	0.8920	0.1048s	0.3664	0.9050	0.8985
180
0265	0.1438	0.9750	0.3925	0.8960	0.1156s	0.3683	0.9060	0.8993
181
0266	0.1249	0.9917	0.3925	0.8960	0.1215s	0.3682	0.9070	0.9006
182
0267	0.1718	1.0000	0.3918	0.8960	0.1226s	0.3679	0.9080	0.9020
183
0268	0.1287	1.0000	0.3886	0.8980	0.1224s	0.3620	0.9050	0.8992
184
0269	0.1368	0.9583	0.3880	0.9040	0.1200s	0.3597	0.9050	0.8998
185
0270	0.1395	0.9583	0.3908	0.9040	0.1221s	0.3595	0.9040	0.8989
186
0271	0.1276	0.9667	0.3924	0.9000	0.1176s	0.3610	0.9010	0.8956
187
0272	0.1592	0.9667	0.3919	0.9020	0.1198s	0.3634	0.9030	0.8977
188
0273	0.1271	1.0000	0.3892	0.8980	0.1200s	0.3633	0.9020	0.8964
189
0274	0.1318	0.9917	0.3833	0.8980	0.1199s	0.3613	0.9050	0.8999
190
0275	0.1333	0.9667	0.3835	0.9000	0.1223s	0.3645	0.9070	0.9019
191
0276	0.1488	0.9583	0.3857	0.9000	0.1218s	0.3696	0.9080	0.9028
192
0277	0.1293	0.9750	0.3887	0.8940	0.1220s	0.3746	0.9080	0.9026
193
0278	0.1274	0.9750	0.3895	0.8940	0.1197s	0.3745	0.9050	0.8992
194
0279	0.1323	0.9833	0.3915	0.8900	0.1225s	0.3749	0.9070	0.9015
195
0280	0.1203	0.9833	0.3937	0.8960	0.1198s	0.3750	0.9060	0.9006
196
0281	0.1265	0.9917	0.3964	0.8940	0.1172s	0.3770	0.9060	0.9004
197
0282	0.1257	1.0000	0.3960	0.8960	0.1176s	0.3777	0.9050	0.8994
198
0283	0.1424	0.9750	0.3893	0.8980	0.1221s	0.3758	0.9030	0.8972
199
Early stop! Min loss:0.3618779182434082,  Max accuracy:0.914
Early stop model validation loss:0.3618779182434082,  accuracy:0.908
Optimization Finished!
Total time elapsed: 34.4967s
test max acc:0.9130
Loading 72th epoch
stru_node_to_hop attention:tensor([[0.2497, 0.2504, 0.2500, 0.2499],
        [0.2492, 0.2503, 0.2502, 0.2502],
        [0.2491, 0.2505, 0.2502, 0.2502],
        [0.2492, 0.2509, 0.2500, 0.2499],
        [0.2480, 0.2506, 0.2506, 0.2507],
        [0.2507, 0.2503, 0.2496, 0.2494],
        [0.2485, 0.2505, 0.2506, 0.2505],
        [0.2501, 0.2502, 0.2500, 0.2498],
        [0.2494, 0.2506, 0.2501, 0.2499],
        [0.2490, 0.2508, 0.2502, 0.2500],
        [0.2497, 0.2500, 0.2502, 0.2502],
        [0.2501, 0.2501, 0.2499, 0.2499],
        [0.2500, 0.2500, 0.2500, 0.2500],
        [0.2492, 0.2504, 0.2502, 0.2502],
        [0.2491, 0.2509, 0.2502, 0.2499],
        [0.2495, 0.2508, 0.2500, 0.2496],
        [0.2484, 0.2509, 0.2505, 0.2502],
        [0.2488, 0.2516, 0.2501, 0.2496],
        [0.2495, 0.2502, 0.2502, 0.2501],
        [0.2505, 0.2503, 0.2498, 0.2494],
        [0.2501, 0.2501, 0.2500, 0.2499],
        [0.2486, 0.2517, 0.2500, 0.2496],
        [0.2500, 0.2500, 0.2500, 0.2500],
        [0.2495, 0.2504, 0.2501, 0.2500],
        [0.2500, 0.2500, 0.2500, 0.2500],
        [0.2479, 0.2513, 0.2505, 0.2503],
        [0.2501, 0.2501, 0.2499, 0.2498],
        [0.2495, 0.2505, 0.2501, 0.2499],
        [0.2502, 0.2498, 0.2500, 0.2500],
        [0.2502, 0.2500, 0.2499, 0.2498],
        [0.2485, 0.2512, 0.2503, 0.2500],
        [0.2497, 0.2500, 0.2502, 0.2502],
        [0.2500, 0.2501, 0.2500, 0.2499],
        [0.2495, 0.2503, 0.2502, 0.2501],
        [0.2502, 0.2502, 0.2499, 0.2496],
        [0.2500, 0.2500, 0.2500, 0.2500],
        [0.2495, 0.2503, 0.2502, 0.2500],
        [0.2484, 0.2504, 0.2506, 0.2506],
        [0.2494, 0.2503, 0.2502, 0.2501],
        [0.2507, 0.2500, 0.2497, 0.2496],
        [0.2502, 0.2499, 0.2500, 0.2500],
        [0.2497, 0.2502, 0.2501, 0.2500],
        [0.2493, 0.2507, 0.2501, 0.2500],
        [0.2500, 0.2500, 0.2500, 0.2500],
        [0.2483, 0.2511, 0.2505, 0.2501],
        [0.1867, 0.2096, 0.2764, 0.3273],
        [0.2499, 0.2501, 0.2501, 0.2499],
        [0.2495, 0.2504, 0.2501, 0.2500],
        [0.2494, 0.2505, 0.2501, 0.2500],
        [0.2498, 0.2501, 0.2501, 0.2500],
        [0.2486, 0.2505, 0.2504, 0.2505],
        [0.2493, 0.2505, 0.2502, 0.2501],
        [0.2500, 0.2500, 0.2500, 0.2500],
        [0.2501, 0.2499, 0.2500, 0.2499],
        [0.2478, 0.2512, 0.2505, 0.2506],
        [0.2487, 0.2504, 0.2504, 0.2505],
        [0.2504, 0.2501, 0.2498, 0.2497],
        [0.2498, 0.2505, 0.2499, 0.2498],
        [0.2488, 0.2509, 0.2503, 0.2500],
        [0.2491, 0.2511, 0.2500, 0.2498],
        [0.2484, 0.2509, 0.2504, 0.2502],
        [0.2485, 0.2509, 0.2503, 0.2503],
        [0.2497, 0.2504, 0.2500, 0.2499],
        [0.2486, 0.2505, 0.2503, 0.2505],
        [0.2501, 0.2500, 0.2500, 0.2500],
        [0.2500, 0.2498, 0.2501, 0.2501],
        [0.2499, 0.2508, 0.2498, 0.2495],
        [0.2472, 0.2507, 0.2510, 0.2511],
        [0.2500, 0.2500, 0.2500, 0.2500],
        [0.2491, 0.2506, 0.2502, 0.2500],
        [0.2493, 0.2513, 0.2498, 0.2495],
        [0.2495, 0.2503, 0.2501, 0.2501],
        [0.2496, 0.2505, 0.2501, 0.2499],
        [0.2498, 0.2516, 0.2496, 0.2491],
        [0.2499, 0.2501, 0.2500, 0.2499],
        [0.2502, 0.2502, 0.2499, 0.2497],
        [0.2501, 0.2503, 0.2499, 0.2497],
        [0.2500, 0.2500, 0.2500, 0.2500],
        [0.2497, 0.2502, 0.2501, 0.2500],
        [0.2493, 0.2502, 0.2502, 0.2502],
        [0.2486, 0.2506, 0.2504, 0.2504],
        [0.2495, 0.2508, 0.2499, 0.2497],
        [0.2506, 0.2498, 0.2498, 0.2497],
        [0.2499, 0.2500, 0.2500, 0.2500],
        [0.2504, 0.2500, 0.2498, 0.2497],
        [0.2496, 0.2501, 0.2501, 0.2501],
        [0.2494, 0.2502, 0.2502, 0.2502],
        [0.2480, 0.2511, 0.2506, 0.2503],
        [0.2492, 0.2509, 0.2501, 0.2498],
        [0.2512, 0.2496, 0.2497, 0.2495],
        [0.2490, 0.2506, 0.2502, 0.2502],
        [0.2500, 0.2500, 0.2500, 0.2500],
        [0.2498, 0.2501, 0.2501, 0.2501],
        [0.2499, 0.2501, 0.2500, 0.2500],
        [0.2497, 0.2502, 0.2500, 0.2500],
        [0.2500, 0.2500, 0.2500, 0.2500],
        [0.2496, 0.2503, 0.2501, 0.2500],
        [0.2520, 0.2493, 0.2494, 0.2493],
        [0.2486, 0.2509, 0.2503, 0.2501],
        [0.2493, 0.2506, 0.2502, 0.2500]], device='cuda:1')
fea_node_to_hop attention:tensor([[0.3316, 0.3341, 0.3343],
        [0.3314, 0.3340, 0.3345],
        [0.3327, 0.3333, 0.3340],
        [0.3308, 0.3347, 0.3345],
        [0.3316, 0.3341, 0.3342],
        [0.3310, 0.3350, 0.3341],
        [0.3286, 0.3344, 0.3370],
        [0.3318, 0.3334, 0.3348],
        [0.3304, 0.3343, 0.3353],
        [0.3315, 0.3330, 0.3355],
        [0.3322, 0.3335, 0.3343],
        [0.3329, 0.3333, 0.3338],
        [0.3331, 0.3332, 0.3336],
        [0.3321, 0.3334, 0.3344],
        [0.3291, 0.3353, 0.3357],
        [0.3307, 0.3345, 0.3348],
        [0.3278, 0.3354, 0.3369],
        [0.3305, 0.3341, 0.3354],
        [0.3322, 0.3338, 0.3340],
        [0.3304, 0.3339, 0.3358],
        [0.3319, 0.3341, 0.3340],
        [0.3318, 0.3334, 0.3349],
        [0.3330, 0.3333, 0.3337],
        [0.3338, 0.3329, 0.3333],
        [0.3328, 0.3333, 0.3339],
        [0.3292, 0.3347, 0.3360],
        [0.3330, 0.3332, 0.3338],
        [0.3316, 0.3338, 0.3346],
        [0.3309, 0.3339, 0.3352],
        [0.3314, 0.3345, 0.3341],
        [0.3286, 0.3348, 0.3366],
        [0.3326, 0.3329, 0.3345],
        [0.3316, 0.3339, 0.3345],
        [0.3300, 0.3345, 0.3355],
        [0.3321, 0.3341, 0.3338],
        [0.3328, 0.3335, 0.3337],
        [0.3320, 0.3336, 0.3344],
        [0.3308, 0.3346, 0.3346],
        [0.3316, 0.3340, 0.3345],
        [0.3310, 0.3347, 0.3343],
        [0.3332, 0.3332, 0.3336],
        [0.3319, 0.3341, 0.3340],
        [0.3303, 0.3343, 0.3354],
        [0.3335, 0.3332, 0.3333],
        [0.3310, 0.3353, 0.3337],
        [0.3234, 0.3480, 0.3286],
        [0.3310, 0.3343, 0.3348],
        [0.3319, 0.3336, 0.3345],
        [0.3315, 0.3335, 0.3350],
        [0.3326, 0.3339, 0.3335],
        [0.3333, 0.3334, 0.3333],
        [0.3314, 0.3340, 0.3346],
        [0.3333, 0.3334, 0.3333],
        [0.3306, 0.3337, 0.3357],
        [0.3338, 0.3324, 0.3338],
        [0.3338, 0.3324, 0.3338],
        [0.3327, 0.3333, 0.3340],
        [0.3300, 0.3348, 0.3352],
        [0.3329, 0.3325, 0.3345],
        [0.3320, 0.3333, 0.3347],
        [0.3283, 0.3359, 0.3358],
        [0.3285, 0.3343, 0.3372],
        [0.3335, 0.3329, 0.3336],
        [0.3322, 0.3337, 0.3341],
        [0.3334, 0.3332, 0.3334],
        [0.3293, 0.3352, 0.3355],
        [0.3324, 0.3336, 0.3340],
        [0.3322, 0.3335, 0.3343],
        [0.3332, 0.3334, 0.3335],
        [0.3282, 0.3357, 0.3361],
        [0.3312, 0.3340, 0.3348],
        [0.3320, 0.3340, 0.3339],
        [0.3307, 0.3344, 0.3350],
        [0.3302, 0.3335, 0.3363],
        [0.3329, 0.3335, 0.3335],
        [0.3301, 0.3337, 0.3362],
        [0.3312, 0.3336, 0.3352],
        [0.3317, 0.3332, 0.3351],
        [0.3330, 0.3333, 0.3337],
        [0.3318, 0.3340, 0.3342],
        [0.3320, 0.3340, 0.3340],
        [0.3321, 0.3334, 0.3345],
        [0.3330, 0.3334, 0.3337],
        [0.3334, 0.3334, 0.3332],
        [0.3338, 0.3327, 0.3336],
        [0.3304, 0.3344, 0.3352],
        [0.3309, 0.3353, 0.3338],
        [0.3299, 0.3347, 0.3354],
        [0.3307, 0.3345, 0.3348],
        [0.3299, 0.3348, 0.3353],
        [0.3285, 0.3355, 0.3360],
        [0.3336, 0.3332, 0.3332],
        [0.3324, 0.3337, 0.3339],
        [0.3327, 0.3336, 0.3337],
        [0.3325, 0.3336, 0.3339],
        [0.3331, 0.3332, 0.3337],
        [0.3320, 0.3340, 0.3340],
        [0.3320, 0.3336, 0.3344],
        [0.3309, 0.3342, 0.3349],
        [0.3322, 0.3338, 0.3340]], device='cuda:1')
perception attention:tensor([0.5000, 0.5000], device='cuda:1')
Test set results: loss= 0.3351 accuracy= 0.8980 F1_score= 0.8927
