# epoch	loss_train	acc_train	loss_val	acc_val	time	acc_test	f1_test
0001	1.7982	0.1083	1.7031	0.3660	0.1215s	1.6929	0.3630	0.2353
0
0002	1.7054	0.3583	1.5658	0.3800	0.1217s	1.5422	0.3790	0.2667
0
0003	1.5634	0.4167	1.3984	0.4860	0.1219s	1.3675	0.5030	0.4430
0
0004	1.3732	0.5750	1.2035	0.7560	0.1217s	1.1731	0.7690	0.7557
0
0005	1.1605	0.7583	1.0227	0.8560	0.1221s	0.9928	0.8580	0.8515
0
0006	0.9653	0.8083	0.8825	0.8340	0.1224s	0.8537	0.8570	0.8518
0
0007	0.8141	0.8333	0.7585	0.8380	0.1224s	0.7320	0.8640	0.8606
0
0008	0.6929	0.8583	0.6554	0.8760	0.1215s	0.6290	0.8810	0.8761
0
0009	0.6058	0.8750	0.5887	0.8700	0.1223s	0.5601	0.8780	0.8721
0
0010	0.5421	0.9000	0.5337	0.8740	0.1222s	0.5033	0.8840	0.8775
0
0011	0.4497	0.8917	0.4726	0.8900	0.1341s	0.4425	0.9030	0.8970
0
0012	0.3925	0.9750	0.4243	0.9060	0.1101s	0.3989	0.9050	0.9000
0
0013	0.3459	0.9417	0.4029	0.9040	0.1236s	0.3783	0.9020	0.8966
0
0014	0.3265	0.9333	0.3960	0.8840	0.1236s	0.3706	0.8940	0.8884
0
0015	0.3052	0.9417	0.3958	0.8780	0.1218s	0.3669	0.8910	0.8839
0
0016	0.2799	0.9417	0.3890	0.8800	0.1232s	0.3577	0.8950	0.8879
0
0017	0.2610	0.9583	0.3716	0.9020	0.1233s	0.3380	0.9060	0.9003
0
0018	0.2610	0.9500	0.3642	0.8960	0.1238s	0.3268	0.9090	0.9040
0
0019	0.2344	0.9500	0.3635	0.8940	0.1223s	0.3245	0.9060	0.9007
0
0020	0.2382	0.9417	0.3616	0.9020	0.1232s	0.3230	0.9090	0.9040
0
0021	0.1818	0.9583	0.3685	0.8980	0.1229s	0.3317	0.9090	0.9040
0
0022	0.2123	0.9750	0.3836	0.8860	0.1237s	0.3482	0.8980	0.8909
1
0023	0.2142	0.9667	0.3990	0.8800	0.1234s	0.3646	0.8970	0.8897
2
0024	0.2005	0.9500	0.4011	0.8820	0.1236s	0.3670	0.8920	0.8840
3
0025	0.1831	0.9250	0.3934	0.8880	0.1234s	0.3587	0.8960	0.8895
4
0026	0.1771	0.9833	0.3842	0.9040	0.1234s	0.3476	0.8950	0.8890
5
0027	0.1678	0.9750	0.3800	0.9060	0.1236s	0.3418	0.9000	0.8946
6
0028	0.1774	0.9750	0.3826	0.9000	0.1233s	0.3431	0.8970	0.8910
0
0029	0.1554	0.9833	0.3886	0.8940	0.1233s	0.3497	0.9010	0.8945
1
0030	0.1530	0.9833	0.3969	0.8900	0.1236s	0.3595	0.8980	0.8917
2
0031	0.1919	0.9667	0.4079	0.8860	0.1233s	0.3714	0.8910	0.8839
3
0032	0.1550	0.9750	0.4096	0.8880	0.1234s	0.3748	0.8890	0.8812
4
0033	0.1728	0.9583	0.4019	0.8880	0.1067s	0.3704	0.8920	0.8848
5
0034	0.1649	0.9667	0.3945	0.8940	0.1227s	0.3669	0.8930	0.8863
6
0035	0.1415	0.9750	0.3918	0.8980	0.1232s	0.3668	0.8930	0.8869
7
0036	0.1505	0.9667	0.3895	0.9020	0.1237s	0.3668	0.8930	0.8872
8
0037	0.1364	0.9833	0.3843	0.9060	0.1231s	0.3636	0.8930	0.8869
9
0038	0.1632	0.9750	0.3802	0.9060	0.1238s	0.3611	0.8950	0.8890
0
0039	0.1568	0.9750	0.3807	0.9040	0.1236s	0.3621	0.8950	0.8890
0
0040	0.1522	0.9917	0.3847	0.8960	0.1228s	0.3652	0.8950	0.8886
1
0041	0.1756	0.9417	0.3940	0.8960	0.1238s	0.3730	0.8920	0.8852
2
0042	0.1589	0.9833	0.4040	0.8860	0.1232s	0.3815	0.8880	0.8806
3
0043	0.1661	0.9667	0.4057	0.8860	0.1229s	0.3832	0.8870	0.8797
4
0044	0.1612	0.9833	0.3963	0.8920	0.1202s	0.3764	0.8870	0.8801
5
0045	0.1469	0.9917	0.3852	0.9000	0.1058s	0.3678	0.8920	0.8857
6
0046	0.1694	0.9833	0.3759	0.8980	0.1050s	0.3612	0.8950	0.8889
7
0047	0.1700	0.9750	0.3712	0.9020	0.1054s	0.3576	0.8940	0.8880
8
0048	0.1606	0.9917	0.3701	0.9020	0.1264s	0.3566	0.8940	0.8880
9
0049	0.1559	0.9750	0.3732	0.9020	0.1179s	0.3595	0.8950	0.8890
10
0050	0.1554	0.9917	0.3794	0.8940	0.1207s	0.3652	0.8930	0.8864
11
0051	0.1457	0.9833	0.3871	0.8920	0.1098s	0.3708	0.8900	0.8830
12
0052	0.1553	0.9583	0.3917	0.8900	0.1160s	0.3743	0.8890	0.8815
13
0053	0.1483	0.9917	0.3915	0.8920	0.1199s	0.3737	0.8920	0.8848
14
0054	0.1676	0.9917	0.3882	0.8960	0.1173s	0.3684	0.8930	0.8860
15
0055	0.1852	0.9833	0.3827	0.9000	0.1202s	0.3594	0.8970	0.8909
16
0056	0.1594	0.9750	0.3743	0.9020	0.1050s	0.3493	0.9010	0.8954
17
0057	0.1559	0.9833	0.3653	0.9020	0.1149s	0.3404	0.9040	0.8987
18
0058	0.1391	0.9833	0.3605	0.9120	0.1203s	0.3381	0.9040	0.8986
19
0059	0.1653	0.9750	0.3596	0.9060	0.1230s	0.3419	0.9030	0.8975
0
0060	0.1503	0.9833	0.3661	0.9020	0.1174s	0.3515	0.8970	0.8912
0
0061	0.1441	1.0000	0.3765	0.8980	0.1224s	0.3627	0.8920	0.8854
1
0062	0.1378	0.9750	0.3874	0.8900	0.1224s	0.3734	0.8870	0.8798
2
0063	0.1516	1.0000	0.3922	0.8880	0.1215s	0.3764	0.8840	0.8761
3
0064	0.1526	0.9833	0.3931	0.8900	0.1175s	0.3758	0.8840	0.8761
4
0065	0.1437	0.9750	0.3883	0.8920	0.1229s	0.3700	0.8860	0.8782
5
0066	0.1684	0.9750	0.3722	0.9040	0.1202s	0.3520	0.8980	0.8917
6
0067	0.1376	0.9917	0.3611	0.9140	0.1212s	0.3381	0.9010	0.8953
7
0068	0.1404	0.9833	0.3577	0.9100	0.1209s	0.3325	0.9030	0.8978
0
0069	0.1556	0.9500	0.3567	0.9080	0.1048s	0.3312	0.9050	0.9001
0
0070	0.1561	0.9917	0.3573	0.9100	0.1172s	0.3333	0.9020	0.8968
0
0071	0.1557	0.9833	0.3625	0.9100	0.1060s	0.3418	0.9000	0.8943
1
0072	0.1340	0.9917	0.3744	0.8960	0.1192s	0.3565	0.8960	0.8900
2
0073	0.1672	0.9917	0.3880	0.8900	0.1258s	0.3712	0.8890	0.8824
3
0074	0.1519	0.9750	0.3925	0.8900	0.1050s	0.3752	0.8900	0.8833
4
0075	0.1473	0.9750	0.3839	0.8900	0.1224s	0.3661	0.8920	0.8862
5
0076	0.1515	0.9917	0.3731	0.8960	0.1183s	0.3558	0.8980	0.8923
6
0077	0.1438	0.9917	0.3640	0.8980	0.1047s	0.3455	0.9050	0.8997
7
0078	0.1505	0.9833	0.3617	0.9020	0.1211s	0.3416	0.9060	0.9008
8
0079	0.1341	0.9750	0.3614	0.8980	0.1249s	0.3396	0.9110	0.9065
9
0080	0.1623	0.9750	0.3650	0.8960	0.1050s	0.3418	0.9090	0.9046
10
0081	0.1750	0.9917	0.3697	0.9000	0.1223s	0.3475	0.9060	0.9014
11
0082	0.1481	0.9667	0.3779	0.9000	0.1217s	0.3564	0.9000	0.8947
12
0083	0.1438	0.9750	0.3815	0.8980	0.1213s	0.3607	0.8980	0.8927
13
0084	0.1457	0.9750	0.3810	0.8960	0.1105s	0.3623	0.8940	0.8887
14
0085	0.1389	0.9833	0.3746	0.8940	0.1172s	0.3597	0.8980	0.8930
15
0086	0.1567	0.9917	0.3698	0.8960	0.1074s	0.3581	0.8960	0.8905
16
0087	0.1509	0.9667	0.3651	0.9000	0.1049s	0.3516	0.9000	0.8948
17
0088	0.1548	0.9833	0.3653	0.9020	0.1223s	0.3488	0.9040	0.8991
18
0089	0.1483	1.0000	0.3660	0.9040	0.1225s	0.3470	0.9050	0.9002
19
0090	0.1371	0.9917	0.3654	0.9020	0.1213s	0.3441	0.9060	0.9010
20
0091	0.1364	1.0000	0.3653	0.9060	0.1232s	0.3416	0.9040	0.8988
21
0092	0.1384	0.9667	0.3682	0.9020	0.1049s	0.3423	0.9050	0.9003
22
0093	0.1329	0.9917	0.3721	0.9020	0.1046s	0.3453	0.9050	0.9002
23
0094	0.1559	0.9917	0.3732	0.9000	0.1195s	0.3471	0.9050	0.9002
24
0095	0.1439	0.9833	0.3708	0.9040	0.1047s	0.3476	0.9030	0.8977
25
0096	0.1583	0.9667	0.3694	0.9020	0.1052s	0.3491	0.9040	0.8992
26
0097	0.1736	0.9833	0.3670	0.9040	0.1050s	0.3476	0.9060	0.9011
27
0098	0.1595	0.9917	0.3634	0.9060	0.1215s	0.3432	0.9100	0.9054
28
0099	0.1346	0.9667	0.3644	0.9100	0.1221s	0.3427	0.9040	0.8988
29
0100	0.1480	0.9917	0.3679	0.9060	0.1173s	0.3429	0.9020	0.8964
30
0101	0.1245	0.9750	0.3711	0.9000	0.1049s	0.3431	0.9050	0.8997
31
0102	0.1473	0.9833	0.3699	0.9020	0.1218s	0.3382	0.9060	0.9011
32
0103	0.1487	0.9833	0.3674	0.9040	0.1231s	0.3339	0.9100	0.9054
33
0104	0.1487	0.9750	0.3652	0.9040	0.1229s	0.3335	0.9090	0.9045
34
0105	0.1583	0.9833	0.3668	0.9060	0.1210s	0.3399	0.9080	0.9035
35
0106	0.1359	0.9583	0.3763	0.9040	0.1058s	0.3539	0.9000	0.8943
36
0107	0.1413	0.9667	0.3853	0.8880	0.1052s	0.3655	0.8970	0.8914
37
0108	0.1338	0.9750	0.3925	0.8840	0.1047s	0.3738	0.8970	0.8914
38
0109	0.1361	0.9833	0.3918	0.8880	0.1046s	0.3728	0.8960	0.8904
39
0110	0.1276	1.0000	0.3842	0.9020	0.1131s	0.3637	0.8970	0.8910
40
0111	0.1311	0.9667	0.3821	0.8980	0.1196s	0.3597	0.9010	0.8954
41
0112	0.1344	1.0000	0.3793	0.9000	0.1048s	0.3559	0.9000	0.8945
42
0113	0.1459	1.0000	0.3734	0.9000	0.1053s	0.3501	0.9020	0.8965
43
0114	0.1526	1.0000	0.3708	0.9000	0.1195s	0.3483	0.9030	0.8974
44
0115	0.1465	0.9917	0.3717	0.9000	0.1017s	0.3513	0.9020	0.8966
45
0116	0.1389	0.9750	0.3757	0.9000	0.1056s	0.3553	0.8980	0.8921
46
0117	0.1384	0.9917	0.3855	0.8920	0.1185s	0.3642	0.8940	0.8878
47
0118	0.1561	0.9833	0.3974	0.8980	0.1060s	0.3744	0.8930	0.8870
48
0119	0.1525	0.9917	0.3983	0.8920	0.1233s	0.3764	0.8940	0.8884
49
0120	0.1397	0.9667	0.3823	0.8980	0.1228s	0.3645	0.8920	0.8863
50
0121	0.1483	0.9833	0.3687	0.8960	0.1261s	0.3536	0.9060	0.9013
51
0122	0.1396	0.9833	0.3637	0.8940	0.1050s	0.3486	0.9090	0.9044
52
0123	0.1304	1.0000	0.3621	0.9000	0.1103s	0.3469	0.9100	0.9053
53
0124	0.1500	0.9583	0.3667	0.9040	0.1104s	0.3484	0.9000	0.8947
54
0125	0.1349	0.9917	0.3758	0.9020	0.1222s	0.3556	0.8970	0.8916
55
0126	0.1340	0.9833	0.3873	0.8960	0.1064s	0.3664	0.8920	0.8862
56
0127	0.1265	0.9583	0.3959	0.8900	0.1063s	0.3756	0.8850	0.8789
57
0128	0.1310	0.9750	0.3920	0.8920	0.1046s	0.3731	0.8880	0.8818
58
0129	0.1372	0.9667	0.3788	0.8980	0.1051s	0.3617	0.8960	0.8902
59
0130	0.1383	0.9833	0.3726	0.8960	0.1221s	0.3581	0.8990	0.8931
60
0131	0.1333	1.0000	0.3723	0.9020	0.1076s	0.3595	0.8970	0.8914
61
0132	0.1209	1.0000	0.3746	0.9020	0.1224s	0.3614	0.8980	0.8926
62
0133	0.1327	0.9750	0.3752	0.9000	0.1051s	0.3615	0.9000	0.8947
63
0134	0.1519	0.9833	0.3765	0.8980	0.1240s	0.3618	0.8980	0.8919
64
0135	0.1392	0.9917	0.3800	0.8980	0.1222s	0.3640	0.8980	0.8920
65
0136	0.1202	0.9917	0.3788	0.9000	0.1208s	0.3630	0.8970	0.8909
66
0137	0.1283	0.9833	0.3723	0.9020	0.1064s	0.3571	0.9040	0.8987
67
0138	0.1496	0.9750	0.3682	0.9020	0.1059s	0.3544	0.9060	0.9010
68
0139	0.1252	0.9667	0.3665	0.8980	0.1051s	0.3532	0.9080	0.9035
69
0140	0.1493	0.9833	0.3655	0.9000	0.1240s	0.3515	0.9100	0.9056
70
0141	0.1423	0.9667	0.3707	0.9020	0.1216s	0.3555	0.9080	0.9030
71
0142	0.1368	0.9750	0.3819	0.8960	0.1127s	0.3666	0.8980	0.8923
72
0143	0.1732	0.9500	0.3947	0.8920	0.1049s	0.3768	0.8940	0.8880
73
0144	0.1556	0.9833	0.3970	0.8920	0.1253s	0.3765	0.8960	0.8897
74
0145	0.1181	0.9917	0.3945	0.8900	0.1217s	0.3728	0.8940	0.8877
75
0146	0.1270	0.9750	0.3930	0.8920	0.1212s	0.3698	0.8930	0.8875
76
0147	0.1516	0.9667	0.3853	0.8980	0.1051s	0.3584	0.8990	0.8939
77
0148	0.1259	0.9750	0.3808	0.8980	0.1045s	0.3520	0.9040	0.8989
78
0149	0.1374	0.9833	0.3781	0.9000	0.1060s	0.3492	0.9060	0.9011
79
0150	0.1143	0.9917	0.3777	0.8920	0.1220s	0.3503	0.9090	0.9038
80
0151	0.1425	0.9917	0.3810	0.8940	0.1182s	0.3566	0.9080	0.9029
81
0152	0.1379	0.9833	0.3839	0.8960	0.1269s	0.3618	0.9060	0.9003
82
0153	0.1439	0.9917	0.3920	0.8980	0.1269s	0.3707	0.9030	0.8979
83
0154	0.1326	0.9750	0.4028	0.8900	0.1304s	0.3811	0.8980	0.8925
84
0155	0.1453	0.9667	0.3976	0.8940	0.1231s	0.3753	0.8970	0.8916
85
0156	0.1198	0.9833	0.3872	0.8980	0.1231s	0.3643	0.9000	0.8946
86
0157	0.1434	0.9583	0.3763	0.9040	0.1229s	0.3523	0.9050	0.8996
87
0158	0.1330	0.9667	0.3694	0.9080	0.1251s	0.3447	0.9080	0.9029
88
0159	0.1221	0.9667	0.3682	0.9040	0.1048s	0.3445	0.9070	0.9016
89
0160	0.1399	0.9833	0.3718	0.8940	0.1221s	0.3522	0.9060	0.9001
90
0161	0.1366	1.0000	0.3759	0.8940	0.1231s	0.3596	0.9030	0.8968
91
0162	0.1247	0.9833	0.3800	0.8940	0.1234s	0.3674	0.8990	0.8927
92
0163	0.1394	0.9917	0.3792	0.8980	0.1224s	0.3691	0.8990	0.8927
93
0164	0.1123	1.0000	0.3768	0.8960	0.1225s	0.3675	0.8990	0.8927
94
0165	0.1432	0.9917	0.3702	0.8980	0.1223s	0.3591	0.9010	0.8954
95
0166	0.1266	0.9667	0.3657	0.9080	0.1225s	0.3507	0.9040	0.8989
96
0167	0.1335	0.9917	0.3617	0.9080	0.1051s	0.3432	0.9100	0.9055
97
0168	0.1235	0.9917	0.3605	0.9080	0.1206s	0.3400	0.9160	0.9119
98
0169	0.1518	0.9667	0.3597	0.9040	0.1238s	0.3412	0.9140	0.9090
99
0170	0.1456	0.9833	0.3651	0.8980	0.1250s	0.3511	0.9130	0.9082
100
0171	0.1301	0.9667	0.3754	0.8940	0.1233s	0.3651	0.9070	0.9013
101
0172	0.1420	0.9833	0.3818	0.8940	0.1253s	0.3735	0.9000	0.8938
102
0173	0.1477	0.9750	0.3770	0.8940	0.1235s	0.3697	0.9010	0.8951
103
0174	0.1374	0.9750	0.3684	0.8920	0.1258s	0.3595	0.9030	0.8976
104
0175	0.1346	0.9833	0.3636	0.9040	0.1235s	0.3505	0.9030	0.8974
105
0176	0.1443	0.9833	0.3643	0.9040	0.1275s	0.3460	0.9030	0.8977
106
0177	0.1422	0.9500	0.3655	0.9020	0.1229s	0.3431	0.9050	0.8997
107
0178	0.1360	0.9917	0.3702	0.9040	0.1235s	0.3459	0.9030	0.8978
108
0179	0.1227	0.9750	0.3697	0.9040	0.1237s	0.3455	0.9030	0.8978
109
0180	0.1459	0.9750	0.3720	0.9040	0.1055s	0.3499	0.9010	0.8949
110
0181	0.1179	0.9583	0.3788	0.9020	0.1049s	0.3577	0.9000	0.8943
111
0182	0.1323	0.9667	0.3791	0.9060	0.1229s	0.3569	0.9040	0.8985
112
0183	0.1244	0.9667	0.3812	0.9000	0.1191s	0.3586	0.9000	0.8945
113
0184	0.1230	0.9750	0.3809	0.9020	0.1240s	0.3585	0.8980	0.8922
114
0185	0.1388	0.9917	0.3777	0.9000	0.1269s	0.3547	0.9030	0.8979
115
0186	0.1423	0.9667	0.3760	0.9040	0.0999s	0.3523	0.9070	0.9020
116
0187	0.1191	1.0000	0.3787	0.9040	0.0976s	0.3543	0.9040	0.8989
117
0188	0.1207	0.9833	0.3795	0.9040	0.1183s	0.3541	0.9060	0.9010
118
0189	0.1431	0.9833	0.3775	0.9060	0.1222s	0.3513	0.9050	0.9000
119
0190	0.1222	0.9750	0.3750	0.9040	0.1081s	0.3485	0.9060	0.9011
120
0191	0.1404	0.9917	0.3768	0.9060	0.1218s	0.3500	0.9050	0.8996
121
0192	0.1347	0.9833	0.3799	0.9060	0.1240s	0.3527	0.9050	0.8996
122
0193	0.1438	0.9750	0.3846	0.9080	0.1216s	0.3578	0.9080	0.9027
123
0194	0.1457	1.0000	0.3870	0.9040	0.1237s	0.3609	0.9030	0.8977
124
0195	0.1386	0.9750	0.3912	0.8980	0.1205s	0.3668	0.9020	0.8965
125
0196	0.1346	0.9833	0.3965	0.8980	0.1233s	0.3718	0.8980	0.8923
126
0197	0.1248	0.9917	0.4035	0.8940	0.1216s	0.3780	0.8960	0.8901
127
0198	0.1175	1.0000	0.4038	0.8960	0.1211s	0.3769	0.8950	0.8892
128
0199	0.1460	0.9500	0.3995	0.8940	0.1051s	0.3708	0.8960	0.8904
129
0200	0.1548	0.9833	0.3943	0.8980	0.1118s	0.3630	0.8990	0.8935
130
0201	0.1355	0.9833	0.3920	0.8980	0.1066s	0.3582	0.8980	0.8927
131
0202	0.1272	0.9917	0.3960	0.8980	0.1238s	0.3596	0.9000	0.8946
132
0203	0.1384	0.9583	0.3928	0.8980	0.1127s	0.3541	0.9020	0.8968
133
0204	0.1327	0.9667	0.3900	0.9080	0.1191s	0.3497	0.9090	0.9042
134
0205	0.1331	1.0000	0.3862	0.9040	0.1219s	0.3453	0.9110	0.9063
135
0206	0.1412	0.9750	0.3845	0.9040	0.1235s	0.3435	0.9120	0.9073
136
0207	0.1334	1.0000	0.3822	0.9020	0.1223s	0.3416	0.9130	0.9083
137
0208	0.1483	0.9750	0.3810	0.9040	0.1229s	0.3414	0.9140	0.9098
138
0209	0.1395	0.9750	0.3843	0.9040	0.1219s	0.3469	0.9070	0.9025
139
0210	0.1182	0.9667	0.3937	0.9020	0.1219s	0.3579	0.8990	0.8942
140
0211	0.1438	0.9500	0.4047	0.8940	0.1215s	0.3705	0.8970	0.8922
141
0212	0.1650	0.9917	0.4101	0.8940	0.1226s	0.3765	0.8930	0.8878
142
0213	0.1208	1.0000	0.4073	0.8940	0.1225s	0.3736	0.8970	0.8920
143
0214	0.1591	0.9750	0.4028	0.8920	0.1228s	0.3683	0.9000	0.8951
144
0215	0.1599	0.9750	0.3952	0.9000	0.1224s	0.3607	0.9040	0.8986
145
0216	0.1354	0.9667	0.3865	0.9040	0.1234s	0.3514	0.9050	0.8997
146
0217	0.1288	0.9917	0.3825	0.9020	0.1060s	0.3467	0.9110	0.9060
147
0218	0.1485	0.9667	0.3824	0.9020	0.1231s	0.3468	0.9130	0.9081
148
0219	0.1365	0.9667	0.3858	0.9060	0.1215s	0.3501	0.9120	0.9065
149
0220	0.1090	0.9917	0.3917	0.9020	0.1233s	0.3555	0.9040	0.8981
150
0221	0.1354	0.9750	0.4001	0.8960	0.1224s	0.3629	0.9010	0.8955
151
0222	0.1440	0.9750	0.4132	0.8920	0.1228s	0.3747	0.8960	0.8902
152
0223	0.1184	1.0000	0.4219	0.8840	0.1221s	0.3836	0.8900	0.8842
153
0224	0.1483	1.0000	0.4049	0.8920	0.1225s	0.3695	0.8950	0.8900
154
0225	0.1414	0.9750	0.3853	0.9080	0.1218s	0.3531	0.9000	0.8951
155
0226	0.1399	0.9500	0.3786	0.9080	0.1226s	0.3474	0.9030	0.8981
156
0227	0.1280	0.9833	0.3806	0.8980	0.1218s	0.3506	0.9070	0.9024
157
0228	0.1481	0.9583	0.3848	0.9020	0.1238s	0.3564	0.9010	0.8958
158
0229	0.1279	1.0000	0.3916	0.9020	0.1223s	0.3635	0.9030	0.8976
159
0230	0.1236	0.9750	0.3987	0.9000	0.1226s	0.3672	0.9010	0.8955
160
0231	0.1272	0.9750	0.4110	0.8960	0.1220s	0.3753	0.9030	0.8976
161
0232	0.1370	0.9750	0.4239	0.8900	0.1268s	0.3842	0.8990	0.8933
162
0233	0.1392	0.9750	0.4229	0.8900	0.1221s	0.3820	0.8950	0.8889
163
0234	0.1598	0.9583	0.4083	0.8920	0.1203s	0.3685	0.8970	0.8914
164
0235	0.1357	0.9667	0.3904	0.8980	0.1226s	0.3530	0.9020	0.8968
165
0236	0.1298	0.9833	0.3823	0.9080	0.1248s	0.3468	0.9070	0.9022
166
0237	0.1523	0.9667	0.3800	0.9120	0.1224s	0.3449	0.9050	0.9003
167
0238	0.1290	0.9833	0.3810	0.9040	0.1223s	0.3474	0.9060	0.9017
168
0239	0.1459	0.9750	0.3871	0.9060	0.1229s	0.3555	0.9040	0.8992
169
0240	0.1336	0.9917	0.3992	0.8960	0.1218s	0.3685	0.9020	0.8962
170
0241	0.1311	0.9583	0.4121	0.8940	0.1225s	0.3802	0.8990	0.8930
171
0242	0.1341	0.9833	0.4179	0.8920	0.1235s	0.3850	0.8970	0.8910
172
0243	0.1296	0.9833	0.4175	0.8900	0.1224s	0.3852	0.8990	0.8930
173
0244	0.1314	0.9667	0.4092	0.8940	0.1223s	0.3787	0.9020	0.8962
174
0245	0.1305	0.9833	0.3931	0.9000	0.1232s	0.3639	0.9020	0.8963
175
0246	0.1265	0.9917	0.3815	0.9000	0.1222s	0.3522	0.9060	0.9011
176
0247	0.1183	1.0000	0.3779	0.9080	0.1222s	0.3485	0.9070	0.9025
177
0248	0.1289	0.9750	0.3781	0.9080	0.1225s	0.3492	0.9090	0.9044
178
0249	0.1754	0.9333	0.3822	0.9020	0.1221s	0.3551	0.9050	0.8999
179
0250	0.1260	0.9583	0.3962	0.8980	0.1217s	0.3690	0.8980	0.8922
180
0251	0.1605	0.9750	0.4080	0.8940	0.1219s	0.3800	0.8960	0.8895
181
0252	0.1446	0.9833	0.4145	0.8940	0.1222s	0.3841	0.8940	0.8873
182
0253	0.1499	1.0000	0.4093	0.8980	0.1220s	0.3795	0.8950	0.8886
183
0254	0.1375	0.9917	0.3990	0.9020	0.1221s	0.3689	0.9020	0.8961
184
0255	0.1368	0.9833	0.3892	0.9020	0.1220s	0.3607	0.9030	0.8971
185
0256	0.1573	0.9750	0.3817	0.9040	0.1222s	0.3557	0.9040	0.8988
186
0257	0.1435	0.9833	0.3803	0.9040	0.1219s	0.3565	0.9020	0.8970
187
0258	0.1251	0.9750	0.3832	0.9020	0.1044s	0.3611	0.9010	0.8953
188
0259	0.1221	0.9917	0.3908	0.9000	0.1223s	0.3694	0.9010	0.8952
189
0260	0.1425	0.9583	0.4046	0.9000	0.1232s	0.3822	0.8970	0.8910
190
0261	0.1248	0.9833	0.4114	0.8980	0.1218s	0.3898	0.8920	0.8856
191
0262	0.1151	0.9917	0.4049	0.8980	0.1218s	0.3843	0.8960	0.8903
192
0263	0.1314	0.9917	0.3913	0.9080	0.1231s	0.3715	0.9030	0.8976
193
0264	0.1347	0.9917	0.3834	0.9040	0.1220s	0.3621	0.9030	0.8974
194
0265	0.1324	0.9833	0.3808	0.9020	0.1223s	0.3573	0.9020	0.8967
195
0266	0.1485	0.9750	0.3810	0.9040	0.1257s	0.3565	0.9050	0.8999
196
0267	0.1565	0.9667	0.3814	0.9040	0.1218s	0.3580	0.9040	0.8989
197
0268	0.1398	0.9833	0.3835	0.9060	0.1222s	0.3620	0.9030	0.8975
198
0269	0.1231	0.9833	0.3950	0.9080	0.1224s	0.3755	0.9010	0.8956
199
Early stop! Min loss:0.3566646873950958,  Max accuracy:0.914
Early stop model validation loss:0.3566646873950958,  accuracy:0.908
Optimization Finished!
Total time elapsed: 32.5381s
test max acc:0.9160
Loading 68th epoch
stru_node_to_hop attention:tensor([[0.2467, 0.2509, 0.2511, 0.2513],
        [0.2498, 0.2501, 0.2500, 0.2501],
        [0.2489, 0.2506, 0.2503, 0.2502],
        [0.2484, 0.2504, 0.2506, 0.2506],
        [0.2487, 0.2503, 0.2505, 0.2506],
        [0.2492, 0.2509, 0.2500, 0.2499],
        [0.2495, 0.2503, 0.2501, 0.2500],
        [0.2503, 0.2501, 0.2500, 0.2496],
        [0.2500, 0.2502, 0.2500, 0.2499],
        [0.2492, 0.2506, 0.2502, 0.2500],
        [0.2499, 0.2502, 0.2500, 0.2500],
        [0.2496, 0.2502, 0.2502, 0.2501],
        [0.2499, 0.2501, 0.2500, 0.2500],
        [0.2512, 0.2502, 0.2494, 0.2491],
        [0.2505, 0.2500, 0.2498, 0.2497],
        [0.2500, 0.2506, 0.2499, 0.2496],
        [0.2478, 0.2514, 0.2506, 0.2502],
        [0.2490, 0.2513, 0.2501, 0.2496],
        [0.2501, 0.2500, 0.2500, 0.2499],
        [0.2494, 0.2503, 0.2502, 0.2501],
        [0.2500, 0.2500, 0.2500, 0.2500],
        [0.2488, 0.2513, 0.2500, 0.2498],
        [0.2500, 0.2500, 0.2501, 0.2499],
        [0.2486, 0.2509, 0.2503, 0.2502],
        [0.2500, 0.2501, 0.2500, 0.2499],
        [0.2476, 0.2515, 0.2506, 0.2503],
        [0.2495, 0.2505, 0.2501, 0.2500],
        [0.2494, 0.2502, 0.2502, 0.2502],
        [0.2506, 0.2496, 0.2499, 0.2499],
        [0.2496, 0.2505, 0.2500, 0.2499],
        [0.2482, 0.2512, 0.2505, 0.2501],
        [0.2474, 0.2514, 0.2507, 0.2504],
        [0.2486, 0.2508, 0.2503, 0.2502],
        [0.2494, 0.2501, 0.2502, 0.2502],
        [0.2499, 0.2506, 0.2499, 0.2496],
        [0.2498, 0.2502, 0.2500, 0.2500],
        [0.2499, 0.2501, 0.2501, 0.2498],
        [0.2471, 0.2508, 0.2510, 0.2510],
        [0.2496, 0.2502, 0.2502, 0.2500],
        [0.2508, 0.2499, 0.2497, 0.2496],
        [0.2499, 0.2499, 0.2501, 0.2501],
        [0.2500, 0.2504, 0.2499, 0.2497],
        [0.2490, 0.2509, 0.2501, 0.2499],
        [0.2496, 0.2502, 0.2501, 0.2501],
        [0.2484, 0.2508, 0.2505, 0.2504],
        [0.2124, 0.1923, 0.2722, 0.3230],
        [0.2501, 0.2500, 0.2501, 0.2498],
        [0.2483, 0.2510, 0.2504, 0.2502],
        [0.2504, 0.2499, 0.2499, 0.2498],
        [0.2495, 0.2503, 0.2502, 0.2500],
        [0.2483, 0.2505, 0.2506, 0.2507],
        [0.2499, 0.2502, 0.2500, 0.2499],
        [0.2500, 0.2500, 0.2500, 0.2500],
        [0.2505, 0.2499, 0.2498, 0.2497],
        [0.2470, 0.2519, 0.2506, 0.2505],
        [0.2491, 0.2504, 0.2502, 0.2503],
        [0.2496, 0.2507, 0.2500, 0.2496],
        [0.2502, 0.2501, 0.2499, 0.2498],
        [0.2496, 0.2508, 0.2500, 0.2496],
        [0.2488, 0.2511, 0.2502, 0.2499],
        [0.2474, 0.2512, 0.2508, 0.2507],
        [0.2488, 0.2506, 0.2503, 0.2503],
        [0.2504, 0.2503, 0.2498, 0.2496],
        [0.2486, 0.2507, 0.2504, 0.2504],
        [0.2503, 0.2499, 0.2499, 0.2499],
        [0.2489, 0.2501, 0.2505, 0.2506],
        [0.2498, 0.2514, 0.2497, 0.2491],
        [0.2484, 0.2505, 0.2505, 0.2506],
        [0.2498, 0.2501, 0.2501, 0.2500],
        [0.2488, 0.2509, 0.2503, 0.2500],
        [0.2478, 0.2520, 0.2502, 0.2500],
        [0.2491, 0.2503, 0.2503, 0.2503],
        [0.2498, 0.2503, 0.2500, 0.2498],
        [0.2491, 0.2514, 0.2500, 0.2496],
        [0.2500, 0.2500, 0.2500, 0.2500],
        [0.2499, 0.2502, 0.2500, 0.2499],
        [0.2490, 0.2511, 0.2501, 0.2498],
        [0.2519, 0.2488, 0.2496, 0.2497],
        [0.2497, 0.2500, 0.2501, 0.2501],
        [0.2495, 0.2502, 0.2501, 0.2502],
        [0.2509, 0.2501, 0.2497, 0.2493],
        [0.2495, 0.2507, 0.2500, 0.2498],
        [0.2509, 0.2498, 0.2497, 0.2496],
        [0.2496, 0.2502, 0.2501, 0.2501],
        [0.2494, 0.2504, 0.2501, 0.2501],
        [0.2489, 0.2504, 0.2504, 0.2504],
        [0.2476, 0.2508, 0.2508, 0.2508],
        [0.2494, 0.2503, 0.2502, 0.2501],
        [0.2495, 0.2508, 0.2501, 0.2497],
        [0.2514, 0.2495, 0.2497, 0.2494],
        [0.2496, 0.2502, 0.2501, 0.2501],
        [0.2500, 0.2500, 0.2500, 0.2500],
        [0.2496, 0.2502, 0.2501, 0.2501],
        [0.2492, 0.2504, 0.2503, 0.2501],
        [0.2498, 0.2502, 0.2501, 0.2500],
        [0.2500, 0.2500, 0.2500, 0.2500],
        [0.2500, 0.2500, 0.2500, 0.2500],
        [0.2509, 0.2497, 0.2498, 0.2497],
        [0.2495, 0.2505, 0.2501, 0.2499],
        [0.2497, 0.2502, 0.2501, 0.2500]], device='cuda:1')
fea_node_to_hop attention:tensor([[0.3326, 0.3332, 0.3342],
        [0.3332, 0.3334, 0.3334],
        [0.3309, 0.3338, 0.3353],
        [0.3330, 0.3330, 0.3339],
        [0.3332, 0.3332, 0.3336],
        [0.3313, 0.3337, 0.3350],
        [0.3287, 0.3343, 0.3370],
        [0.3314, 0.3330, 0.3355],
        [0.3334, 0.3334, 0.3332],
        [0.3312, 0.3335, 0.3352],
        [0.3324, 0.3334, 0.3342],
        [0.3326, 0.3327, 0.3347],
        [0.3329, 0.3334, 0.3337],
        [0.3318, 0.3331, 0.3350],
        [0.3317, 0.3331, 0.3352],
        [0.3298, 0.3349, 0.3353],
        [0.3272, 0.3355, 0.3373],
        [0.3318, 0.3328, 0.3354],
        [0.3334, 0.3331, 0.3335],
        [0.3299, 0.3352, 0.3349],
        [0.3335, 0.3332, 0.3333],
        [0.3339, 0.3324, 0.3337],
        [0.3305, 0.3345, 0.3349],
        [0.3318, 0.3343, 0.3340],
        [0.3330, 0.3335, 0.3335],
        [0.3294, 0.3344, 0.3362],
        [0.3318, 0.3336, 0.3346],
        [0.3321, 0.3337, 0.3342],
        [0.3296, 0.3341, 0.3363],
        [0.3318, 0.3338, 0.3344],
        [0.3259, 0.3364, 0.3377],
        [0.3285, 0.3343, 0.3372],
        [0.3305, 0.3343, 0.3352],
        [0.3319, 0.3334, 0.3347],
        [0.3339, 0.3333, 0.3328],
        [0.3314, 0.3342, 0.3344],
        [0.3304, 0.3343, 0.3353],
        [0.3328, 0.3334, 0.3338],
        [0.3314, 0.3337, 0.3349],
        [0.3315, 0.3343, 0.3342],
        [0.3323, 0.3336, 0.3341],
        [0.3307, 0.3343, 0.3350],
        [0.3302, 0.3341, 0.3357],
        [0.3317, 0.3340, 0.3343],
        [0.3320, 0.3340, 0.3340],
        [0.3485, 0.3510, 0.3005],
        [0.3318, 0.3341, 0.3341],
        [0.3301, 0.3343, 0.3356],
        [0.3326, 0.3331, 0.3343],
        [0.3302, 0.3348, 0.3350],
        [0.3329, 0.3333, 0.3338],
        [0.3319, 0.3336, 0.3345],
        [0.3334, 0.3333, 0.3333],
        [0.3319, 0.3336, 0.3346],
        [0.3339, 0.3319, 0.3342],
        [0.3332, 0.3331, 0.3338],
        [0.3326, 0.3336, 0.3338],
        [0.3298, 0.3344, 0.3358],
        [0.3328, 0.3327, 0.3344],
        [0.3316, 0.3333, 0.3351],
        [0.3320, 0.3340, 0.3340],
        [0.3288, 0.3353, 0.3359],
        [0.3322, 0.3332, 0.3346],
        [0.3319, 0.3338, 0.3344],
        [0.3337, 0.3331, 0.3332],
        [0.3309, 0.3345, 0.3346],
        [0.3295, 0.3353, 0.3352],
        [0.3323, 0.3335, 0.3342],
        [0.3320, 0.3336, 0.3344],
        [0.3286, 0.3347, 0.3368],
        [0.3298, 0.3346, 0.3356],
        [0.3315, 0.3338, 0.3347],
        [0.3313, 0.3340, 0.3347],
        [0.3312, 0.3334, 0.3355],
        [0.3333, 0.3334, 0.3333],
        [0.3313, 0.3340, 0.3347],
        [0.3307, 0.3342, 0.3351],
        [0.3301, 0.3347, 0.3352],
        [0.3314, 0.3347, 0.3339],
        [0.3315, 0.3339, 0.3346],
        [0.3326, 0.3341, 0.3333],
        [0.3313, 0.3342, 0.3345],
        [0.3316, 0.3337, 0.3347],
        [0.3320, 0.3330, 0.3350],
        [0.3323, 0.3333, 0.3344],
        [0.3288, 0.3341, 0.3371],
        [0.3310, 0.3349, 0.3341],
        [0.3322, 0.3338, 0.3339],
        [0.3305, 0.3345, 0.3350],
        [0.3314, 0.3335, 0.3351],
        [0.3325, 0.3336, 0.3338],
        [0.3338, 0.3333, 0.3329],
        [0.3326, 0.3337, 0.3338],
        [0.3313, 0.3345, 0.3342],
        [0.3324, 0.3335, 0.3341],
        [0.3334, 0.3334, 0.3333],
        [0.3323, 0.3338, 0.3339],
        [0.3323, 0.3336, 0.3341],
        [0.3317, 0.3340, 0.3344],
        [0.3328, 0.3334, 0.3338]], device='cuda:1')
perception attention:tensor([0.5000, 0.5000], device='cuda:1')
Test set results: loss= 0.3312 accuracy= 0.9050 F1_score= 0.9001
