# epoch	loss_train	acc_train	loss_val	acc_val	time	acc_test	f1_test
0001	1.7953	0.1833	1.6802	0.3940	0.1042s	1.6671	0.4030	0.2863
0
0002	1.6757	0.4083	1.5203	0.4360	0.1267s	1.4910	0.4500	0.3421
0
0003	1.5067	0.3750	1.3421	0.5660	0.1210s	1.3078	0.6100	0.5444
0
0004	1.3098	0.5667	1.1487	0.7840	0.1186s	1.1190	0.8180	0.8029
0
0005	1.1044	0.7750	0.9765	0.8660	0.1198s	0.9507	0.8680	0.8603
0
0006	0.9488	0.8083	0.8353	0.8620	0.1217s	0.8130	0.8640	0.8581
0
0007	0.7787	0.9333	0.7137	0.8720	0.1230s	0.6936	0.8750	0.8690
0
0008	0.6788	0.8333	0.6170	0.8840	0.1224s	0.5961	0.8840	0.8768
0
0009	0.5565	0.8917	0.5507	0.8860	0.1211s	0.5291	0.8860	0.8780
0
0010	0.4794	0.9250	0.4939	0.8880	0.1044s	0.4722	0.8940	0.8869
0
0011	0.4075	0.9250	0.4533	0.8880	0.1196s	0.4293	0.9010	0.8944
0
0012	0.3958	0.9250	0.4258	0.8960	0.1222s	0.3969	0.8990	0.8923
0
0013	0.3527	0.9583	0.4035	0.9000	0.1219s	0.3704	0.8990	0.8925
0
0014	0.3637	0.9500	0.3923	0.8980	0.1081s	0.3573	0.9010	0.8944
0
0015	0.2958	0.9250	0.3863	0.8900	0.1223s	0.3494	0.9030	0.8965
0
0016	0.2608	0.9333	0.3817	0.8980	0.1225s	0.3417	0.9010	0.8947
0
0017	0.2462	0.9583	0.3817	0.8920	0.1200s	0.3393	0.9010	0.8945
0
0018	0.2298	0.9750	0.3872	0.8860	0.1220s	0.3428	0.9000	0.8936
0
0019	0.2400	0.9667	0.3908	0.8880	0.1206s	0.3444	0.8990	0.8927
1
0020	0.2008	0.9750	0.3896	0.8900	0.1223s	0.3422	0.8990	0.8927
2
0021	0.2148	0.9500	0.3890	0.8920	0.1223s	0.3417	0.9010	0.8949
3
0022	0.2056	0.9917	0.3899	0.8900	0.1207s	0.3424	0.9020	0.8955
4
0023	0.1914	0.9667	0.3918	0.8920	0.1222s	0.3435	0.9020	0.8959
5
0024	0.1983	0.9667	0.3914	0.8920	0.1199s	0.3422	0.8970	0.8909
6
0025	0.1701	0.9667	0.3955	0.8880	0.1233s	0.3458	0.8970	0.8908
7
0026	0.1781	0.9917	0.4003	0.8860	0.1206s	0.3498	0.8990	0.8926
8
0027	0.1687	0.9667	0.4040	0.8860	0.1226s	0.3539	0.8990	0.8924
9
0028	0.1684	0.9583	0.4043	0.8880	0.1187s	0.3542	0.8960	0.8897
10
0029	0.1788	1.0000	0.4013	0.8880	0.1206s	0.3513	0.8990	0.8931
11
0030	0.1902	0.9667	0.3991	0.8960	0.1046s	0.3481	0.8960	0.8901
12
0031	0.1487	0.9917	0.4006	0.8940	0.1229s	0.3481	0.8960	0.8897
13
0032	0.1419	0.9833	0.4051	0.8920	0.1266s	0.3515	0.8990	0.8928
14
0033	0.1542	0.9833	0.4125	0.8940	0.1159s	0.3598	0.8970	0.8905
15
0034	0.1761	0.9833	0.4200	0.8900	0.1187s	0.3689	0.8950	0.8881
16
0035	0.1692	1.0000	0.4237	0.8880	0.1180s	0.3742	0.8920	0.8844
17
0036	0.1441	0.9667	0.4269	0.8820	0.1252s	0.3788	0.8910	0.8836
18
0037	0.1536	0.9750	0.4221	0.8840	0.1224s	0.3760	0.8890	0.8814
19
0038	0.1675	0.9750	0.4119	0.8860	0.1237s	0.3678	0.8940	0.8869
20
0039	0.1412	0.9917	0.4028	0.8900	0.1223s	0.3603	0.8980	0.8920
21
0040	0.1806	0.9917	0.3949	0.8920	0.1061s	0.3510	0.9010	0.8958
22
0041	0.1568	0.9917	0.3943	0.8860	0.1229s	0.3493	0.9030	0.8978
23
0042	0.1618	0.9917	0.3945	0.8920	0.1224s	0.3489	0.8960	0.8905
24
0043	0.1561	1.0000	0.3957	0.8940	0.1222s	0.3504	0.8960	0.8902
25
0044	0.1388	0.9917	0.4003	0.8920	0.1048s	0.3554	0.8940	0.8879
26
0045	0.1708	0.9750	0.4075	0.8880	0.1160s	0.3626	0.8900	0.8830
27
0046	0.1532	0.9667	0.4140	0.8860	0.1217s	0.3699	0.8920	0.8851
28
0047	0.1722	0.9667	0.4150	0.8900	0.1231s	0.3720	0.8910	0.8842
29
0048	0.1535	0.9917	0.4061	0.8920	0.1214s	0.3659	0.8920	0.8862
30
0049	0.1520	0.9917	0.3957	0.8920	0.1056s	0.3592	0.8970	0.8915
31
0050	0.1519	0.9583	0.3845	0.8900	0.1166s	0.3515	0.9000	0.8945
32
0051	0.1447	0.9833	0.3803	0.8960	0.1236s	0.3495	0.9030	0.8978
33
0052	0.1704	0.9917	0.3803	0.8940	0.1220s	0.3497	0.8990	0.8931
0
0053	0.1605	0.9833	0.3793	0.8960	0.1227s	0.3492	0.9000	0.8942
0
0054	0.1604	0.9833	0.3778	0.9000	0.1220s	0.3474	0.8990	0.8931
0
0055	0.1773	0.9833	0.3765	0.8960	0.1221s	0.3453	0.8990	0.8933
0
0056	0.1497	0.9750	0.3773	0.8960	0.1221s	0.3444	0.8970	0.8909
0
0057	0.1497	0.9833	0.3812	0.9000	0.1227s	0.3466	0.8990	0.8927
1
0058	0.1794	0.9750	0.3833	0.9060	0.1221s	0.3476	0.8940	0.8880
0
0059	0.1463	1.0000	0.3796	0.9080	0.1217s	0.3453	0.8960	0.8901
0
0060	0.1524	0.9750	0.3769	0.9020	0.1225s	0.3455	0.8970	0.8911
0
0061	0.1569	1.0000	0.3726	0.9000	0.1224s	0.3453	0.8990	0.8930
1
0062	0.1458	0.9833	0.3712	0.8960	0.1248s	0.3480	0.9000	0.8944
0
0063	0.1604	0.9833	0.3745	0.8960	0.1217s	0.3542	0.8980	0.8919
0
0064	0.1838	0.9667	0.3735	0.9020	0.1219s	0.3538	0.8970	0.8909
1
0065	0.1432	0.9917	0.3689	0.8980	0.1230s	0.3488	0.8990	0.8931
2
0066	0.1451	0.9833	0.3661	0.8980	0.1219s	0.3463	0.9000	0.8943
0
0067	0.1447	0.9833	0.3619	0.9000	0.1226s	0.3422	0.9030	0.8976
0
0068	0.1401	0.9667	0.3605	0.9080	0.1233s	0.3388	0.9040	0.8986
0
0069	0.1545	0.9750	0.3599	0.9080	0.1215s	0.3368	0.9040	0.8985
0
0070	0.1462	1.0000	0.3659	0.9020	0.1222s	0.3415	0.9020	0.8964
0
0071	0.1507	1.0000	0.3746	0.8980	0.1221s	0.3498	0.8960	0.8896
1
0072	0.1389	0.9917	0.3773	0.8920	0.1223s	0.3531	0.8960	0.8893
2
0073	0.1561	0.9833	0.3782	0.8880	0.1213s	0.3554	0.8970	0.8903
3
0074	0.1580	0.9833	0.3733	0.8920	0.1239s	0.3528	0.8980	0.8916
4
0075	0.1365	0.9667	0.3659	0.8960	0.1215s	0.3478	0.9020	0.8961
5
0076	0.1400	0.9750	0.3571	0.9100	0.1219s	0.3405	0.9010	0.8952
6
0077	0.1364	0.9917	0.3499	0.9120	0.1230s	0.3332	0.9080	0.9029
0
0078	0.1430	0.9500	0.3479	0.9140	0.1223s	0.3316	0.9090	0.9041
0
0079	0.1287	0.9917	0.3487	0.9140	0.1219s	0.3332	0.9060	0.9009
0
0080	0.1498	0.9917	0.3537	0.9140	0.1047s	0.3387	0.9010	0.8953
0
0081	0.1535	0.9833	0.3596	0.9040	0.1217s	0.3442	0.8990	0.8929
0
0082	0.1538	0.9833	0.3674	0.9000	0.1223s	0.3513	0.8990	0.8925
1
0083	0.1440	0.9917	0.3704	0.8980	0.1236s	0.3524	0.9000	0.8938
2
0084	0.1266	0.9833	0.3728	0.8980	0.1222s	0.3529	0.9000	0.8941
3
0085	0.1549	1.0000	0.3646	0.9080	0.1046s	0.3435	0.9010	0.8956
4
0086	0.1605	0.9833	0.3529	0.9140	0.1192s	0.3323	0.9040	0.8989
5
0087	0.1585	0.9417	0.3456	0.9140	0.1219s	0.3271	0.9150	0.9110
0
0088	0.1292	0.9917	0.3470	0.9120	0.1221s	0.3314	0.9100	0.9062
0
0089	0.1413	0.9750	0.3506	0.9020	0.1237s	0.3384	0.9050	0.9008
1
0090	0.1788	0.9667	0.3525	0.9040	0.1222s	0.3410	0.9040	0.8991
2
0091	0.1619	0.9750	0.3603	0.9040	0.1222s	0.3479	0.9070	0.9016
3
0092	0.1415	1.0000	0.3723	0.9020	0.1262s	0.3575	0.9010	0.8949
4
0093	0.1584	0.9667	0.3799	0.8980	0.1225s	0.3628	0.8970	0.8907
5
0094	0.1642	0.9667	0.3798	0.8960	0.1221s	0.3611	0.8980	0.8918
6
0095	0.1420	1.0000	0.3745	0.9000	0.1221s	0.3553	0.8980	0.8915
7
0096	0.1458	0.9667	0.3653	0.9040	0.1226s	0.3455	0.9030	0.8973
8
0097	0.1457	0.9833	0.3637	0.9020	0.1222s	0.3438	0.9040	0.8986
9
0098	0.1419	0.9667	0.3618	0.9040	0.1222s	0.3425	0.9030	0.8979
10
0099	0.1376	0.9583	0.3640	0.9060	0.1220s	0.3469	0.9000	0.8945
11
0100	0.1378	0.9917	0.3659	0.9040	0.1223s	0.3496	0.9010	0.8956
12
0101	0.1569	0.9917	0.3669	0.9040	0.1223s	0.3493	0.9010	0.8954
13
0102	0.1461	0.9667	0.3709	0.9020	0.1221s	0.3493	0.9010	0.8953
14
0103	0.1593	0.9833	0.3739	0.9020	0.1217s	0.3477	0.9040	0.8980
15
0104	0.1407	0.9667	0.3792	0.9000	0.1222s	0.3486	0.9030	0.8972
16
0105	0.1338	0.9750	0.3839	0.9000	0.1219s	0.3513	0.9040	0.8984
17
0106	0.1434	0.9917	0.3835	0.8980	0.1219s	0.3512	0.9020	0.8961
18
0107	0.1444	0.9583	0.3824	0.9040	0.1218s	0.3517	0.9020	0.8959
19
0108	0.1533	0.9833	0.3809	0.9020	0.1226s	0.3540	0.9040	0.8985
20
0109	0.1341	1.0000	0.3815	0.8940	0.1215s	0.3586	0.9040	0.8988
21
0110	0.1230	0.9750	0.3802	0.8920	0.1218s	0.3608	0.9040	0.8988
22
0111	0.1528	0.9833	0.3783	0.8980	0.1219s	0.3608	0.9020	0.8966
23
0112	0.1502	0.9833	0.3795	0.8960	0.1219s	0.3603	0.9010	0.8956
24
0113	0.1500	0.9667	0.3826	0.8980	0.1220s	0.3594	0.9010	0.8953
25
0114	0.1300	0.9667	0.3836	0.9020	0.1221s	0.3559	0.9040	0.8986
26
0115	0.1341	0.9667	0.3835	0.9020	0.1232s	0.3532	0.9040	0.8983
27
0116	0.1458	0.9917	0.3796	0.9040	0.1223s	0.3483	0.9060	0.9006
28
0117	0.1330	0.9833	0.3780	0.9020	0.1221s	0.3458	0.9080	0.9028
29
0118	0.1484	0.9750	0.3802	0.9000	0.1224s	0.3467	0.9090	0.9042
30
0119	0.1372	0.9833	0.3847	0.9040	0.1223s	0.3511	0.9080	0.9033
31
0120	0.1515	0.9833	0.3860	0.9040	0.1226s	0.3532	0.9030	0.8975
32
0121	0.1653	0.9750	0.3876	0.9060	0.1221s	0.3546	0.9030	0.8977
33
0122	0.1366	0.9667	0.3881	0.9040	0.1220s	0.3548	0.9050	0.8996
34
0123	0.1511	0.9750	0.3898	0.9020	0.1217s	0.3552	0.9020	0.8965
35
0124	0.1361	0.9917	0.3911	0.9020	0.1220s	0.3530	0.9010	0.8953
36
0125	0.1350	0.9750	0.3937	0.9040	0.1230s	0.3529	0.9020	0.8965
37
0126	0.1649	0.9833	0.3945	0.9060	0.1217s	0.3524	0.9030	0.8975
38
0127	0.1319	0.9750	0.3928	0.9080	0.1223s	0.3509	0.9040	0.8987
39
0128	0.1695	0.9667	0.3883	0.9060	0.1218s	0.3500	0.9030	0.8977
40
0129	0.1320	0.9917	0.3866	0.9040	0.1218s	0.3536	0.9010	0.8956
41
0130	0.1481	0.9917	0.3852	0.8960	0.1232s	0.3539	0.9030	0.8976
42
0131	0.1457	0.9917	0.3852	0.8940	0.1219s	0.3531	0.9060	0.9002
43
0132	0.1315	0.9833	0.3881	0.8940	0.1223s	0.3550	0.9040	0.8979
44
0133	0.1235	0.9500	0.3873	0.8980	0.1219s	0.3534	0.9030	0.8972
45
0134	0.1574	0.9667	0.3851	0.9000	0.1221s	0.3517	0.9020	0.8961
46
0135	0.1532	0.9833	0.3842	0.9020	0.1228s	0.3527	0.9010	0.8953
47
0136	0.1385	1.0000	0.3822	0.9020	0.1223s	0.3512	0.9030	0.8973
48
0137	0.1450	0.9917	0.3843	0.9040	0.1220s	0.3533	0.8980	0.8922
49
0138	0.1278	0.9833	0.3847	0.9000	0.1216s	0.3528	0.8990	0.8934
50
0139	0.1688	0.9667	0.3792	0.9020	0.1218s	0.3474	0.9010	0.8957
51
0140	0.1207	0.9667	0.3728	0.9040	0.1215s	0.3391	0.9020	0.8972
52
0141	0.1385	0.9583	0.3714	0.9120	0.1219s	0.3377	0.9050	0.9000
53
0142	0.1456	0.9750	0.3734	0.9060	0.1222s	0.3405	0.9060	0.9007
54
0143	0.1342	0.9917	0.3825	0.9000	0.1219s	0.3519	0.9020	0.8961
55
0144	0.1243	0.9917	0.3939	0.9000	0.1239s	0.3656	0.9020	0.8964
56
0145	0.1371	0.9583	0.4029	0.8900	0.1226s	0.3767	0.8980	0.8914
57
0146	0.1477	0.9917	0.4001	0.8900	0.1219s	0.3775	0.8990	0.8935
58
0147	0.1473	0.9917	0.3872	0.8980	0.1220s	0.3661	0.8980	0.8922
59
0148	0.1553	0.9833	0.3782	0.9040	0.1222s	0.3550	0.9000	0.8947
60
0149	0.1465	0.9667	0.3791	0.9040	0.1234s	0.3511	0.9040	0.8996
61
0150	0.1489	0.9833	0.3820	0.9000	0.1226s	0.3526	0.9070	0.9027
62
0151	0.1341	0.9833	0.3858	0.9040	0.1218s	0.3558	0.9070	0.9020
63
0152	0.1474	0.9667	0.3919	0.9020	0.1220s	0.3642	0.9050	0.8994
64
0153	0.1061	0.9917	0.3963	0.8880	0.1226s	0.3711	0.9000	0.8939
65
0154	0.1339	0.9917	0.3985	0.8900	0.1225s	0.3742	0.9000	0.8937
66
0155	0.1409	0.9833	0.4005	0.8900	0.1222s	0.3780	0.8980	0.8915
67
0156	0.1094	1.0000	0.4004	0.8900	0.1227s	0.3796	0.8980	0.8916
68
0157	0.1580	0.9667	0.3974	0.8940	0.1216s	0.3787	0.9010	0.8951
69
0158	0.1409	0.9917	0.3945	0.8960	0.1044s	0.3767	0.9010	0.8951
70
0159	0.1527	0.9917	0.3887	0.8960	0.1039s	0.3711	0.9050	0.8996
71
0160	0.1511	0.9750	0.3856	0.9000	0.1194s	0.3662	0.9110	0.9065
72
0161	0.1350	0.9750	0.3849	0.8980	0.1217s	0.3643	0.9110	0.9067
73
0162	0.1407	0.9833	0.3857	0.9020	0.1238s	0.3645	0.9100	0.9060
74
0163	0.1473	0.9750	0.3887	0.9000	0.1217s	0.3685	0.9060	0.9013
75
0164	0.1426	0.9833	0.3931	0.8980	0.1217s	0.3740	0.9020	0.8967
76
0165	0.1417	1.0000	0.3930	0.8960	0.1217s	0.3725	0.8990	0.8933
77
0166	0.1260	0.9917	0.3955	0.8940	0.1213s	0.3756	0.8960	0.8899
78
0167	0.1293	0.9917	0.3930	0.8940	0.1221s	0.3740	0.8990	0.8932
79
0168	0.1558	0.9667	0.3906	0.8960	0.1218s	0.3719	0.8980	0.8920
80
0169	0.1444	0.9583	0.3873	0.8940	0.1220s	0.3677	0.8980	0.8921
81
0170	0.1432	0.9917	0.3854	0.8960	0.1220s	0.3650	0.8990	0.8933
82
0171	0.1363	0.9917	0.3833	0.8980	0.1043s	0.3621	0.9000	0.8941
83
0172	0.1348	0.9833	0.3828	0.8980	0.1222s	0.3625	0.9030	0.8973
84
0173	0.1384	0.9917	0.3821	0.9000	0.1215s	0.3637	0.9040	0.8984
85
0174	0.1315	1.0000	0.3808	0.9000	0.1222s	0.3636	0.9040	0.8985
86
0175	0.1548	0.9833	0.3804	0.8980	0.1216s	0.3631	0.9020	0.8963
87
0176	0.1423	0.9667	0.3818	0.8980	0.1209s	0.3636	0.9010	0.8953
88
0177	0.1334	0.9833	0.3813	0.8980	0.1233s	0.3605	0.9050	0.8998
89
0178	0.1323	0.9667	0.3813	0.9020	0.1211s	0.3589	0.9020	0.8962
90
0179	0.1516	0.9750	0.3818	0.9020	0.1216s	0.3589	0.9030	0.8975
91
0180	0.1560	0.9833	0.3802	0.9020	0.1217s	0.3576	0.9020	0.8963
92
0181	0.1357	0.9750	0.3765	0.9000	0.1222s	0.3542	0.9010	0.8952
93
0182	0.1221	1.0000	0.3760	0.9000	0.1055s	0.3552	0.9000	0.8941
94
0183	0.1422	0.9833	0.3779	0.8960	0.1215s	0.3597	0.9010	0.8954
95
0184	0.1175	1.0000	0.3800	0.8980	0.1214s	0.3634	0.9000	0.8944
96
0185	0.1511	0.9833	0.3829	0.8960	0.1230s	0.3672	0.9020	0.8961
97
0186	0.1655	0.9583	0.3854	0.8980	0.1221s	0.3711	0.8990	0.8930
98
0187	0.1614	0.9583	0.3829	0.8980	0.1217s	0.3667	0.9020	0.8963
99
0188	0.1489	0.9667	0.3760	0.9060	0.1218s	0.3558	0.9040	0.8985
100
0189	0.1504	0.9667	0.3716	0.9100	0.1217s	0.3461	0.9060	0.9008
101
0190	0.1221	0.9667	0.3728	0.9060	0.1224s	0.3426	0.9040	0.8986
102
0191	0.1407	0.9667	0.3757	0.9080	0.1228s	0.3448	0.9050	0.8998
103
0192	0.1250	0.9833	0.3804	0.9040	0.1219s	0.3505	0.9030	0.8978
104
0193	0.1265	0.9833	0.3834	0.9080	0.1218s	0.3551	0.8940	0.8882
105
0194	0.1267	0.9917	0.3846	0.9040	0.1214s	0.3591	0.8970	0.8916
106
0195	0.1331	0.9917	0.3871	0.8940	0.1221s	0.3628	0.8980	0.8919
107
0196	0.1213	0.9917	0.3896	0.9000	0.1221s	0.3649	0.8980	0.8914
108
0197	0.1315	0.9667	0.3899	0.9000	0.1220s	0.3623	0.9000	0.8939
109
0198	0.1289	0.9667	0.3889	0.8960	0.1221s	0.3591	0.9030	0.8979
110
0199	0.1201	0.9750	0.3863	0.9040	0.1218s	0.3553	0.9050	0.8997
111
0200	0.1293	0.9667	0.3814	0.9080	0.1228s	0.3509	0.9050	0.8999
112
0201	0.1144	0.9833	0.3776	0.9040	0.1220s	0.3484	0.9060	0.9010
113
0202	0.1460	0.9750	0.3755	0.9060	0.1224s	0.3478	0.9060	0.9013
114
0203	0.1149	1.0000	0.3759	0.9060	0.1221s	0.3500	0.9020	0.8969
115
0204	0.1431	0.9750	0.3812	0.9040	0.1220s	0.3581	0.8990	0.8936
116
0205	0.1295	0.9750	0.3843	0.9080	0.1222s	0.3631	0.8900	0.8838
117
0206	0.1387	1.0000	0.3882	0.9060	0.1046s	0.3692	0.8890	0.8828
118
0207	0.1440	0.9750	0.3857	0.9060	0.1218s	0.3657	0.8910	0.8848
119
0208	0.1258	0.9583	0.3810	0.9020	0.1101s	0.3594	0.8970	0.8911
120
0209	0.1428	0.9833	0.3746	0.9040	0.1198s	0.3507	0.9010	0.8955
121
0210	0.1273	1.0000	0.3724	0.9080	0.1245s	0.3459	0.9010	0.8955
122
0211	0.1187	0.9750	0.3697	0.9080	0.1220s	0.3442	0.9030	0.8981
123
0212	0.1298	0.9583	0.3694	0.9160	0.1223s	0.3459	0.9030	0.8980
124
0213	0.1710	0.9750	0.3692	0.9120	0.1220s	0.3453	0.9030	0.8978
0
0214	0.1413	0.9833	0.3716	0.9100	0.1219s	0.3467	0.9010	0.8951
1
0215	0.1300	0.9750	0.3742	0.9080	0.1222s	0.3493	0.8990	0.8928
2
0216	0.1278	0.9917	0.3773	0.9120	0.1220s	0.3533	0.8990	0.8927
3
0217	0.1258	1.0000	0.3778	0.9140	0.1220s	0.3557	0.8990	0.8927
4
0218	0.1350	0.9833	0.3796	0.9080	0.1219s	0.3587	0.8950	0.8885
5
0219	0.1514	0.9667	0.3760	0.9080	0.1217s	0.3559	0.8960	0.8898
6
0220	0.1371	0.9917	0.3656	0.9040	0.1221s	0.3458	0.8990	0.8933
7
0221	0.1221	0.9833	0.3618	0.9080	0.1220s	0.3418	0.9010	0.8959
8
0222	0.1484	0.9833	0.3616	0.9120	0.1222s	0.3407	0.9020	0.8968
9
0223	0.1383	0.9667	0.3632	0.9120	0.1229s	0.3433	0.9020	0.8967
10
0224	0.1308	0.9917	0.3677	0.9080	0.1128s	0.3492	0.9020	0.8967
11
0225	0.1137	0.9917	0.3692	0.9080	0.1219s	0.3536	0.9000	0.8944
12
0226	0.1199	0.9833	0.3680	0.9080	0.1223s	0.3551	0.8990	0.8931
13
0227	0.1302	1.0000	0.3665	0.9060	0.1216s	0.3556	0.8970	0.8907
14
0228	0.1273	0.9833	0.3643	0.9060	0.1223s	0.3560	0.8990	0.8929
15
0229	0.1337	0.9917	0.3610	0.9060	0.1223s	0.3562	0.9000	0.8946
16
0230	0.1412	0.9917	0.3575	0.9020	0.1218s	0.3544	0.9040	0.8989
17
0231	0.1512	0.9750	0.3565	0.9040	0.1241s	0.3509	0.9020	0.8969
18
0232	0.1424	0.9833	0.3596	0.9020	0.1222s	0.3514	0.9020	0.8967
19
0233	0.1311	1.0000	0.3630	0.9020	0.1220s	0.3540	0.9040	0.8988
20
0234	0.1154	0.9917	0.3685	0.9060	0.1228s	0.3601	0.9000	0.8944
21
0235	0.1297	0.9917	0.3696	0.9000	0.1221s	0.3617	0.8990	0.8930
22
0236	0.1651	0.9667	0.3696	0.8960	0.1221s	0.3623	0.8960	0.8896
23
0237	0.1166	0.9750	0.3691	0.8980	0.1219s	0.3625	0.8960	0.8896
24
0238	0.1247	0.9750	0.3673	0.9020	0.1267s	0.3601	0.8970	0.8907
25
0239	0.1340	0.9833	0.3633	0.8980	0.1228s	0.3559	0.8970	0.8908
26
0240	0.1575	0.9667	0.3572	0.9060	0.1216s	0.3471	0.9020	0.8965
27
0241	0.1455	1.0000	0.3550	0.9080	0.1218s	0.3424	0.9090	0.9045
28
0242	0.1562	0.9750	0.3540	0.9100	0.1222s	0.3388	0.9050	0.9004
29
0243	0.1234	0.9833	0.3543	0.9100	0.1228s	0.3396	0.9040	0.8992
30
0244	0.1293	0.9833	0.3572	0.9060	0.1217s	0.3429	0.9010	0.8957
31
0245	0.1287	0.9833	0.3632	0.9020	0.1219s	0.3499	0.9010	0.8955
32
0246	0.1361	1.0000	0.3689	0.9000	0.1222s	0.3548	0.9010	0.8956
33
0247	0.1208	1.0000	0.3774	0.9000	0.1221s	0.3623	0.8970	0.8911
34
0248	0.1363	1.0000	0.3845	0.9020	0.1223s	0.3680	0.8940	0.8878
35
0249	0.1537	0.9667	0.3813	0.9040	0.1219s	0.3639	0.8950	0.8893
36
0250	0.1447	0.9417	0.3741	0.9060	0.1134s	0.3554	0.8990	0.8935
37
0251	0.1263	0.9750	0.3696	0.9060	0.1163s	0.3510	0.8990	0.8936
38
0252	0.1313	0.9750	0.3689	0.9040	0.1087s	0.3499	0.9040	0.8991
39
0253	0.1277	0.9750	0.3726	0.9020	0.0961s	0.3519	0.9000	0.8954
40
0254	0.1224	0.9917	0.3786	0.8980	0.1199s	0.3578	0.9000	0.8954
41
0255	0.1456	0.9667	0.3841	0.9000	0.0960s	0.3634	0.8970	0.8912
42
0256	0.1388	0.9583	0.3929	0.8960	0.1159s	0.3725	0.8950	0.8889
43
0257	0.1256	0.9833	0.4034	0.8860	0.0959s	0.3821	0.8910	0.8844
44
0258	0.1408	0.9583	0.3973	0.8900	0.1010s	0.3754	0.8960	0.8899
45
0259	0.1417	0.9917	0.3916	0.8960	0.0997s	0.3696	0.8970	0.8909
46
0260	0.1321	0.9583	0.3814	0.9020	0.0992s	0.3584	0.9040	0.8985
47
0261	0.1357	0.9750	0.3767	0.9060	0.0949s	0.3517	0.9020	0.8965
48
0262	0.1311	0.9583	0.3749	0.9060	0.0951s	0.3470	0.9030	0.8976
49
0263	0.1439	0.9667	0.3757	0.9060	0.0953s	0.3444	0.9010	0.8957
50
0264	0.1399	0.9917	0.3802	0.9060	0.1044s	0.3474	0.9000	0.8946
51
0265	0.1410	0.9917	0.3892	0.9040	0.1191s	0.3542	0.9000	0.8944
52
0266	0.1294	0.9833	0.3981	0.9000	0.1224s	0.3608	0.8980	0.8922
53
0267	0.1478	0.9750	0.4009	0.9000	0.1220s	0.3641	0.8980	0.8924
54
0268	0.1265	0.9833	0.4013	0.9020	0.1223s	0.3666	0.8950	0.8888
55
0269	0.1068	0.9750	0.3980	0.9040	0.1220s	0.3664	0.8980	0.8923
56
0270	0.1253	0.9833	0.3921	0.9000	0.1044s	0.3646	0.9000	0.8945
57
0271	0.1556	0.9583	0.3904	0.9000	0.1219s	0.3644	0.8980	0.8925
58
0272	0.1350	0.9833	0.3878	0.9000	0.1218s	0.3644	0.9010	0.8956
59
0273	0.1122	0.9917	0.3845	0.9040	0.1225s	0.3625	0.9040	0.8989
60
0274	0.1195	0.9917	0.3843	0.9100	0.1035s	0.3630	0.9040	0.8990
61
0275	0.1382	1.0000	0.3849	0.9120	0.1172s	0.3625	0.9000	0.8946
62
0276	0.1270	1.0000	0.3891	0.9080	0.1196s	0.3653	0.8980	0.8924
63
0277	0.1346	0.9500	0.3935	0.9020	0.1224s	0.3691	0.8970	0.8916
64
0278	0.1481	0.9833	0.3961	0.8980	0.1222s	0.3722	0.8950	0.8895
65
0279	0.1255	0.9917	0.3955	0.9000	0.1218s	0.3729	0.8940	0.8880
66
0280	0.1455	0.9917	0.3887	0.9100	0.1223s	0.3676	0.8980	0.8922
67
0281	0.1407	0.9750	0.3806	0.9080	0.1225s	0.3609	0.9060	0.9014
68
0282	0.1248	0.9750	0.3774	0.9080	0.1196s	0.3582	0.9120	0.9079
69
0283	0.1357	0.9833	0.3767	0.9100	0.1221s	0.3593	0.9110	0.9067
70
0284	0.1256	0.9917	0.3794	0.9080	0.1223s	0.3626	0.9060	0.9011
71
0285	0.1243	0.9750	0.3854	0.9040	0.1223s	0.3680	0.9040	0.8988
72
0286	0.1572	0.9833	0.3886	0.9060	0.1232s	0.3700	0.9030	0.8977
73
0287	0.1300	0.9833	0.3948	0.9020	0.1218s	0.3749	0.9040	0.8987
74
0288	0.1269	0.9917	0.3945	0.9040	0.1221s	0.3741	0.9020	0.8966
75
0289	0.1247	0.9833	0.3946	0.9000	0.1223s	0.3714	0.9050	0.9004
76
0290	0.1648	0.9833	0.3922	0.9040	0.1221s	0.3681	0.9050	0.9002
77
0291	0.1283	0.9917	0.3888	0.9020	0.1219s	0.3652	0.9070	0.9025
78
0292	0.1496	1.0000	0.3798	0.9080	0.1220s	0.3605	0.9090	0.9048
79
0293	0.1538	0.9750	0.3746	0.9060	0.1221s	0.3634	0.9030	0.8979
80
0294	0.1403	0.9750	0.3772	0.9000	0.1212s	0.3731	0.9050	0.8998
81
0295	0.1250	1.0000	0.3879	0.8860	0.1226s	0.3858	0.9020	0.8958
82
0296	0.1522	0.9750	0.3903	0.8840	0.1221s	0.3845	0.8980	0.8917
83
0297	0.1191	0.9833	0.3873	0.8880	0.1224s	0.3769	0.9010	0.8946
84
0298	0.1184	0.9917	0.3785	0.9040	0.1222s	0.3628	0.9040	0.8981
85
0299	0.1207	0.9917	0.3708	0.9120	0.1224s	0.3507	0.9080	0.9032
86
0300	0.1262	0.9917	0.3685	0.9080	0.1221s	0.3441	0.9100	0.9055
87
0301	0.1267	0.9917	0.3705	0.9100	0.1221s	0.3423	0.9100	0.9056
88
0302	0.1227	0.9667	0.3720	0.9080	0.1218s	0.3426	0.9110	0.9069
89
0303	0.1426	0.9667	0.3707	0.9100	0.1219s	0.3440	0.9100	0.9053
90
0304	0.1368	0.9667	0.3709	0.9080	0.1221s	0.3474	0.9070	0.9024
91
0305	0.1434	0.9917	0.3732	0.9040	0.1221s	0.3523	0.9050	0.8997
92
0306	0.1238	0.9833	0.3721	0.9060	0.1220s	0.3530	0.9090	0.9038
93
0307	0.1437	0.9833	0.3713	0.9060	0.1221s	0.3527	0.9080	0.9030
94
0308	0.1325	1.0000	0.3713	0.9100	0.1223s	0.3516	0.9080	0.9031
95
0309	0.1305	0.9667	0.3699	0.9120	0.1226s	0.3473	0.9100	0.9053
96
0310	0.1331	0.9917	0.3698	0.9100	0.1044s	0.3445	0.9120	0.9076
97
0311	0.1342	0.9750	0.3694	0.9120	0.1221s	0.3416	0.9140	0.9095
98
0312	0.1338	0.9750	0.3690	0.9100	0.1219s	0.3398	0.9170	0.9128
99
0313	0.1397	0.9583	0.3703	0.9080	0.1218s	0.3415	0.9190	0.9149
100
0314	0.1416	0.9750	0.3729	0.9020	0.1221s	0.3441	0.9160	0.9118
101
0315	0.1350	0.9750	0.3746	0.9020	0.1047s	0.3458	0.9140	0.9094
102
0316	0.1143	1.0000	0.3785	0.9000	0.1222s	0.3503	0.9100	0.9047
103
0317	0.1447	0.9833	0.3874	0.9000	0.1224s	0.3595	0.9040	0.8988
104
0318	0.1817	0.9583	0.3923	0.8980	0.1221s	0.3634	0.9020	0.8967
105
0319	0.1301	0.9833	0.3951	0.8960	0.1223s	0.3650	0.9010	0.8958
106
0320	0.1395	0.9833	0.3881	0.9020	0.1218s	0.3571	0.9020	0.8969
107
0321	0.1438	0.9833	0.3816	0.9060	0.1221s	0.3484	0.9100	0.9053
108
0322	0.1284	0.9833	0.3788	0.9040	0.1233s	0.3447	0.9110	0.9068
109
0323	0.1410	0.9833	0.3785	0.9040	0.1218s	0.3440	0.9140	0.9099
110
0324	0.1404	0.9833	0.3822	0.9040	0.1220s	0.3490	0.9150	0.9105
111
0325	0.1277	0.9917	0.3878	0.9020	0.1222s	0.3552	0.9080	0.9027
112
0326	0.1252	1.0000	0.3935	0.9000	0.1220s	0.3614	0.9070	0.9016
113
0327	0.1435	0.9583	0.3939	0.8940	0.1226s	0.3624	0.9070	0.9015
114
0328	0.1370	1.0000	0.3898	0.8940	0.1223s	0.3583	0.9080	0.9030
115
0329	0.1264	0.9917	0.3876	0.8980	0.1221s	0.3552	0.9050	0.8999
116
0330	0.1328	1.0000	0.3884	0.8980	0.1216s	0.3550	0.9040	0.8987
117
0331	0.1377	0.9750	0.3897	0.8960	0.1211s	0.3549	0.9050	0.8997
118
0332	0.1268	1.0000	0.3865	0.9000	0.1217s	0.3508	0.9060	0.9005
119
0333	0.1309	0.9750	0.3844	0.9000	0.1218s	0.3477	0.9110	0.9060
120
0334	0.1432	1.0000	0.3839	0.9020	0.1236s	0.3467	0.9120	0.9070
121
0335	0.1222	0.9833	0.3817	0.9040	0.1220s	0.3451	0.9130	0.9084
122
0336	0.1378	0.9750	0.3800	0.9060	0.1222s	0.3446	0.9110	0.9064
123
0337	0.1497	0.9833	0.3821	0.9080	0.1219s	0.3487	0.9110	0.9062
124
0338	0.1145	0.9750	0.3839	0.9060	0.1220s	0.3526	0.9110	0.9060
125
0339	0.1348	0.9667	0.3850	0.9040	0.1222s	0.3561	0.9100	0.9049
126
0340	0.1270	0.9833	0.3833	0.9040	0.1221s	0.3578	0.9080	0.9031
127
0341	0.1512	0.9667	0.3793	0.9060	0.1220s	0.3574	0.9090	0.9042
128
0342	0.1474	0.9667	0.3737	0.9120	0.1224s	0.3538	0.9080	0.9033
129
0343	0.1638	0.9500	0.3665	0.9080	0.1222s	0.3463	0.9130	0.9090
130
0344	0.1318	0.9750	0.3627	0.9080	0.1216s	0.3418	0.9130	0.9089
131
0345	0.1268	0.9750	0.3611	0.9120	0.1050s	0.3388	0.9120	0.9076
132
0346	0.1327	0.9750	0.3624	0.9140	0.1228s	0.3403	0.9090	0.9041
133
0347	0.1531	0.9667	0.3657	0.9120	0.1219s	0.3452	0.9120	0.9071
134
0348	0.1413	0.9667	0.3690	0.9120	0.1222s	0.3509	0.9090	0.9037
135
0349	0.1472	0.9917	0.3759	0.9060	0.1217s	0.3605	0.9050	0.8993
136
0350	0.1432	0.9750	0.3795	0.9060	0.1220s	0.3655	0.9050	0.8987
137
0351	0.1419	0.9750	0.3778	0.9000	0.1219s	0.3648	0.9040	0.8977
138
0352	0.1429	0.9583	0.3751	0.9000	0.1218s	0.3626	0.9070	0.9013
139
0353	0.1369	0.9833	0.3726	0.8980	0.1220s	0.3601	0.9060	0.9006
140
0354	0.1522	0.9583	0.3708	0.9060	0.1219s	0.3584	0.9060	0.9010
141
0355	0.1168	0.9917	0.3696	0.9080	0.1220s	0.3560	0.9060	0.9009
142
0356	0.1416	0.9833	0.3706	0.9020	0.1214s	0.3541	0.9070	0.9020
143
0357	0.1243	0.9917	0.3736	0.9040	0.1211s	0.3550	0.9060	0.9005
144
0358	0.1287	0.9750	0.3812	0.9060	0.1230s	0.3604	0.9050	0.8989
145
0359	0.1399	0.9833	0.3825	0.9060	0.1222s	0.3614	0.9060	0.9002
146
0360	0.1489	0.9667	0.3868	0.9020	0.1207s	0.3651	0.9000	0.8939
147
0361	0.1471	0.9667	0.3855	0.9100	0.1244s	0.3640	0.9060	0.9008
148
0362	0.1406	0.9750	0.3815	0.9100	0.1222s	0.3616	0.9040	0.8984
149
0363	0.1176	0.9833	0.3742	0.9080	0.1220s	0.3568	0.9060	0.9002
150
0364	0.1264	0.9833	0.3700	0.9060	0.1224s	0.3525	0.9120	0.9070
151
0365	0.1190	1.0000	0.3689	0.9080	0.1220s	0.3502	0.9100	0.9053
152
0366	0.1342	0.9417	0.3717	0.9060	0.1222s	0.3514	0.9110	0.9062
153
0367	0.1274	0.9917	0.3784	0.9040	0.1217s	0.3566	0.9010	0.8952
154
0368	0.1127	0.9917	0.3837	0.9000	0.1222s	0.3608	0.9000	0.8940
155
0369	0.1258	1.0000	0.3863	0.9020	0.1217s	0.3628	0.8990	0.8929
156
0370	0.1186	0.9833	0.3839	0.9080	0.1057s	0.3602	0.8980	0.8922
157
0371	0.1541	0.9833	0.3809	0.9100	0.1225s	0.3576	0.9000	0.8946
158
0372	0.1295	0.9750	0.3744	0.9100	0.1223s	0.3534	0.9040	0.8991
159
0373	0.1378	0.9833	0.3706	0.9100	0.1222s	0.3511	0.9060	0.9010
160
0374	0.1463	0.9833	0.3696	0.9080	0.1215s	0.3503	0.9060	0.9014
161
0375	0.1411	0.9833	0.3724	0.9080	0.1220s	0.3529	0.9070	0.9022
162
0376	0.1109	0.9750	0.3764	0.9080	0.1221s	0.3576	0.9080	0.9030
163
0377	0.1345	0.9667	0.3824	0.9020	0.1215s	0.3630	0.9030	0.8975
164
0378	0.1342	0.9917	0.3875	0.9000	0.1212s	0.3686	0.9020	0.8964
165
0379	0.1390	0.9750	0.3832	0.9020	0.1214s	0.3654	0.9050	0.8995
166
0380	0.1270	0.9750	0.3765	0.9040	0.1216s	0.3605	0.9070	0.9018
167
0381	0.1278	0.9833	0.3704	0.9100	0.1218s	0.3565	0.9080	0.9034
168
0382	0.1297	0.9667	0.3699	0.9080	0.1230s	0.3591	0.9080	0.9035
169
0383	0.1371	0.9917	0.3733	0.9100	0.1228s	0.3646	0.9070	0.9023
170
0384	0.1165	0.9833	0.3787	0.9080	0.1222s	0.3710	0.9040	0.8989
171
0385	0.1302	0.9917	0.3841	0.9040	0.1220s	0.3763	0.9010	0.8956
172
0386	0.1282	0.9917	0.3845	0.9020	0.1215s	0.3759	0.9020	0.8967
173
0387	0.1330	1.0000	0.3867	0.8960	0.1219s	0.3748	0.9010	0.8955
174
0388	0.1279	0.9833	0.3852	0.9000	0.1047s	0.3699	0.9020	0.8964
175
0389	0.1466	1.0000	0.3824	0.9000	0.1222s	0.3666	0.9030	0.8977
176
0390	0.1365	0.9750	0.3809	0.9040	0.1219s	0.3650	0.9030	0.8978
177
0391	0.1288	0.9917	0.3779	0.9060	0.1219s	0.3618	0.9050	0.9000
178
0392	0.1334	0.9917	0.3764	0.9060	0.1211s	0.3611	0.9090	0.9039
179
0393	0.1357	0.9833	0.3772	0.9060	0.1215s	0.3622	0.9050	0.8995
180
0394	0.1129	0.9833	0.3769	0.9080	0.1219s	0.3626	0.9080	0.9027
181
0395	0.1567	1.0000	0.3763	0.9060	0.1225s	0.3658	0.9060	0.9010
182
0396	0.1475	0.9667	0.3747	0.9060	0.1245s	0.3666	0.9090	0.9045
183
0397	0.1122	0.9917	0.3737	0.9060	0.1205s	0.3673	0.9090	0.9046
184
0398	0.1301	0.9750	0.3747	0.9040	0.1221s	0.3693	0.9070	0.9024
185
0399	0.1377	0.9417	0.3768	0.9040	0.1226s	0.3705	0.9050	0.9000
186
0400	0.1464	0.9250	0.3824	0.9040	0.1220s	0.3734	0.9010	0.8958
187
0401	0.1259	0.9917	0.3894	0.9000	0.1223s	0.3769	0.8990	0.8933
188
0402	0.1249	0.9750	0.3942	0.8960	0.1218s	0.3797	0.8970	0.8907
189
0403	0.1277	0.9917	0.3917	0.9000	0.1222s	0.3754	0.8970	0.8911
190
0404	0.1285	0.9833	0.3872	0.9060	0.1223s	0.3694	0.9000	0.8941
191
0405	0.1189	0.9583	0.3856	0.9020	0.1221s	0.3678	0.9040	0.8985
192
0406	0.1186	0.9750	0.3836	0.9020	0.1220s	0.3669	0.9060	0.9005
193
0407	0.1267	0.9833	0.3854	0.9000	0.1223s	0.3698	0.9090	0.9040
194
0408	0.1245	0.9917	0.3903	0.8940	0.1217s	0.3758	0.9020	0.8958
195
0409	0.1362	0.9833	0.3897	0.8960	0.1247s	0.3761	0.9060	0.9002
196
0410	0.1248	0.9833	0.3882	0.8940	0.1216s	0.3759	0.9040	0.8982
197
0411	0.1342	0.9750	0.3872	0.9000	0.1224s	0.3731	0.9050	0.8993
198
0412	0.1172	0.9917	0.3889	0.9060	0.1222s	0.3731	0.9000	0.8940
199
Early stop! Min loss:0.34563741087913513,  Max accuracy:0.916
Early stop model validation loss:0.34563741087913513,  accuracy:0.914
Optimization Finished!
Total time elapsed: 50.2891s
test max acc:0.9190
Loading 86th epoch
stru_node_to_hop attention:tensor([[0.2516, 0.2503, 0.2493, 0.2489],
        [0.2498, 0.2501, 0.2500, 0.2500],
        [0.2473, 0.2515, 0.2507, 0.2506],
        [0.2503, 0.2504, 0.2497, 0.2495],
        [0.2488, 0.2504, 0.2504, 0.2504],
        [0.2483, 0.2506, 0.2505, 0.2505],
        [0.2509, 0.2495, 0.2498, 0.2497],
        [0.2497, 0.2502, 0.2501, 0.2500],
        [0.2488, 0.2507, 0.2503, 0.2502],
        [0.2492, 0.2507, 0.2501, 0.2500],
        [0.2493, 0.2502, 0.2502, 0.2502],
        [0.2499, 0.2501, 0.2500, 0.2500],
        [0.2501, 0.2499, 0.2500, 0.2500],
        [0.2496, 0.2507, 0.2500, 0.2498],
        [0.2501, 0.2504, 0.2498, 0.2497],
        [0.2498, 0.2511, 0.2497, 0.2494],
        [0.2492, 0.2506, 0.2502, 0.2500],
        [0.2491, 0.2510, 0.2501, 0.2498],
        [0.2498, 0.2501, 0.2500, 0.2500],
        [0.2503, 0.2501, 0.2499, 0.2497],
        [0.2502, 0.2499, 0.2500, 0.2500],
        [0.2487, 0.2516, 0.2500, 0.2497],
        [0.2497, 0.2501, 0.2502, 0.2501],
        [0.2477, 0.2511, 0.2506, 0.2506],
        [0.2499, 0.2501, 0.2500, 0.2500],
        [0.2495, 0.2503, 0.2501, 0.2500],
        [0.2501, 0.2501, 0.2500, 0.2499],
        [0.2489, 0.2507, 0.2503, 0.2501],
        [0.2508, 0.2496, 0.2498, 0.2498],
        [0.2485, 0.2508, 0.2504, 0.2503],
        [0.2490, 0.2505, 0.2503, 0.2502],
        [0.2479, 0.2510, 0.2506, 0.2505],
        [0.2501, 0.2502, 0.2499, 0.2498],
        [0.2492, 0.2504, 0.2502, 0.2502],
        [0.2485, 0.2508, 0.2504, 0.2503],
        [0.2495, 0.2504, 0.2501, 0.2500],
        [0.2492, 0.2505, 0.2503, 0.2500],
        [0.2494, 0.2500, 0.2503, 0.2503],
        [0.2501, 0.2500, 0.2500, 0.2499],
        [0.2490, 0.2509, 0.2501, 0.2500],
        [0.2497, 0.2500, 0.2501, 0.2501],
        [0.2493, 0.2508, 0.2500, 0.2498],
        [0.2486, 0.2509, 0.2503, 0.2502],
        [0.2502, 0.2499, 0.2499, 0.2499],
        [0.2469, 0.2515, 0.2510, 0.2507],
        [0.1992, 0.1882, 0.2664, 0.3462],
        [0.2500, 0.2500, 0.2500, 0.2500],
        [0.2492, 0.2506, 0.2501, 0.2500],
        [0.2493, 0.2503, 0.2502, 0.2501],
        [0.2498, 0.2501, 0.2500, 0.2500],
        [0.2472, 0.2509, 0.2509, 0.2511],
        [0.2488, 0.2507, 0.2503, 0.2502],
        [0.2501, 0.2500, 0.2500, 0.2500],
        [0.2496, 0.2501, 0.2502, 0.2501],
        [0.2472, 0.2520, 0.2505, 0.2503],
        [0.2478, 0.2509, 0.2505, 0.2508],
        [0.2506, 0.2506, 0.2496, 0.2493],
        [0.2500, 0.2502, 0.2499, 0.2498],
        [0.2491, 0.2511, 0.2500, 0.2497],
        [0.2489, 0.2510, 0.2502, 0.2499],
        [0.2492, 0.2507, 0.2502, 0.2500],
        [0.2483, 0.2510, 0.2504, 0.2503],
        [0.2494, 0.2507, 0.2500, 0.2499],
        [0.2491, 0.2498, 0.2504, 0.2507],
        [0.2497, 0.2502, 0.2501, 0.2500],
        [0.2478, 0.2509, 0.2506, 0.2506],
        [0.2494, 0.2517, 0.2497, 0.2492],
        [0.2483, 0.2502, 0.2507, 0.2508],
        [0.2500, 0.2500, 0.2500, 0.2500],
        [0.2500, 0.2501, 0.2500, 0.2499],
        [0.2489, 0.2516, 0.2498, 0.2496],
        [0.2499, 0.2500, 0.2500, 0.2500],
        [0.2494, 0.2506, 0.2501, 0.2499],
        [0.2498, 0.2507, 0.2500, 0.2495],
        [0.2502, 0.2499, 0.2499, 0.2500],
        [0.2502, 0.2502, 0.2499, 0.2498],
        [0.2491, 0.2504, 0.2503, 0.2503],
        [0.2506, 0.2498, 0.2498, 0.2498],
        [0.2496, 0.2504, 0.2501, 0.2500],
        [0.2488, 0.2504, 0.2504, 0.2504],
        [0.2510, 0.2500, 0.2497, 0.2492],
        [0.2496, 0.2507, 0.2500, 0.2498],
        [0.2515, 0.2494, 0.2496, 0.2494],
        [0.2496, 0.2502, 0.2501, 0.2501],
        [0.2501, 0.2501, 0.2499, 0.2498],
        [0.2491, 0.2503, 0.2503, 0.2503],
        [0.2490, 0.2506, 0.2502, 0.2503],
        [0.2477, 0.2513, 0.2506, 0.2504],
        [0.2496, 0.2505, 0.2500, 0.2499],
        [0.2506, 0.2501, 0.2497, 0.2496],
        [0.2483, 0.2507, 0.2505, 0.2505],
        [0.2493, 0.2504, 0.2502, 0.2502],
        [0.2490, 0.2505, 0.2503, 0.2503],
        [0.2498, 0.2501, 0.2501, 0.2501],
        [0.2498, 0.2501, 0.2501, 0.2501],
        [0.2501, 0.2499, 0.2500, 0.2500],
        [0.2499, 0.2502, 0.2500, 0.2499],
        [0.2506, 0.2498, 0.2498, 0.2498],
        [0.2487, 0.2508, 0.2503, 0.2502],
        [0.2497, 0.2502, 0.2502, 0.2500]], device='cuda:1')
fea_node_to_hop attention:tensor([[0.3311, 0.3347, 0.3342],
        [0.3328, 0.3336, 0.3336],
        [0.3305, 0.3337, 0.3357],
        [0.3310, 0.3345, 0.3345],
        [0.3318, 0.3336, 0.3346],
        [0.3329, 0.3328, 0.3344],
        [0.3314, 0.3329, 0.3357],
        [0.3328, 0.3335, 0.3337],
        [0.3294, 0.3351, 0.3355],
        [0.3307, 0.3338, 0.3355],
        [0.3314, 0.3344, 0.3342],
        [0.3317, 0.3339, 0.3344],
        [0.3336, 0.3333, 0.3331],
        [0.3311, 0.3339, 0.3351],
        [0.3286, 0.3355, 0.3358],
        [0.3314, 0.3337, 0.3349],
        [0.3298, 0.3343, 0.3359],
        [0.3318, 0.3336, 0.3347],
        [0.3327, 0.3336, 0.3337],
        [0.3325, 0.3335, 0.3341],
        [0.3341, 0.3327, 0.3332],
        [0.3317, 0.3332, 0.3352],
        [0.3328, 0.3332, 0.3341],
        [0.3294, 0.3356, 0.3350],
        [0.3327, 0.3335, 0.3337],
        [0.3332, 0.3333, 0.3336],
        [0.3327, 0.3330, 0.3343],
        [0.3316, 0.3338, 0.3345],
        [0.3301, 0.3336, 0.3363],
        [0.3310, 0.3348, 0.3341],
        [0.3321, 0.3338, 0.3341],
        [0.3300, 0.3345, 0.3355],
        [0.3326, 0.3334, 0.3341],
        [0.3309, 0.3345, 0.3347],
        [0.3317, 0.3337, 0.3345],
        [0.3297, 0.3349, 0.3354],
        [0.3307, 0.3342, 0.3351],
        [0.3334, 0.3326, 0.3340],
        [0.3325, 0.3336, 0.3339],
        [0.3281, 0.3367, 0.3352],
        [0.3317, 0.3337, 0.3346],
        [0.3305, 0.3341, 0.3354],
        [0.3301, 0.3346, 0.3353],
        [0.3340, 0.3330, 0.3330],
        [0.3306, 0.3359, 0.3336],
        [0.3394, 0.3409, 0.3198],
        [0.3331, 0.3334, 0.3335],
        [0.3313, 0.3341, 0.3346],
        [0.3302, 0.3345, 0.3352],
        [0.3334, 0.3332, 0.3333],
        [0.3338, 0.3333, 0.3329],
        [0.3307, 0.3337, 0.3357],
        [0.3335, 0.3333, 0.3332],
        [0.3293, 0.3345, 0.3362],
        [0.3315, 0.3336, 0.3349],
        [0.3316, 0.3335, 0.3349],
        [0.3322, 0.3338, 0.3340],
        [0.3324, 0.3337, 0.3339],
        [0.3336, 0.3319, 0.3345],
        [0.3323, 0.3333, 0.3344],
        [0.3304, 0.3344, 0.3352],
        [0.3288, 0.3350, 0.3362],
        [0.3306, 0.3343, 0.3351],
        [0.3338, 0.3330, 0.3332],
        [0.3313, 0.3345, 0.3342],
        [0.3294, 0.3350, 0.3357],
        [0.3312, 0.3345, 0.3343],
        [0.3308, 0.3341, 0.3350],
        [0.3335, 0.3334, 0.3331],
        [0.3328, 0.3334, 0.3338],
        [0.3308, 0.3340, 0.3353],
        [0.3341, 0.3328, 0.3331],
        [0.3316, 0.3339, 0.3345],
        [0.3320, 0.3331, 0.3348],
        [0.3338, 0.3332, 0.3329],
        [0.3333, 0.3326, 0.3342],
        [0.3324, 0.3331, 0.3345],
        [0.3313, 0.3343, 0.3344],
        [0.3327, 0.3333, 0.3340],
        [0.3296, 0.3351, 0.3354],
        [0.3317, 0.3340, 0.3343],
        [0.3319, 0.3337, 0.3345],
        [0.3315, 0.3335, 0.3350],
        [0.3325, 0.3338, 0.3337],
        [0.3321, 0.3337, 0.3342],
        [0.3300, 0.3341, 0.3360],
        [0.3301, 0.3353, 0.3346],
        [0.3309, 0.3342, 0.3349],
        [0.3326, 0.3334, 0.3340],
        [0.3316, 0.3334, 0.3350],
        [0.3323, 0.3339, 0.3338],
        [0.3321, 0.3340, 0.3339],
        [0.3308, 0.3343, 0.3349],
        [0.3325, 0.3338, 0.3337],
        [0.3334, 0.3330, 0.3336],
        [0.3335, 0.3333, 0.3332],
        [0.3330, 0.3332, 0.3338],
        [0.3320, 0.3339, 0.3342],
        [0.3311, 0.3340, 0.3350],
        [0.3318, 0.3341, 0.3341]], device='cuda:1')
perception attention:tensor([0.5000, 0.5000], device='cuda:1')
Test set results: loss= 0.3271 accuracy= 0.9150 F1_score= 0.9110
