# epoch	loss_train	acc_train	loss_val	acc_val	time	acc_test	f1_test
0001	1.7996	0.1667	1.7000	0.3660	0.1187s	1.6892	0.3610	0.2138
0
0002	1.6916	0.4417	1.5618	0.4340	0.1242s	1.5343	0.4400	0.2955
0
0003	1.5621	0.4250	1.4049	0.5360	0.1221s	1.3736	0.5610	0.4713
0
0004	1.3755	0.5667	1.2181	0.8200	0.1222s	1.1933	0.8160	0.8034
0
0005	1.1554	0.7417	1.0316	0.8840	0.1228s	1.0142	0.8770	0.8707
0
0006	1.0178	0.8083	0.8804	0.8740	0.1217s	0.8675	0.8580	0.8539
0
0007	0.8454	0.8583	0.7523	0.8720	0.1223s	0.7386	0.8570	0.8512
0
0008	0.7383	0.8417	0.6473	0.8700	0.1224s	0.6305	0.8690	0.8617
0
0009	0.6331	0.9083	0.5651	0.8920	0.1245s	0.5461	0.8940	0.8876
0
0010	0.5213	0.8417	0.5058	0.8940	0.1223s	0.4834	0.9000	0.8940
0
0011	0.4333	0.9500	0.4654	0.8960	0.1223s	0.4386	0.8950	0.8886
0
0012	0.3964	0.9250	0.4345	0.9000	0.1220s	0.4044	0.8930	0.8870
0
0013	0.3747	0.9250	0.4150	0.8960	0.1045s	0.3831	0.8930	0.8866
0
0014	0.3363	0.9417	0.3988	0.8960	0.1214s	0.3650	0.8980	0.8920
0
0015	0.3061	0.9250	0.3866	0.8980	0.1224s	0.3509	0.8960	0.8902
0
0016	0.2788	0.9667	0.3779	0.8960	0.1221s	0.3405	0.8990	0.8935
0
0017	0.2796	0.9500	0.3741	0.8980	0.1220s	0.3356	0.9010	0.8956
0
0018	0.2564	0.9667	0.3764	0.8960	0.1224s	0.3369	0.8990	0.8934
0
0019	0.2604	0.9750	0.3794	0.8920	0.1210s	0.3395	0.8990	0.8931
1
0020	0.2231	0.9500	0.3798	0.8960	0.1218s	0.3392	0.8950	0.8889
2
0021	0.1860	0.9667	0.3826	0.8960	0.1215s	0.3412	0.8940	0.8875
3
0022	0.2055	0.9500	0.3836	0.8980	0.1221s	0.3417	0.8950	0.8883
4
0023	0.2039	0.9583	0.3829	0.8960	0.1223s	0.3400	0.9010	0.8946
5
0024	0.2087	0.9500	0.3829	0.8960	0.1217s	0.3395	0.9010	0.8949
6
0025	0.1843	0.9583	0.3828	0.8960	0.1251s	0.3394	0.8990	0.8931
7
0026	0.1928	0.9667	0.3883	0.8940	0.1225s	0.3449	0.8940	0.8881
8
0027	0.1583	1.0000	0.3978	0.8920	0.1225s	0.3540	0.8910	0.8848
9
0028	0.1644	0.9750	0.4056	0.8860	0.1216s	0.3618	0.8910	0.8852
10
0029	0.1802	0.9500	0.4071	0.8860	0.1222s	0.3635	0.8910	0.8846
11
0030	0.1810	0.9917	0.4107	0.8840	0.1227s	0.3667	0.8900	0.8830
12
0031	0.1707	0.9833	0.4090	0.8840	0.1218s	0.3647	0.8900	0.8827
13
0032	0.1494	0.9917	0.4046	0.8880	0.1231s	0.3598	0.8950	0.8886
14
0033	0.1748	0.9667	0.4016	0.8980	0.1217s	0.3557	0.8960	0.8897
15
0034	0.1779	0.9667	0.3986	0.8980	0.1218s	0.3533	0.8990	0.8926
16
0035	0.1784	0.9583	0.3987	0.8960	0.1218s	0.3549	0.8970	0.8904
17
0036	0.1463	0.9917	0.4066	0.8860	0.1220s	0.3646	0.8970	0.8900
18
0037	0.1861	0.9917	0.4164	0.8780	0.1231s	0.3768	0.8890	0.8816
19
0038	0.1602	0.9833	0.4229	0.8760	0.1217s	0.3860	0.8900	0.8822
20
0039	0.1570	0.9667	0.4194	0.8780	0.1223s	0.3852	0.8900	0.8821
21
0040	0.1679	0.9833	0.4043	0.8840	0.1222s	0.3722	0.8900	0.8828
22
0041	0.1613	0.9583	0.3943	0.8920	0.1220s	0.3622	0.8960	0.8900
23
0042	0.1760	0.9583	0.3876	0.8960	0.1229s	0.3545	0.8940	0.8877
24
0043	0.1746	0.9833	0.3874	0.8920	0.1211s	0.3534	0.8950	0.8889
25
0044	0.1696	0.9750	0.3893	0.8920	0.1225s	0.3543	0.8970	0.8910
26
0045	0.1570	1.0000	0.3944	0.8900	0.1220s	0.3586	0.8990	0.8934
27
0046	0.1480	0.9667	0.4015	0.8900	0.1217s	0.3666	0.8940	0.8880
28
0047	0.1684	0.9833	0.4071	0.8920	0.1216s	0.3739	0.8840	0.8767
29
0048	0.1633	0.9917	0.4076	0.8880	0.1220s	0.3761	0.8880	0.8806
30
0049	0.1435	0.9750	0.4062	0.8880	0.1218s	0.3767	0.8900	0.8827
31
0050	0.1509	0.9833	0.4000	0.8860	0.1219s	0.3727	0.8900	0.8831
32
0051	0.1551	0.9667	0.3910	0.8920	0.1220s	0.3655	0.8960	0.8894
33
0052	0.1476	0.9917	0.3834	0.8880	0.1225s	0.3578	0.8980	0.8923
34
0053	0.1576	1.0000	0.3784	0.8940	0.1222s	0.3515	0.9010	0.8958
35
0054	0.1690	0.9667	0.3750	0.8960	0.1218s	0.3464	0.9000	0.8945
36
0055	0.1450	0.9917	0.3772	0.8960	0.1220s	0.3468	0.8930	0.8869
37
0056	0.1843	0.9750	0.3847	0.8960	0.1217s	0.3529	0.8940	0.8877
38
0057	0.1642	0.9833	0.3990	0.8920	0.1221s	0.3663	0.8900	0.8831
39
0058	0.1429	0.9750	0.4075	0.8900	0.1248s	0.3751	0.8860	0.8787
40
0059	0.1555	0.9750	0.4073	0.8880	0.1211s	0.3765	0.8880	0.8810
41
0060	0.1534	0.9833	0.3972	0.8900	0.1213s	0.3687	0.8890	0.8818
42
0061	0.1591	0.9833	0.3818	0.8960	0.1216s	0.3572	0.8950	0.8888
43
0062	0.1650	0.9750	0.3713	0.9000	0.1217s	0.3515	0.9020	0.8964
44
0063	0.1282	1.0000	0.3739	0.9000	0.1223s	0.3577	0.8980	0.8932
0
0064	0.1511	0.9667	0.3834	0.8980	0.1219s	0.3701	0.8920	0.8869
0
0065	0.1576	0.9750	0.3909	0.8940	0.1218s	0.3794	0.8910	0.8856
1
0066	0.1555	0.9833	0.3902	0.8920	0.1222s	0.3772	0.8980	0.8919
2
0067	0.1568	0.9833	0.3865	0.8920	0.1224s	0.3689	0.9030	0.8974
3
0068	0.1384	0.9917	0.3912	0.8980	0.1218s	0.3670	0.8960	0.8897
4
0069	0.1569	0.9583	0.4055	0.8960	0.1225s	0.3746	0.8920	0.8854
5
0070	0.1318	1.0000	0.4170	0.8900	0.1223s	0.3820	0.8900	0.8831
6
0071	0.1358	0.9917	0.4166	0.8900	0.1220s	0.3816	0.8900	0.8830
7
0072	0.1452	0.9917	0.4008	0.8920	0.1213s	0.3689	0.8950	0.8885
8
0073	0.1756	0.9750	0.3830	0.8980	0.1219s	0.3561	0.8970	0.8905
9
0074	0.1458	0.9750	0.3720	0.9080	0.1215s	0.3504	0.9040	0.8988
10
0075	0.1631	0.9833	0.3722	0.9040	0.1215s	0.3530	0.9010	0.8954
0
0076	0.1495	0.9750	0.3768	0.8980	0.1218s	0.3595	0.9020	0.8963
1
0077	0.1624	0.9833	0.3834	0.8960	0.1220s	0.3663	0.9020	0.8966
2
0078	0.1708	0.9583	0.3980	0.8880	0.1221s	0.3795	0.9020	0.8957
3
0079	0.1525	0.9500	0.4138	0.8840	0.1224s	0.3906	0.8930	0.8857
4
0080	0.1449	1.0000	0.4194	0.8840	0.1225s	0.3921	0.8850	0.8769
5
0081	0.1366	0.9917	0.4157	0.8860	0.1049s	0.3851	0.8860	0.8784
6
0082	0.1509	0.9750	0.3978	0.8880	0.1187s	0.3663	0.8910	0.8837
7
0083	0.1645	0.9667	0.3795	0.9000	0.1055s	0.3460	0.9000	0.8940
8
0084	0.1396	0.9833	0.3745	0.9160	0.1141s	0.3394	0.9000	0.8944
9
0085	0.1359	1.0000	0.3739	0.9160	0.1045s	0.3383	0.9040	0.8994
0
0086	0.1722	0.9667	0.3757	0.9080	0.1221s	0.3420	0.9010	0.8964
0
0087	0.1319	0.9833	0.3814	0.9000	0.1219s	0.3492	0.9000	0.8943
1
0088	0.1509	0.9583	0.3885	0.8980	0.1197s	0.3565	0.9000	0.8943
2
0089	0.1369	1.0000	0.3959	0.8960	0.1203s	0.3657	0.9000	0.8938
3
0090	0.1468	0.9833	0.3943	0.8960	0.1194s	0.3662	0.9000	0.8935
4
0091	0.1304	1.0000	0.3903	0.8980	0.1228s	0.3637	0.9010	0.8947
5
0092	0.1629	0.9917	0.3859	0.9020	0.1221s	0.3584	0.9010	0.8950
6
0093	0.1552	0.9917	0.3774	0.8960	0.1193s	0.3475	0.9020	0.8962
7
0094	0.1624	0.9667	0.3762	0.9000	0.1227s	0.3425	0.9020	0.8960
8
0095	0.1526	0.9917	0.3751	0.9100	0.1217s	0.3390	0.9030	0.8973
9
0096	0.1669	1.0000	0.3732	0.9080	0.1211s	0.3378	0.9030	0.8972
10
0097	0.1613	0.9417	0.3720	0.9120	0.1219s	0.3402	0.9030	0.8976
11
0098	0.1369	0.9833	0.3785	0.9120	0.1226s	0.3496	0.9040	0.8985
12
0099	0.1428	0.9833	0.3909	0.8960	0.1224s	0.3620	0.9000	0.8939
13
0100	0.1498	0.9750	0.4015	0.8940	0.1219s	0.3727	0.8990	0.8930
14
0101	0.1525	0.9667	0.4039	0.8900	0.1108s	0.3737	0.8990	0.8927
15
0102	0.1407	0.9833	0.4020	0.8920	0.1223s	0.3701	0.8960	0.8892
16
0103	0.1431	0.9833	0.4007	0.8900	0.1148s	0.3663	0.8950	0.8881
17
0104	0.1694	1.0000	0.3927	0.8940	0.1193s	0.3580	0.8980	0.8915
18
0105	0.1251	0.9917	0.3873	0.9000	0.1194s	0.3539	0.9030	0.8974
19
0106	0.1452	0.9917	0.3826	0.9020	0.1197s	0.3510	0.9050	0.8995
20
0107	0.1349	0.9833	0.3811	0.9060	0.1220s	0.3518	0.9010	0.8959
21
0108	0.1499	0.9833	0.3822	0.9040	0.1124s	0.3550	0.9050	0.8997
22
0109	0.1350	0.9750	0.3834	0.9060	0.1096s	0.3570	0.9050	0.8996
23
0110	0.1538	0.9750	0.3869	0.9020	0.1224s	0.3610	0.9030	0.8975
24
0111	0.1391	0.9833	0.3970	0.8960	0.1222s	0.3701	0.9000	0.8943
25
0112	0.1538	0.9750	0.4045	0.8920	0.1225s	0.3758	0.8970	0.8913
26
0113	0.1389	0.9583	0.4036	0.8960	0.1152s	0.3750	0.8990	0.8933
27
0114	0.1390	0.9750	0.3960	0.8980	0.1227s	0.3690	0.9010	0.8954
28
0115	0.1244	0.9750	0.3862	0.9040	0.1226s	0.3622	0.9020	0.8963
29
0116	0.1460	0.9667	0.3776	0.9120	0.1204s	0.3565	0.9010	0.8950
30
0117	0.1483	0.9833	0.3749	0.9080	0.1221s	0.3576	0.9010	0.8954
31
0118	0.1351	0.9667	0.3771	0.9060	0.1228s	0.3631	0.9010	0.8953
32
0119	0.1482	0.9750	0.3813	0.9000	0.1232s	0.3694	0.9000	0.8943
33
0120	0.1432	0.9750	0.3894	0.9020	0.1229s	0.3797	0.9000	0.8938
34
0121	0.1590	0.9417	0.4013	0.8900	0.1229s	0.3906	0.8970	0.8906
35
0122	0.1465	1.0000	0.4144	0.8960	0.1223s	0.4016	0.8980	0.8923
36
0123	0.1353	0.9917	0.4169	0.8900	0.1222s	0.4027	0.8990	0.8936
37
0124	0.1465	0.9750	0.4024	0.8980	0.1183s	0.3869	0.8960	0.8900
38
0125	0.1565	0.9833	0.3859	0.8980	0.1213s	0.3698	0.8990	0.8926
39
0126	0.1326	0.9917	0.3782	0.9040	0.1221s	0.3620	0.8990	0.8929
40
0127	0.1390	0.9583	0.3759	0.9120	0.1151s	0.3624	0.8990	0.8931
41
0128	0.1398	0.9583	0.3756	0.9060	0.1198s	0.3646	0.8980	0.8920
42
0129	0.1430	0.9667	0.3746	0.9040	0.1218s	0.3661	0.9010	0.8952
43
0130	0.1317	0.9833	0.3814	0.8960	0.1105s	0.3738	0.9000	0.8940
44
0131	0.1644	0.9750	0.3869	0.8920	0.1222s	0.3782	0.9000	0.8938
45
0132	0.1355	0.9833	0.3854	0.8980	0.1231s	0.3746	0.8970	0.8908
46
0133	0.1425	0.9750	0.3768	0.9060	0.1229s	0.3624	0.8990	0.8935
47
0134	0.1349	1.0000	0.3710	0.9040	0.1223s	0.3523	0.9010	0.8957
48
0135	0.1580	0.9917	0.3720	0.9100	0.1048s	0.3511	0.9040	0.8989
0
0136	0.1548	0.9833	0.3751	0.9080	0.1219s	0.3535	0.9000	0.8941
1
0137	0.1393	0.9917	0.3771	0.9080	0.1220s	0.3552	0.8990	0.8933
2
0138	0.1550	0.9917	0.3760	0.9140	0.1210s	0.3567	0.9010	0.8958
3
0139	0.1390	0.9833	0.3745	0.9100	0.1227s	0.3579	0.9010	0.8953
4
0140	0.1506	0.9917	0.3737	0.9040	0.1152s	0.3597	0.9020	0.8961
5
0141	0.1538	0.9750	0.3730	0.9060	0.1210s	0.3587	0.9020	0.8965
6
0142	0.1364	0.9750	0.3725	0.9040	0.1199s	0.3574	0.9060	0.9005
7
0143	0.1448	0.9500	0.3682	0.9060	0.1229s	0.3505	0.9070	0.9018
8
0144	0.1604	0.9917	0.3643	0.9120	0.1177s	0.3434	0.9100	0.9051
0
0145	0.1350	0.9667	0.3648	0.9160	0.1093s	0.3414	0.9080	0.9033
0
0146	0.1326	0.9917	0.3669	0.9120	0.1224s	0.3426	0.9020	0.8968
0
0147	0.1190	0.9917	0.3718	0.9080	0.1226s	0.3474	0.9010	0.8957
1
0148	0.1306	0.9667	0.3745	0.9060	0.1193s	0.3522	0.9010	0.8955
2
0149	0.1396	0.9833	0.3782	0.9040	0.1040s	0.3585	0.9020	0.8966
3
0150	0.1567	0.9417	0.3746	0.9100	0.1153s	0.3555	0.9020	0.8963
4
0151	0.1300	1.0000	0.3717	0.9080	0.1223s	0.3526	0.9060	0.9008
5
0152	0.1390	0.9667	0.3680	0.9080	0.1216s	0.3464	0.9090	0.9043
6
0153	0.1561	0.9667	0.3648	0.9100	0.1165s	0.3395	0.9060	0.9014
7
0154	0.1317	1.0000	0.3649	0.9120	0.1086s	0.3361	0.9090	0.9042
8
0155	0.1415	0.9583	0.3673	0.9060	0.1220s	0.3369	0.9060	0.9008
9
0156	0.1319	0.9667	0.3695	0.9040	0.1224s	0.3384	0.9040	0.8986
10
0157	0.1293	0.9917	0.3722	0.9040	0.1151s	0.3421	0.9040	0.8989
11
0158	0.1341	1.0000	0.3732	0.9060	0.1218s	0.3462	0.9020	0.8965
12
0159	0.1223	0.9917	0.3754	0.9040	0.1195s	0.3509	0.9060	0.9009
13
0160	0.1441	0.9583	0.3715	0.9080	0.1224s	0.3459	0.9050	0.9000
14
0161	0.1328	0.9750	0.3693	0.9120	0.1215s	0.3411	0.9050	0.9000
15
0162	0.1287	0.9833	0.3709	0.9100	0.1244s	0.3411	0.9080	0.9031
16
0163	0.1325	0.9833	0.3738	0.9080	0.1223s	0.3428	0.9100	0.9049
17
0164	0.1438	0.9750	0.3795	0.9100	0.1224s	0.3471	0.9090	0.9035
18
0165	0.1390	0.9833	0.3819	0.9040	0.1237s	0.3478	0.9090	0.9034
19
0166	0.1428	0.9667	0.3795	0.9060	0.1152s	0.3440	0.9110	0.9058
20
0167	0.1435	0.9833	0.3771	0.9080	0.1131s	0.3403	0.9130	0.9085
21
0168	0.1159	0.9917	0.3745	0.9100	0.1226s	0.3362	0.9120	0.9073
22
0169	0.1410	0.9917	0.3743	0.9100	0.1174s	0.3363	0.9120	0.9073
23
0170	0.1463	0.9750	0.3779	0.9080	0.1219s	0.3403	0.9120	0.9073
24
0171	0.1398	0.9917	0.3809	0.9080	0.1240s	0.3442	0.9100	0.9049
25
0172	0.1464	0.9917	0.3835	0.9100	0.1240s	0.3467	0.9070	0.9014
26
0173	0.1488	0.9500	0.3833	0.9080	0.1222s	0.3459	0.9040	0.8982
27
0174	0.1268	0.9833	0.3829	0.9060	0.1230s	0.3458	0.9050	0.8994
28
0175	0.1405	0.9917	0.3805	0.9100	0.1224s	0.3433	0.9050	0.8997
29
0176	0.1301	0.9917	0.3788	0.9100	0.1200s	0.3414	0.9050	0.8993
30
0177	0.1268	0.9917	0.3777	0.9060	0.1225s	0.3405	0.9050	0.8993
31
0178	0.1466	0.9833	0.3830	0.9080	0.1228s	0.3475	0.9030	0.8970
32
0179	0.1263	0.9917	0.3903	0.9000	0.1224s	0.3571	0.9010	0.8949
33
0180	0.1076	0.9667	0.3977	0.9000	0.1224s	0.3653	0.9010	0.8951
34
0181	0.1620	0.9750	0.3986	0.9000	0.1176s	0.3664	0.8990	0.8928
35
0182	0.1336	0.9750	0.3986	0.9000	0.1230s	0.3673	0.9000	0.8939
36
0183	0.1722	0.9583	0.3948	0.9060	0.1224s	0.3626	0.9030	0.8969
37
0184	0.1432	0.9750	0.3862	0.9020	0.1225s	0.3531	0.9050	0.8996
38
0185	0.1291	0.9833	0.3847	0.8960	0.1194s	0.3499	0.9010	0.8957
39
0186	0.1407	0.9833	0.3867	0.8980	0.1226s	0.3522	0.9020	0.8970
40
0187	0.1464	0.9500	0.3850	0.8980	0.1222s	0.3502	0.9040	0.8985
41
0188	0.1507	0.9833	0.3882	0.9040	0.1174s	0.3525	0.9010	0.8954
42
0189	0.1361	0.9667	0.3975	0.9040	0.1234s	0.3596	0.9010	0.8948
43
0190	0.1413	0.9833	0.4085	0.9000	0.1229s	0.3680	0.8990	0.8932
44
0191	0.1358	0.9750	0.4122	0.8980	0.1226s	0.3703	0.8980	0.8918
45
0192	0.1427	0.9750	0.4045	0.8980	0.1221s	0.3627	0.9000	0.8940
46
0193	0.1405	0.9917	0.3946	0.9000	0.1232s	0.3540	0.9010	0.8952
47
0194	0.1332	0.9667	0.3859	0.9000	0.1229s	0.3485	0.9030	0.8975
48
0195	0.1395	0.9917	0.3818	0.9060	0.1223s	0.3474	0.9030	0.8976
49
0196	0.1529	0.9667	0.3807	0.9060	0.1197s	0.3490	0.9030	0.8976
50
0197	0.1337	0.9667	0.3836	0.9060	0.1231s	0.3541	0.9030	0.8975
51
0198	0.1336	0.9750	0.3854	0.9060	0.1226s	0.3575	0.9040	0.8985
52
0199	0.1310	0.9833	0.3858	0.9080	0.1226s	0.3599	0.9010	0.8955
53
0200	0.1190	0.9750	0.3847	0.9080	0.1226s	0.3592	0.9010	0.8955
54
0201	0.1327	0.9833	0.3838	0.9040	0.1227s	0.3563	0.9040	0.8985
55
0202	0.1301	0.9833	0.3835	0.9000	0.1222s	0.3538	0.9010	0.8955
56
0203	0.1210	0.9750	0.3875	0.9000	0.1221s	0.3577	0.9030	0.8975
57
0204	0.1653	0.9583	0.3894	0.8960	0.1224s	0.3622	0.9020	0.8965
58
0205	0.1392	0.9750	0.3873	0.8940	0.1238s	0.3647	0.9030	0.8979
59
0206	0.1200	0.9917	0.3847	0.9020	0.1224s	0.3662	0.9000	0.8942
60
0207	0.1192	1.0000	0.3820	0.8980	0.1175s	0.3655	0.9020	0.8961
61
0208	0.1243	0.9833	0.3772	0.9020	0.1221s	0.3623	0.9040	0.8982
62
0209	0.1319	0.9833	0.3728	0.9040	0.1202s	0.3583	0.9050	0.8996
63
0210	0.1387	0.9917	0.3736	0.9060	0.1053s	0.3583	0.9030	0.8973
64
0211	0.1316	0.9750	0.3760	0.9020	0.1178s	0.3584	0.9020	0.8965
65
0212	0.1258	1.0000	0.3794	0.8980	0.1196s	0.3611	0.9000	0.8941
66
0213	0.1251	0.9833	0.3845	0.8980	0.1227s	0.3657	0.8960	0.8897
67
0214	0.1461	0.9667	0.3864	0.9000	0.1186s	0.3656	0.8950	0.8887
68
0215	0.1369	0.9750	0.3857	0.9000	0.1199s	0.3651	0.8980	0.8919
69
0216	0.1184	0.9917	0.3814	0.9040	0.1230s	0.3601	0.9030	0.8975
70
0217	0.1212	0.9833	0.3769	0.9020	0.1218s	0.3539	0.9080	0.9027
71
0218	0.1341	0.9583	0.3734	0.9020	0.1220s	0.3499	0.9110	0.9063
72
0219	0.1348	0.9917	0.3698	0.9040	0.1048s	0.3473	0.9110	0.9063
73
0220	0.1375	0.9750	0.3688	0.9060	0.1169s	0.3472	0.9060	0.9011
74
0221	0.1610	0.9667	0.3729	0.9060	0.1222s	0.3530	0.9040	0.8987
75
0222	0.1584	0.9833	0.3791	0.9040	0.1171s	0.3605	0.9000	0.8944
76
0223	0.1435	0.9667	0.3836	0.9020	0.1202s	0.3654	0.8990	0.8926
77
0224	0.1388	0.9750	0.3836	0.9020	0.1225s	0.3651	0.9030	0.8966
78
0225	0.1340	0.9833	0.3775	0.8940	0.1094s	0.3572	0.9070	0.9007
79
0226	0.1325	0.9667	0.3714	0.8980	0.1220s	0.3489	0.9100	0.9047
80
0227	0.1173	0.9917	0.3696	0.8960	0.1221s	0.3454	0.9060	0.9003
81
0228	0.1375	0.9667	0.3687	0.9000	0.1227s	0.3447	0.9060	0.9005
82
0229	0.1441	0.9750	0.3704	0.9000	0.1222s	0.3486	0.9030	0.8979
83
0230	0.1273	0.9917	0.3731	0.8980	0.1227s	0.3539	0.8960	0.8900
84
0231	0.1247	0.9833	0.3727	0.9020	0.1225s	0.3569	0.8980	0.8922
85
0232	0.1268	1.0000	0.3689	0.9060	0.1223s	0.3574	0.9020	0.8966
86
0233	0.1371	0.9917	0.3664	0.9080	0.1227s	0.3578	0.9060	0.9009
87
0234	0.1349	0.9667	0.3675	0.9080	0.1222s	0.3624	0.9050	0.8999
88
0235	0.1518	0.9750	0.3642	0.9040	0.1225s	0.3586	0.9020	0.8964
89
0236	0.1343	0.9833	0.3642	0.9040	0.1151s	0.3562	0.9030	0.8974
0
0237	0.1261	0.9833	0.3651	0.9000	0.1129s	0.3535	0.9060	0.9002
0
0238	0.1313	0.9667	0.3674	0.8980	0.1223s	0.3515	0.9040	0.8984
1
0239	0.1200	0.9833	0.3715	0.8980	0.1225s	0.3514	0.9070	0.9019
2
0240	0.1449	0.9917	0.3754	0.8960	0.1226s	0.3538	0.9060	0.9007
3
0241	0.1324	0.9667	0.3768	0.8940	0.1198s	0.3575	0.9030	0.8977
4
0242	0.1460	0.9833	0.3674	0.8980	0.1204s	0.3533	0.9060	0.9010
5
0243	0.1310	0.9833	0.3641	0.9000	0.1222s	0.3545	0.9080	0.9027
6
0244	0.1266	0.9833	0.3669	0.9000	0.1221s	0.3621	0.9080	0.9026
0
0245	0.1039	0.9833	0.3738	0.9000	0.1045s	0.3733	0.9030	0.8972
1
0246	0.1484	0.9667	0.3753	0.9000	0.1168s	0.3757	0.9020	0.8962
2
0247	0.1562	0.9583	0.3748	0.9000	0.1175s	0.3733	0.9020	0.8959
3
0248	0.1342	0.9833	0.3716	0.9000	0.1199s	0.3661	0.9000	0.8940
4
0249	0.1353	0.9750	0.3728	0.8980	0.1048s	0.3621	0.9070	0.9015
5
0250	0.1510	0.9667	0.3789	0.8960	0.1043s	0.3653	0.8970	0.8912
6
0251	0.1263	0.9750	0.3824	0.8960	0.1046s	0.3670	0.8990	0.8937
7
0252	0.1391	0.9667	0.3843	0.8980	0.1195s	0.3689	0.9000	0.8949
8
0253	0.1409	0.9917	0.3830	0.9000	0.1218s	0.3685	0.9010	0.8954
9
0254	0.1342	0.9917	0.3835	0.9000	0.1238s	0.3693	0.8950	0.8881
10
0255	0.1443	1.0000	0.3852	0.8960	0.1187s	0.3706	0.9000	0.8932
11
0256	0.1394	0.9750	0.3817	0.8960	0.1221s	0.3674	0.9010	0.8942
12
0257	0.1443	0.9917	0.3737	0.8960	0.1221s	0.3607	0.9040	0.8977
13
0258	0.1413	0.9833	0.3690	0.8980	0.1223s	0.3577	0.9050	0.8995
14
0259	0.1263	0.9667	0.3701	0.9020	0.1223s	0.3592	0.9040	0.8989
15
0260	0.1186	0.9833	0.3714	0.9040	0.1220s	0.3604	0.9020	0.8965
16
0261	0.1250	0.9917	0.3711	0.9000	0.1222s	0.3588	0.9030	0.8978
17
0262	0.1379	0.9833	0.3734	0.8980	0.1048s	0.3589	0.9050	0.8997
18
0263	0.1447	0.9750	0.3762	0.8940	0.1224s	0.3620	0.9040	0.8984
19
0264	0.1415	0.9833	0.3794	0.8940	0.1222s	0.3648	0.9000	0.8938
20
0265	0.1402	0.9917	0.3819	0.8960	0.1230s	0.3651	0.9010	0.8948
21
0266	0.1306	0.9833	0.3846	0.8960	0.1191s	0.3658	0.9000	0.8940
22
0267	0.1219	0.9833	0.3852	0.8940	0.1226s	0.3645	0.9000	0.8941
23
0268	0.1520	0.9667	0.3862	0.8940	0.1181s	0.3657	0.9010	0.8950
24
0269	0.1202	0.9917	0.3840	0.8940	0.1171s	0.3637	0.9040	0.8981
25
0270	0.1343	1.0000	0.3806	0.8940	0.1225s	0.3604	0.9020	0.8959
26
0271	0.1025	1.0000	0.3800	0.9000	0.1224s	0.3598	0.8990	0.8934
27
0272	0.1245	0.9667	0.3796	0.9020	0.1224s	0.3596	0.8990	0.8938
28
0273	0.1106	0.9917	0.3807	0.9020	0.1217s	0.3603	0.8990	0.8938
29
0274	0.1472	0.9833	0.3760	0.9000	0.1224s	0.3545	0.9050	0.9002
30
0275	0.1444	0.9667	0.3733	0.9040	0.1225s	0.3490	0.9020	0.8969
31
0276	0.1238	0.9917	0.3745	0.9040	0.1200s	0.3478	0.9050	0.9001
32
0277	0.1391	0.9833	0.3784	0.9020	0.1222s	0.3521	0.9070	0.9021
33
0278	0.1398	0.9667	0.3852	0.9020	0.1229s	0.3596	0.9010	0.8956
34
0279	0.1353	0.9833	0.3931	0.8940	0.1226s	0.3673	0.9020	0.8964
35
0280	0.1344	0.9833	0.3993	0.8940	0.1202s	0.3732	0.9020	0.8964
36
0281	0.1299	0.9833	0.3965	0.8940	0.1227s	0.3693	0.9010	0.8953
37
0282	0.1395	0.9750	0.3893	0.8980	0.1198s	0.3611	0.9020	0.8964
38
0283	0.1231	0.9667	0.3817	0.9020	0.1129s	0.3539	0.9060	0.9010
39
0284	0.1484	0.9750	0.3795	0.9020	0.1228s	0.3538	0.9040	0.8991
40
0285	0.1251	0.9917	0.3795	0.9020	0.1222s	0.3545	0.9080	0.9031
41
0286	0.1325	0.9917	0.3802	0.9020	0.1248s	0.3547	0.9070	0.9021
42
0287	0.1197	0.9667	0.3822	0.8980	0.1189s	0.3568	0.9110	0.9062
43
0288	0.1449	0.9667	0.3858	0.8980	0.1225s	0.3618	0.9080	0.9029
44
0289	0.1354	0.9583	0.3877	0.8960	0.1223s	0.3653	0.9040	0.8988
45
0290	0.1361	0.9833	0.3886	0.8980	0.1218s	0.3663	0.9050	0.8998
46
0291	0.1143	0.9833	0.3907	0.8980	0.1181s	0.3677	0.9020	0.8966
47
0292	0.1218	0.9917	0.3933	0.9000	0.1223s	0.3689	0.9010	0.8953
48
0293	0.1385	1.0000	0.3916	0.9020	0.1221s	0.3674	0.9020	0.8965
49
0294	0.1329	1.0000	0.3904	0.9020	0.1251s	0.3666	0.9020	0.8965
50
0295	0.1383	0.9833	0.3863	0.9020	0.1150s	0.3616	0.9030	0.8978
51
0296	0.1325	0.9750	0.3823	0.9040	0.1222s	0.3576	0.9050	0.9000
52
0297	0.1373	0.9833	0.3797	0.9020	0.1197s	0.3564	0.9100	0.9052
53
0298	0.1429	1.0000	0.3802	0.9040	0.1224s	0.3589	0.9100	0.9055
54
0299	0.1178	0.9917	0.3813	0.9020	0.1223s	0.3625	0.9070	0.9023
55
0300	0.1379	0.9667	0.3824	0.8980	0.1171s	0.3667	0.9050	0.8997
56
0301	0.1221	0.9833	0.3839	0.9000	0.1228s	0.3695	0.9030	0.8976
57
0302	0.1309	0.9750	0.3824	0.9020	0.1220s	0.3664	0.9060	0.9009
58
0303	0.1237	0.9833	0.3793	0.9040	0.1200s	0.3605	0.9060	0.9007
59
0304	0.1255	0.9667	0.3803	0.9020	0.1221s	0.3590	0.9030	0.8975
60
0305	0.1411	0.9750	0.3814	0.9020	0.1209s	0.3587	0.9030	0.8975
61
0306	0.1098	0.9917	0.3781	0.9040	0.1223s	0.3553	0.9050	0.8995
62
0307	0.1296	0.9750	0.3745	0.9080	0.1225s	0.3534	0.9060	0.9006
63
0308	0.1448	0.9750	0.3699	0.9100	0.1221s	0.3509	0.9080	0.9028
64
0309	0.1218	0.9917	0.3698	0.9040	0.1225s	0.3537	0.9080	0.9031
65
0310	0.1583	0.9500	0.3742	0.9040	0.1226s	0.3608	0.9080	0.9028
66
0311	0.1427	0.9833	0.3783	0.9000	0.1214s	0.3644	0.9070	0.9014
67
0312	0.1266	0.9833	0.3791	0.9000	0.1222s	0.3631	0.9060	0.9008
68
0313	0.1345	0.9833	0.3768	0.9060	0.1225s	0.3581	0.9040	0.8984
69
0314	0.1257	0.9917	0.3731	0.9020	0.1227s	0.3524	0.9090	0.9041
70
0315	0.1184	0.9833	0.3718	0.9040	0.1047s	0.3499	0.9070	0.9020
71
0316	0.1339	0.9917	0.3720	0.9000	0.1051s	0.3509	0.9040	0.8987
72
0317	0.1288	0.9833	0.3761	0.9000	0.1225s	0.3547	0.9040	0.8987
73
0318	0.1142	0.9750	0.3780	0.9000	0.1201s	0.3567	0.9050	0.8999
74
0319	0.1399	0.9833	0.3781	0.9000	0.1199s	0.3580	0.9060	0.9008
75
0320	0.1445	0.9833	0.3793	0.9020	0.1222s	0.3623	0.9070	0.9016
76
0321	0.1462	0.9667	0.3847	0.8960	0.1218s	0.3695	0.9050	0.8995
77
0322	0.1309	0.9583	0.3855	0.8980	0.1227s	0.3694	0.9030	0.8973
78
0323	0.1209	0.9583	0.3860	0.9000	0.1083s	0.3682	0.9020	0.8962
79
0324	0.1392	0.9750	0.3860	0.9040	0.1223s	0.3667	0.9000	0.8940
80
0325	0.1394	0.9833	0.3825	0.9000	0.1229s	0.3618	0.8990	0.8933
81
0326	0.1428	0.9750	0.3805	0.8980	0.1236s	0.3591	0.9030	0.8976
82
0327	0.1254	0.9750	0.3807	0.8980	0.1228s	0.3590	0.9040	0.8986
83
0328	0.1497	0.9667	0.3821	0.9000	0.1229s	0.3631	0.9050	0.8999
84
0329	0.1110	1.0000	0.3857	0.8980	0.1233s	0.3689	0.9030	0.8975
85
0330	0.1440	0.9583	0.3868	0.8920	0.1237s	0.3725	0.9060	0.9005
86
0331	0.1565	0.9583	0.3917	0.8920	0.1227s	0.3796	0.9050	0.8994
87
0332	0.1196	0.9750	0.3944	0.8900	0.0972s	0.3829	0.9040	0.8982
88
0333	0.1333	0.9917	0.3965	0.8940	0.1057s	0.3850	0.9000	0.8935
89
0334	0.1198	0.9750	0.3947	0.8940	0.1191s	0.3815	0.9000	0.8939
90
0335	0.1378	0.9833	0.3910	0.8980	0.1221s	0.3742	0.8990	0.8927
91
0336	0.1371	0.9917	0.3865	0.8980	0.1238s	0.3651	0.9030	0.8975
92
0337	0.1183	0.9917	0.3827	0.9040	0.1225s	0.3576	0.9040	0.8985
93
0338	0.1282	0.9917	0.3818	0.9040	0.1220s	0.3549	0.9100	0.9053
94
0339	0.1450	0.9917	0.3785	0.9040	0.1235s	0.3545	0.9100	0.9051
95
0340	0.1402	0.9917	0.3803	0.9000	0.1237s	0.3605	0.9050	0.8993
96
0341	0.1675	0.9833	0.3875	0.8920	0.1228s	0.3709	0.9040	0.8978
97
0342	0.1328	0.9833	0.3952	0.8920	0.1233s	0.3794	0.8980	0.8914
98
0343	0.1385	0.9667	0.4005	0.8880	0.1224s	0.3829	0.8950	0.8882
99
0344	0.1230	0.9917	0.4077	0.8880	0.1233s	0.3873	0.8940	0.8868
100
0345	0.1197	0.9750	0.4088	0.8920	0.1222s	0.3864	0.8940	0.8873
101
0346	0.1192	0.9917	0.4045	0.8940	0.1234s	0.3793	0.8970	0.8908
102
0347	0.1182	0.9833	0.3972	0.8940	0.1222s	0.3693	0.9010	0.8952
103
0348	0.1428	0.9833	0.3920	0.8980	0.1233s	0.3616	0.9040	0.8985
104
0349	0.1277	0.9667	0.3913	0.8980	0.1218s	0.3593	0.9030	0.8973
105
0350	0.1358	0.9583	0.3928	0.8960	0.1232s	0.3601	0.9020	0.8958
106
0351	0.1300	0.9917	0.3932	0.8960	0.1208s	0.3622	0.8990	0.8931
107
0352	0.1273	0.9833	0.3936	0.8960	0.1236s	0.3638	0.9000	0.8939
108
0353	0.1416	1.0000	0.3934	0.8960	0.1221s	0.3641	0.9030	0.8970
109
0354	0.1189	1.0000	0.3952	0.8960	0.1219s	0.3656	0.9030	0.8973
110
0355	0.1242	0.9833	0.3943	0.8960	0.1149s	0.3647	0.9040	0.8984
111
0356	0.1257	0.9833	0.3912	0.8980	0.1216s	0.3629	0.9030	0.8974
112
0357	0.1415	0.9917	0.3871	0.8960	0.1222s	0.3591	0.9010	0.8950
113
0358	0.1279	0.9917	0.3857	0.8980	0.1214s	0.3584	0.9020	0.8960
114
0359	0.1290	0.9917	0.3891	0.8980	0.1216s	0.3627	0.9020	0.8959
115
0360	0.1247	0.9750	0.3911	0.8940	0.1216s	0.3658	0.8990	0.8922
116
0361	0.1415	0.9667	0.3848	0.8920	0.1224s	0.3616	0.9040	0.8980
117
0362	0.1303	0.9667	0.3796	0.8980	0.1051s	0.3584	0.9040	0.8984
118
0363	0.1443	0.9750	0.3797	0.8980	0.1214s	0.3613	0.9080	0.9026
119
0364	0.1318	0.9417	0.3793	0.8980	0.1229s	0.3621	0.9070	0.9016
120
0365	0.1546	0.9750	0.3786	0.8980	0.1221s	0.3613	0.9070	0.9016
121
0366	0.1231	0.9667	0.3793	0.9000	0.1248s	0.3612	0.9060	0.9003
122
0367	0.1278	0.9750	0.3841	0.8980	0.1214s	0.3647	0.9060	0.9001
123
0368	0.1243	0.9833	0.3858	0.8980	0.1214s	0.3651	0.9050	0.8990
124
0369	0.1175	0.9833	0.3881	0.9000	0.1227s	0.3665	0.9010	0.8948
125
0370	0.1306	0.9750	0.3864	0.8980	0.1226s	0.3658	0.9030	0.8968
126
0371	0.1329	0.9917	0.3827	0.8980	0.1220s	0.3624	0.9050	0.8993
127
0372	0.1245	0.9833	0.3785	0.8960	0.1212s	0.3594	0.9070	0.9018
128
0373	0.1155	1.0000	0.3743	0.8980	0.1133s	0.3555	0.9090	0.9038
129
0374	0.1183	0.9833	0.3741	0.8980	0.1168s	0.3548	0.9090	0.9038
130
0375	0.1384	0.9667	0.3794	0.8980	0.1211s	0.3568	0.9070	0.9014
131
0376	0.1432	1.0000	0.3845	0.8980	0.1226s	0.3579	0.9060	0.9004
132
0377	0.1286	0.9917	0.3847	0.8960	0.1180s	0.3550	0.9090	0.9037
133
0378	0.1324	0.9833	0.3834	0.9020	0.1160s	0.3517	0.9110	0.9061
134
0379	0.1309	0.9750	0.3833	0.9020	0.1222s	0.3506	0.9130	0.9082
135
0380	0.1428	0.9750	0.3834	0.9020	0.1219s	0.3518	0.9100	0.9048
136
0381	0.1468	0.9833	0.3823	0.9000	0.1235s	0.3525	0.9110	0.9062
137
0382	0.1352	0.9917	0.3826	0.9000	0.1224s	0.3569	0.9110	0.9060
138
0383	0.1114	0.9917	0.3853	0.8980	0.1224s	0.3623	0.9030	0.8974
139
0384	0.1281	0.9750	0.3873	0.8980	0.1232s	0.3653	0.9030	0.8975
140
0385	0.1226	0.9833	0.3872	0.9000	0.1225s	0.3648	0.9010	0.8956
141
0386	0.1612	0.9833	0.3873	0.8980	0.1220s	0.3589	0.9030	0.8976
142
0387	0.1360	0.9750	0.3884	0.9000	0.1232s	0.3537	0.9050	0.8994
143
0388	0.1294	0.9917	0.3877	0.9000	0.1219s	0.3504	0.9070	0.9015
144
0389	0.1246	0.9917	0.3862	0.9020	0.1223s	0.3485	0.9100	0.9047
145
0390	0.1277	0.9833	0.3811	0.8980	0.1199s	0.3460	0.9160	0.9113
146
0391	0.1426	0.9667	0.3789	0.9040	0.1064s	0.3458	0.9170	0.9126
147
0392	0.1285	0.9750	0.3748	0.9040	0.1163s	0.3452	0.9150	0.9107
148
0393	0.1351	0.9833	0.3687	0.9020	0.1283s	0.3437	0.9130	0.9092
149
0394	0.1440	0.9667	0.3670	0.9000	0.1035s	0.3463	0.9140	0.9099
150
0395	0.1311	0.9750	0.3672	0.9000	0.1035s	0.3467	0.9110	0.9065
151
0396	0.1438	0.9833	0.3725	0.9000	0.1051s	0.3519	0.9080	0.9040
152
0397	0.1537	0.9750	0.3797	0.8960	0.1041s	0.3566	0.9050	0.9006
153
0398	0.1381	0.9750	0.3858	0.8940	0.1049s	0.3604	0.9030	0.8980
154
0399	0.1388	0.9667	0.3920	0.8960	0.1042s	0.3631	0.9010	0.8953
155
0400	0.1404	0.9833	0.3885	0.8980	0.1041s	0.3584	0.9040	0.8983
156
0401	0.1436	0.9500	0.3809	0.8980	0.1061s	0.3523	0.9120	0.9070
157
0402	0.1393	0.9667	0.3737	0.9000	0.1042s	0.3480	0.9120	0.9068
158
0403	0.1298	0.9833	0.3683	0.8980	0.1037s	0.3458	0.9140	0.9091
159
0404	0.1321	0.9750	0.3690	0.8980	0.1040s	0.3506	0.9090	0.9032
160
0405	0.1343	0.9917	0.3690	0.8960	0.1044s	0.3554	0.9060	0.9001
161
0406	0.1450	0.9750	0.3716	0.8980	0.0961s	0.3589	0.9040	0.8978
162
0407	0.1538	0.9667	0.3756	0.8960	0.0952s	0.3619	0.9000	0.8934
163
0408	0.1034	1.0000	0.3861	0.8940	0.0949s	0.3707	0.8960	0.8895
164
0409	0.1662	0.9917	0.3936	0.8900	0.0963s	0.3749	0.8940	0.8875
165
0410	0.1298	0.9833	0.3924	0.8980	0.0950s	0.3681	0.8970	0.8909
166
0411	0.1474	0.9583	0.3830	0.9100	0.0955s	0.3550	0.9020	0.8960
167
0412	0.1198	1.0000	0.3714	0.9120	0.0947s	0.3416	0.9090	0.9039
168
0413	0.1280	0.9750	0.3659	0.9100	0.0961s	0.3364	0.9100	0.9049
169
0414	0.1269	0.9750	0.3651	0.9060	0.0967s	0.3357	0.9100	0.9050
170
0415	0.1280	0.9917	0.3679	0.8980	0.0949s	0.3397	0.9130	0.9083
171
0416	0.1428	0.9583	0.3773	0.8920	0.0954s	0.3495	0.9100	0.9046
172
0417	0.1786	0.9667	0.3908	0.8940	0.0967s	0.3627	0.9040	0.8969
173
0418	0.1406	0.9583	0.4044	0.8940	0.0968s	0.3745	0.8950	0.8877
174
0419	0.1311	0.9917	0.4118	0.8920	0.0970s	0.3792	0.8910	0.8839
175
0420	0.1315	0.9750	0.4062	0.8960	0.0973s	0.3704	0.8960	0.8892
176
0421	0.1348	1.0000	0.3964	0.9000	0.0969s	0.3591	0.8970	0.8903
177
0422	0.1417	1.0000	0.3860	0.9020	0.0960s	0.3477	0.9020	0.8960
178
0423	0.1269	0.9833	0.3820	0.9000	0.0968s	0.3437	0.9090	0.9038
179
0424	0.1221	0.9917	0.3834	0.9000	0.0968s	0.3445	0.9050	0.9001
180
0425	0.1384	0.9583	0.3834	0.8980	0.0968s	0.3449	0.9050	0.9000
181
0426	0.1252	0.9750	0.3836	0.8900	0.0961s	0.3445	0.9010	0.8957
182
0427	0.1202	0.9833	0.3855	0.8940	0.0956s	0.3455	0.9030	0.8975
183
0428	0.1198	0.9750	0.3909	0.8940	0.1001s	0.3508	0.9020	0.8958
184
0429	0.1482	0.9750	0.3973	0.8940	0.0969s	0.3596	0.8990	0.8925
185
0430	0.1589	0.9583	0.4021	0.8940	0.0965s	0.3692	0.8980	0.8913
186
0431	0.1283	0.9667	0.4081	0.8920	0.0962s	0.3793	0.8930	0.8860
187
0432	0.1265	0.9750	0.4116	0.8900	0.0952s	0.3848	0.8900	0.8832
188
0433	0.1313	0.9750	0.4058	0.8940	0.0948s	0.3812	0.8910	0.8836
189
0434	0.1499	0.9917	0.3940	0.8960	0.0954s	0.3705	0.8960	0.8894
190
0435	0.1395	1.0000	0.3824	0.8960	0.0970s	0.3588	0.8980	0.8921
191
0436	0.1455	0.9750	0.3800	0.8960	0.0973s	0.3543	0.8970	0.8914
192
0437	0.1294	0.9750	0.3816	0.8980	0.0967s	0.3548	0.8970	0.8909
193
0438	0.1268	0.9833	0.3839	0.8980	0.0955s	0.3583	0.8980	0.8920
194
0439	0.1394	0.9917	0.3855	0.8940	0.0952s	0.3621	0.9000	0.8940
195
0440	0.1291	0.9917	0.3895	0.8960	0.0947s	0.3693	0.9000	0.8935
196
0441	0.1227	0.9917	0.3960	0.8920	0.0948s	0.3786	0.8980	0.8915
197
0442	0.1323	1.0000	0.3992	0.8940	0.0950s	0.3835	0.8970	0.8900
198
0443	0.1130	0.9833	0.4008	0.8920	0.0950s	0.3865	0.8900	0.8830
199
Early stop! Min loss:0.3641093969345093,  Max accuracy:0.916
Early stop model validation loss:0.3641093969345093,  accuracy:0.9
Optimization Finished!
Total time elapsed: 53.1367s
test max acc:0.9170
Loading 242th epoch
stru_node_to_hop attention:tensor([[0.2486, 0.2511, 0.2501, 0.2502],
        [0.2499, 0.2500, 0.2501, 0.2500],
        [0.2474, 0.2513, 0.2507, 0.2506],
        [0.2493, 0.2505, 0.2501, 0.2501],
        [0.2498, 0.2504, 0.2500, 0.2498],
        [0.2520, 0.2498, 0.2491, 0.2490],
        [0.2504, 0.2498, 0.2499, 0.2499],
        [0.2507, 0.2498, 0.2498, 0.2498],
        [0.2504, 0.2501, 0.2498, 0.2497],
        [0.2480, 0.2511, 0.2505, 0.2504],
        [0.2502, 0.2500, 0.2499, 0.2499],
        [0.2492, 0.2504, 0.2502, 0.2501],
        [0.2493, 0.2506, 0.2501, 0.2500],
        [0.2493, 0.2509, 0.2500, 0.2498],
        [0.2495, 0.2501, 0.2502, 0.2502],
        [0.2501, 0.2510, 0.2497, 0.2492],
        [0.2504, 0.2499, 0.2499, 0.2499],
        [0.2470, 0.2525, 0.2504, 0.2501],
        [0.2501, 0.2500, 0.2500, 0.2500],
        [0.2504, 0.2504, 0.2498, 0.2494],
        [0.2499, 0.2500, 0.2500, 0.2500],
        [0.2486, 0.2516, 0.2500, 0.2498],
        [0.2499, 0.2501, 0.2500, 0.2500],
        [0.2482, 0.2508, 0.2505, 0.2505],
        [0.2497, 0.2501, 0.2501, 0.2501],
        [0.2486, 0.2509, 0.2503, 0.2501],
        [0.2496, 0.2504, 0.2501, 0.2500],
        [0.2481, 0.2514, 0.2504, 0.2500],
        [0.2495, 0.2504, 0.2501, 0.2501],
        [0.2495, 0.2502, 0.2503, 0.2500],
        [0.2492, 0.2507, 0.2502, 0.2499],
        [0.2487, 0.2513, 0.2502, 0.2499],
        [0.2499, 0.2500, 0.2501, 0.2501],
        [0.2499, 0.2500, 0.2501, 0.2501],
        [0.2494, 0.2522, 0.2497, 0.2487],
        [0.2487, 0.2506, 0.2504, 0.2503],
        [0.2497, 0.2501, 0.2502, 0.2500],
        [0.2483, 0.2503, 0.2507, 0.2507],
        [0.2498, 0.2501, 0.2501, 0.2499],
        [0.2503, 0.2504, 0.2498, 0.2496],
        [0.2499, 0.2500, 0.2501, 0.2501],
        [0.2495, 0.2505, 0.2500, 0.2499],
        [0.2474, 0.2513, 0.2507, 0.2506],
        [0.2483, 0.2508, 0.2505, 0.2504],
        [0.2489, 0.2506, 0.2503, 0.2502],
        [0.1638, 0.1915, 0.2762, 0.3685],
        [0.2502, 0.2501, 0.2500, 0.2497],
        [0.2472, 0.2519, 0.2506, 0.2503],
        [0.2504, 0.2499, 0.2499, 0.2498],
        [0.2502, 0.2499, 0.2500, 0.2499],
        [0.2486, 0.2511, 0.2503, 0.2500],
        [0.2502, 0.2499, 0.2499, 0.2499],
        [0.2498, 0.2501, 0.2500, 0.2501],
        [0.2498, 0.2500, 0.2501, 0.2501],
        [0.2493, 0.2503, 0.2503, 0.2501],
        [0.2496, 0.2501, 0.2501, 0.2502],
        [0.2496, 0.2499, 0.2503, 0.2502],
        [0.2503, 0.2497, 0.2500, 0.2500],
        [0.2480, 0.2510, 0.2506, 0.2504],
        [0.2488, 0.2511, 0.2502, 0.2499],
        [0.2507, 0.2501, 0.2497, 0.2495],
        [0.2483, 0.2512, 0.2503, 0.2502],
        [0.2500, 0.2503, 0.2499, 0.2498],
        [0.2493, 0.2501, 0.2503, 0.2503],
        [0.2498, 0.2501, 0.2500, 0.2500],
        [0.2482, 0.2504, 0.2506, 0.2508],
        [0.2493, 0.2519, 0.2497, 0.2491],
        [0.2495, 0.2503, 0.2500, 0.2501],
        [0.2500, 0.2500, 0.2500, 0.2500],
        [0.2490, 0.2506, 0.2502, 0.2502],
        [0.2481, 0.2522, 0.2501, 0.2496],
        [0.2503, 0.2498, 0.2500, 0.2500],
        [0.2483, 0.2508, 0.2506, 0.2504],
        [0.2483, 0.2518, 0.2503, 0.2497],
        [0.2498, 0.2501, 0.2501, 0.2500],
        [0.2488, 0.2506, 0.2504, 0.2503],
        [0.2496, 0.2505, 0.2500, 0.2500],
        [0.2509, 0.2497, 0.2497, 0.2497],
        [0.2498, 0.2500, 0.2501, 0.2500],
        [0.2493, 0.2501, 0.2503, 0.2503],
        [0.2490, 0.2502, 0.2504, 0.2505],
        [0.2487, 0.2508, 0.2503, 0.2502],
        [0.2512, 0.2497, 0.2496, 0.2495],
        [0.2492, 0.2505, 0.2502, 0.2501],
        [0.2493, 0.2504, 0.2502, 0.2501],
        [0.2494, 0.2503, 0.2501, 0.2501],
        [0.2475, 0.2509, 0.2507, 0.2508],
        [0.2487, 0.2506, 0.2504, 0.2504],
        [0.2477, 0.2518, 0.2506, 0.2498],
        [0.2513, 0.2499, 0.2495, 0.2494],
        [0.2491, 0.2502, 0.2503, 0.2504],
        [0.2486, 0.2506, 0.2504, 0.2504],
        [0.2499, 0.2502, 0.2500, 0.2499],
        [0.2493, 0.2504, 0.2502, 0.2501],
        [0.2503, 0.2500, 0.2499, 0.2498],
        [0.2498, 0.2501, 0.2501, 0.2500],
        [0.2494, 0.2504, 0.2501, 0.2501],
        [0.2498, 0.2501, 0.2501, 0.2500],
        [0.2487, 0.2506, 0.2504, 0.2503],
        [0.2500, 0.2502, 0.2500, 0.2499]], device='cuda:1')
fea_node_to_hop attention:tensor([[0.3320, 0.3344, 0.3336],
        [0.3333, 0.3335, 0.3332],
        [0.3285, 0.3351, 0.3363],
        [0.3343, 0.3321, 0.3336],
        [0.3326, 0.3325, 0.3349],
        [0.3299, 0.3358, 0.3344],
        [0.3316, 0.3343, 0.3341],
        [0.3329, 0.3334, 0.3337],
        [0.3293, 0.3348, 0.3359],
        [0.3300, 0.3345, 0.3355],
        [0.3328, 0.3333, 0.3339],
        [0.3296, 0.3331, 0.3372],
        [0.3304, 0.3345, 0.3350],
        [0.3319, 0.3337, 0.3344],
        [0.3307, 0.3343, 0.3350],
        [0.3296, 0.3346, 0.3358],
        [0.3327, 0.3338, 0.3335],
        [0.3288, 0.3356, 0.3355],
        [0.3328, 0.3335, 0.3337],
        [0.3311, 0.3342, 0.3347],
        [0.3332, 0.3334, 0.3334],
        [0.3319, 0.3327, 0.3355],
        [0.3309, 0.3344, 0.3347],
        [0.3328, 0.3335, 0.3338],
        [0.3329, 0.3333, 0.3338],
        [0.3278, 0.3356, 0.3366],
        [0.3313, 0.3332, 0.3354],
        [0.3299, 0.3341, 0.3360],
        [0.3311, 0.3344, 0.3345],
        [0.3302, 0.3350, 0.3348],
        [0.3308, 0.3344, 0.3348],
        [0.3292, 0.3334, 0.3375],
        [0.3324, 0.3341, 0.3335],
        [0.3335, 0.3330, 0.3336],
        [0.3362, 0.3323, 0.3316],
        [0.3279, 0.3358, 0.3363],
        [0.3317, 0.3343, 0.3340],
        [0.3322, 0.3335, 0.3343],
        [0.3333, 0.3326, 0.3341],
        [0.3323, 0.3335, 0.3341],
        [0.3332, 0.3332, 0.3336],
        [0.3309, 0.3346, 0.3345],
        [0.3313, 0.3335, 0.3352],
        [0.3301, 0.3350, 0.3349],
        [0.3330, 0.3330, 0.3339],
        [0.2963, 0.3680, 0.3358],
        [0.3321, 0.3334, 0.3345],
        [0.3292, 0.3347, 0.3362],
        [0.3281, 0.3353, 0.3366],
        [0.3325, 0.3335, 0.3340],
        [0.3315, 0.3339, 0.3346],
        [0.3336, 0.3334, 0.3330],
        [0.3330, 0.3335, 0.3335],
        [0.3318, 0.3337, 0.3345],
        [0.3346, 0.3321, 0.3333],
        [0.3318, 0.3339, 0.3343],
        [0.3332, 0.3329, 0.3339],
        [0.3313, 0.3340, 0.3347],
        [0.3317, 0.3336, 0.3347],
        [0.3319, 0.3331, 0.3351],
        [0.3319, 0.3341, 0.3340],
        [0.3285, 0.3351, 0.3364],
        [0.3340, 0.3318, 0.3341],
        [0.3312, 0.3344, 0.3344],
        [0.3315, 0.3340, 0.3346],
        [0.3297, 0.3343, 0.3360],
        [0.3328, 0.3329, 0.3343],
        [0.3296, 0.3347, 0.3357],
        [0.3336, 0.3330, 0.3334],
        [0.3308, 0.3347, 0.3345],
        [0.3307, 0.3336, 0.3357],
        [0.3354, 0.3321, 0.3325],
        [0.3304, 0.3350, 0.3346],
        [0.3298, 0.3333, 0.3369],
        [0.3330, 0.3335, 0.3335],
        [0.3309, 0.3339, 0.3352],
        [0.3305, 0.3345, 0.3350],
        [0.3280, 0.3362, 0.3358],
        [0.3318, 0.3336, 0.3346],
        [0.3334, 0.3331, 0.3335],
        [0.3334, 0.3323, 0.3343],
        [0.3303, 0.3342, 0.3354],
        [0.3311, 0.3338, 0.3351],
        [0.3293, 0.3347, 0.3360],
        [0.3327, 0.3334, 0.3340],
        [0.3311, 0.3339, 0.3350],
        [0.3321, 0.3346, 0.3333],
        [0.3327, 0.3336, 0.3336],
        [0.3281, 0.3347, 0.3372],
        [0.3284, 0.3346, 0.3370],
        [0.3349, 0.3325, 0.3326],
        [0.3291, 0.3359, 0.3350],
        [0.3334, 0.3328, 0.3337],
        [0.3285, 0.3365, 0.3350],
        [0.3323, 0.3330, 0.3346],
        [0.3322, 0.3338, 0.3341],
        [0.3309, 0.3347, 0.3344],
        [0.3311, 0.3347, 0.3343],
        [0.3323, 0.3333, 0.3345],
        [0.3335, 0.3334, 0.3331]], device='cuda:1')
perception attention:tensor([0.5000, 0.5000], device='cuda:1')
Test set results: loss= 0.3545 accuracy= 0.9080 F1_score= 0.9027
