# epoch	loss_train	acc_train	loss_val	acc_val	time	acc_test	f1_test
0001	1.8020	0.1667	1.6873	0.5260	0.1043s	1.6692	0.5520	0.4718
0
0002	1.6805	0.5000	1.5452	0.4040	0.1042s	1.5075	0.4390	0.3818
0
0003	1.5377	0.4083	1.3893	0.6040	0.1076s	1.3528	0.6430	0.5824
0
0004	1.3483	0.5417	1.2014	0.7880	0.1224s	1.1739	0.7820	0.7565
0
0005	1.1687	0.7000	1.0307	0.8640	0.1224s	1.0101	0.8600	0.8522
0
0006	0.9917	0.7917	0.8862	0.8780	0.1129s	0.8685	0.8710	0.8638
0
0007	0.8319	0.8250	0.7650	0.8560	0.1221s	0.7486	0.8490	0.8427
0
0008	0.7448	0.8250	0.6613	0.8600	0.1175s	0.6468	0.8480	0.8422
0
0009	0.6171	0.8750	0.5713	0.8740	0.1218s	0.5569	0.8800	0.8731
0
0010	0.5203	0.8917	0.5048	0.9020	0.1049s	0.4884	0.8980	0.8914
0
0011	0.4535	0.9000	0.4643	0.8940	0.1197s	0.4427	0.9020	0.8958
0
0012	0.3996	0.9167	0.4358	0.8920	0.1223s	0.4107	0.9010	0.8954
0
0013	0.3875	0.9333	0.4159	0.8820	0.1232s	0.3901	0.8980	0.8919
0
0014	0.3705	0.9333	0.4008	0.8760	0.1222s	0.3752	0.9010	0.8947
0
0015	0.3043	0.9500	0.3921	0.8760	0.1223s	0.3648	0.8940	0.8869
0
0016	0.2833	0.9667	0.3927	0.8760	0.1224s	0.3608	0.8920	0.8849
0
0017	0.2745	0.9167	0.3886	0.8880	0.1218s	0.3539	0.8950	0.8878
1
0018	0.2433	0.9333	0.3816	0.8980	0.1225s	0.3464	0.9020	0.8957
0
0019	0.2372	0.9333	0.3793	0.9000	0.1219s	0.3436	0.9040	0.8978
0
0020	0.2194	0.9583	0.3833	0.8940	0.1224s	0.3478	0.9000	0.8931
0
0021	0.2231	0.9333	0.3894	0.8900	0.1225s	0.3540	0.8980	0.8918
1
0022	0.1921	0.9667	0.3991	0.8840	0.1221s	0.3631	0.8980	0.8919
2
0023	0.2002	0.9833	0.4037	0.8800	0.1221s	0.3674	0.8990	0.8928
3
0024	0.2026	0.9750	0.4069	0.8840	0.1224s	0.3684	0.8970	0.8897
4
0025	0.1995	0.9500	0.4089	0.8820	0.1220s	0.3675	0.8930	0.8850
5
0026	0.1762	0.9750	0.4159	0.8760	0.1221s	0.3725	0.8930	0.8852
6
0027	0.1862	0.9583	0.4080	0.8860	0.1240s	0.3655	0.8960	0.8890
7
0028	0.1851	0.9667	0.4005	0.8940	0.1224s	0.3597	0.8970	0.8903
8
0029	0.1865	0.9750	0.3951	0.8920	0.1198s	0.3564	0.8970	0.8903
9
0030	0.1557	0.9833	0.3936	0.8940	0.1224s	0.3581	0.8980	0.8914
10
0031	0.1432	0.9833	0.3996	0.8820	0.1224s	0.3677	0.9020	0.8961
11
0032	0.1606	0.9917	0.4085	0.8780	0.1222s	0.3803	0.8940	0.8883
12
0033	0.1648	0.9833	0.4137	0.8760	0.1225s	0.3870	0.8910	0.8854
13
0034	0.1810	0.9667	0.4110	0.8740	0.1219s	0.3854	0.8940	0.8884
14
0035	0.1602	0.9667	0.4061	0.8820	0.1232s	0.3783	0.8920	0.8861
15
0036	0.1738	0.9667	0.4072	0.8880	0.1221s	0.3757	0.8910	0.8842
16
0037	0.1585	0.9833	0.4127	0.8920	0.1223s	0.3780	0.8910	0.8841
17
0038	0.1704	0.9583	0.4145	0.8900	0.1128s	0.3788	0.8930	0.8861
18
0039	0.1519	0.9750	0.4117	0.8900	0.1048s	0.3770	0.8940	0.8874
19
0040	0.1576	0.9833	0.4068	0.8900	0.1222s	0.3741	0.8920	0.8851
20
0041	0.1488	0.9917	0.4006	0.8900	0.1182s	0.3712	0.8930	0.8858
21
0042	0.1744	0.9833	0.3935	0.8920	0.1053s	0.3697	0.8940	0.8870
22
0043	0.1558	0.9667	0.3994	0.8860	0.1208s	0.3802	0.8940	0.8862
23
0044	0.1521	0.9917	0.4057	0.8800	0.1222s	0.3899	0.8920	0.8838
24
0045	0.1473	0.9917	0.4074	0.8780	0.1131s	0.3933	0.8930	0.8849
25
0046	0.1521	0.9583	0.4021	0.8800	0.1219s	0.3875	0.8900	0.8817
26
0047	0.1489	0.9750	0.3971	0.8840	0.1225s	0.3810	0.8940	0.8871
27
0048	0.1335	0.9917	0.3909	0.8880	0.1227s	0.3724	0.8910	0.8843
28
0049	0.1813	0.9750	0.3898	0.8980	0.1221s	0.3687	0.8910	0.8846
29
0050	0.1640	0.9833	0.3918	0.8940	0.1223s	0.3695	0.8910	0.8843
30
0051	0.1557	0.9833	0.3946	0.8920	0.1224s	0.3717	0.8890	0.8819
31
0052	0.1476	1.0000	0.3978	0.8900	0.1132s	0.3754	0.8880	0.8803
32
0053	0.1516	0.9833	0.3953	0.8880	0.1196s	0.3738	0.8900	0.8825
33
0054	0.1524	0.9667	0.3952	0.8860	0.1218s	0.3752	0.8950	0.8878
34
0055	0.1810	0.9750	0.3927	0.8880	0.1227s	0.3732	0.8980	0.8912
35
0056	0.1576	0.9833	0.3844	0.8920	0.1228s	0.3649	0.9030	0.8968
36
0057	0.1679	0.9750	0.3777	0.9020	0.1223s	0.3583	0.9040	0.8981
37
0058	0.1497	0.9833	0.3770	0.9020	0.1233s	0.3564	0.9000	0.8939
0
0059	0.1596	0.9750	0.3816	0.9000	0.1251s	0.3605	0.8920	0.8848
0
0060	0.1323	0.9750	0.3883	0.8900	0.1223s	0.3667	0.8860	0.8788
1
0061	0.1417	0.9917	0.3952	0.8900	0.1215s	0.3717	0.8850	0.8778
2
0062	0.1584	0.9750	0.3921	0.8960	0.1225s	0.3678	0.8880	0.8813
3
0063	0.1378	0.9833	0.3820	0.8960	0.1201s	0.3584	0.8940	0.8883
4
0064	0.1660	0.9750	0.3763	0.8980	0.1163s	0.3547	0.9000	0.8944
5
0065	0.1335	0.9917	0.3749	0.8980	0.1213s	0.3554	0.9020	0.8966
0
0066	0.1635	0.9750	0.3765	0.8980	0.1225s	0.3583	0.9050	0.8998
0
0067	0.1597	0.9750	0.3810	0.8920	0.1224s	0.3622	0.9070	0.9020
1
0068	0.1344	0.9917	0.3808	0.8940	0.1222s	0.3610	0.9060	0.9006
2
0069	0.1711	0.9833	0.3823	0.8960	0.1222s	0.3596	0.9010	0.8948
3
0070	0.1509	0.9750	0.3845	0.8940	0.1226s	0.3596	0.8930	0.8860
4
0071	0.1661	0.9917	0.3847	0.8940	0.1224s	0.3578	0.8940	0.8872
5
0072	0.1418	0.9583	0.3802	0.8940	0.1223s	0.3529	0.8970	0.8906
6
0073	0.1351	0.9667	0.3759	0.8940	0.1232s	0.3491	0.8990	0.8927
7
0074	0.1229	0.9917	0.3704	0.8980	0.1222s	0.3445	0.9050	0.8994
8
0075	0.1519	0.9750	0.3658	0.9000	0.1217s	0.3404	0.9080	0.9029
0
0076	0.1639	0.9833	0.3640	0.9080	0.1250s	0.3378	0.9080	0.9028
0
0077	0.1643	0.9500	0.3665	0.9000	0.1222s	0.3410	0.9080	0.9028
0
0078	0.1359	0.9750	0.3681	0.8980	0.1151s	0.3426	0.9060	0.9006
1
0079	0.1604	0.9833	0.3664	0.9040	0.1185s	0.3396	0.9040	0.8985
2
0080	0.1391	0.9917	0.3680	0.8960	0.1223s	0.3388	0.9070	0.9019
3
0081	0.1418	0.9667	0.3743	0.9000	0.1225s	0.3421	0.9050	0.8997
4
0082	0.1605	0.9750	0.3804	0.8960	0.1221s	0.3450	0.9040	0.8981
5
0083	0.1535	0.9833	0.3822	0.8960	0.1250s	0.3447	0.9030	0.8971
6
0084	0.1415	0.9917	0.3794	0.9020	0.1248s	0.3415	0.9080	0.9026
7
0085	0.1444	0.9833	0.3742	0.9040	0.1226s	0.3362	0.9090	0.9037
8
0086	0.1731	0.9417	0.3760	0.9060	0.1224s	0.3390	0.9090	0.9038
9
0087	0.1452	0.9833	0.3787	0.9040	0.1219s	0.3421	0.9090	0.9036
10
0088	0.1378	0.9833	0.3819	0.9000	0.1230s	0.3452	0.9100	0.9045
11
0089	0.1492	0.9833	0.3866	0.8940	0.1226s	0.3501	0.9030	0.8974
12
0090	0.1518	0.9583	0.3902	0.8940	0.1220s	0.3540	0.9020	0.8964
13
0091	0.1536	0.9667	0.3958	0.8900	0.1219s	0.3588	0.9030	0.8977
14
0092	0.1908	0.9750	0.3907	0.8920	0.1221s	0.3532	0.9030	0.8977
15
0093	0.1335	0.9833	0.3860	0.8980	0.1224s	0.3481	0.9030	0.8975
16
0094	0.1401	0.9917	0.3819	0.9060	0.1178s	0.3433	0.9060	0.9005
17
0095	0.1338	0.9750	0.3797	0.9060	0.1221s	0.3413	0.9100	0.9045
18
0096	0.1344	0.9833	0.3781	0.9060	0.1179s	0.3391	0.9110	0.9059
19
0097	0.1458	0.9750	0.3773	0.9080	0.1195s	0.3375	0.9090	0.9036
20
0098	0.1558	0.9833	0.3811	0.9060	0.1223s	0.3413	0.9070	0.9013
0
0099	0.1405	0.9833	0.3887	0.9000	0.1223s	0.3486	0.9060	0.9004
1
0100	0.1390	0.9917	0.3969	0.8900	0.1228s	0.3567	0.8970	0.8907
2
0101	0.1496	0.9750	0.4037	0.8820	0.1219s	0.3630	0.8950	0.8880
3
0102	0.1654	0.9833	0.3987	0.8840	0.1226s	0.3584	0.8970	0.8902
4
0103	0.1398	0.9917	0.3952	0.8920	0.1224s	0.3555	0.8980	0.8914
5
0104	0.1501	0.9583	0.3848	0.9040	0.1224s	0.3459	0.9040	0.8984
6
0105	0.1364	0.9750	0.3778	0.9060	0.1216s	0.3401	0.9060	0.9006
7
0106	0.1417	0.9833	0.3754	0.9080	0.1221s	0.3398	0.9120	0.9070
8
0107	0.1530	0.9833	0.3761	0.9080	0.1218s	0.3410	0.9080	0.9030
0
0108	0.1398	0.9667	0.3837	0.9060	0.1218s	0.3474	0.9050	0.8995
0
0109	0.1349	0.9750	0.3930	0.9000	0.1220s	0.3558	0.9040	0.8986
1
0110	0.1290	0.9750	0.3995	0.8980	0.1197s	0.3614	0.9050	0.8992
2
0111	0.1455	0.9750	0.4011	0.8980	0.1222s	0.3614	0.9060	0.9001
3
0112	0.1289	0.9667	0.4003	0.8960	0.1223s	0.3591	0.9040	0.8980
4
0113	0.1476	0.9917	0.3941	0.8980	0.1223s	0.3530	0.9030	0.8971
5
0114	0.1351	0.9917	0.3894	0.9000	0.1228s	0.3497	0.9040	0.8983
6
0115	0.1223	0.9667	0.3854	0.8980	0.1223s	0.3481	0.9060	0.9004
7
0116	0.1432	0.9917	0.3851	0.9000	0.1220s	0.3515	0.9050	0.8995
8
0117	0.1437	0.9833	0.3861	0.9000	0.1221s	0.3557	0.9070	0.9017
9
0118	0.1479	0.9833	0.3930	0.8980	0.1217s	0.3649	0.9050	0.8995
10
0119	0.1367	0.9833	0.4013	0.8880	0.1226s	0.3719	0.9050	0.8994
11
0120	0.1466	0.9833	0.4039	0.8900	0.1223s	0.3715	0.9040	0.8981
12
0121	0.1527	0.9833	0.3996	0.8900	0.1225s	0.3644	0.9030	0.8973
13
0122	0.1479	0.9833	0.3926	0.8980	0.1253s	0.3542	0.9050	0.8996
14
0123	0.1296	1.0000	0.3878	0.9020	0.1052s	0.3480	0.9060	0.9005
15
0124	0.1447	0.9917	0.3843	0.8980	0.1216s	0.3450	0.9040	0.8984
16
0125	0.1384	1.0000	0.3852	0.8980	0.1215s	0.3485	0.9050	0.8994
17
0126	0.1317	0.9917	0.3863	0.8940	0.1220s	0.3525	0.9050	0.8994
18
0127	0.1446	0.9917	0.3960	0.8940	0.1228s	0.3660	0.9070	0.9013
19
0128	0.1452	0.9583	0.4043	0.8840	0.1227s	0.3779	0.9030	0.8966
20
0129	0.1272	0.9583	0.4121	0.8820	0.1164s	0.3866	0.9010	0.8945
21
0130	0.1354	0.9917	0.4132	0.8800	0.1223s	0.3881	0.9010	0.8944
22
0131	0.1335	0.9750	0.4040	0.8900	0.1228s	0.3783	0.9030	0.8974
23
0132	0.1417	0.9833	0.3845	0.8940	0.1202s	0.3581	0.9030	0.8973
24
0133	0.1680	0.9583	0.3720	0.9080	0.1222s	0.3425	0.9130	0.9083
25
0134	0.1269	0.9833	0.3660	0.9100	0.1223s	0.3349	0.9120	0.9072
0
0135	0.1424	0.9750	0.3666	0.9100	0.1226s	0.3373	0.9100	0.9052
0
0136	0.1583	0.9750	0.3710	0.9060	0.1225s	0.3442	0.9090	0.9035
0
0137	0.1649	0.9750	0.3865	0.8980	0.1227s	0.3618	0.9030	0.8970
1
0138	0.1412	0.9583	0.4087	0.8800	0.1220s	0.3838	0.8970	0.8903
2
0139	0.1327	0.9917	0.4261	0.8760	0.1239s	0.3997	0.8950	0.8877
3
0140	0.1492	0.9833	0.4287	0.8820	0.1223s	0.4014	0.8920	0.8848
4
0141	0.1524	0.9667	0.4122	0.8800	0.1219s	0.3855	0.9010	0.8946
5
0142	0.1331	0.9917	0.3882	0.9000	0.1221s	0.3615	0.9030	0.8971
6
0143	0.1389	0.9833	0.3741	0.9040	0.1200s	0.3453	0.9110	0.9054
7
0144	0.1404	0.9750	0.3695	0.9060	0.1219s	0.3401	0.9150	0.9099
8
0145	0.1364	0.9833	0.3694	0.9060	0.1223s	0.3408	0.9130	0.9078
9
0146	0.1334	1.0000	0.3699	0.9060	0.1225s	0.3418	0.9150	0.9099
10
0147	0.1304	0.9750	0.3734	0.9020	0.1222s	0.3471	0.9070	0.9012
11
0148	0.1350	0.9583	0.3835	0.8980	0.1224s	0.3585	0.9050	0.8995
12
0149	0.1445	0.9833	0.3903	0.8920	0.1221s	0.3633	0.9040	0.8980
13
0150	0.1409	0.9750	0.3960	0.8900	0.1220s	0.3664	0.9000	0.8934
14
0151	0.1180	0.9750	0.3957	0.8940	0.1235s	0.3646	0.8990	0.8925
15
0152	0.1430	0.9833	0.3942	0.8900	0.1223s	0.3615	0.9010	0.8945
16
0153	0.1442	0.9917	0.3887	0.8940	0.1222s	0.3564	0.9060	0.8995
17
0154	0.1253	0.9750	0.3819	0.8960	0.1221s	0.3508	0.9080	0.9020
18
0155	0.1602	0.9417	0.3747	0.9000	0.1221s	0.3450	0.9080	0.9026
19
0156	0.1399	0.9667	0.3721	0.9020	0.1226s	0.3436	0.9090	0.9039
20
0157	0.1498	0.9583	0.3718	0.9040	0.1225s	0.3465	0.9070	0.9019
21
0158	0.1583	0.9667	0.3710	0.9040	0.1224s	0.3478	0.9070	0.9018
22
0159	0.1362	0.9667	0.3720	0.9000	0.1221s	0.3482	0.9060	0.9006
23
0160	0.1306	0.9583	0.3802	0.8980	0.1220s	0.3528	0.9090	0.9034
24
0161	0.1319	0.9833	0.3888	0.8940	0.1222s	0.3574	0.9040	0.8982
25
0162	0.1485	0.9833	0.3982	0.8940	0.1220s	0.3628	0.9000	0.8936
26
0163	0.1316	0.9917	0.4081	0.8920	0.1240s	0.3700	0.8980	0.8918
27
0164	0.1281	0.9833	0.4012	0.8940	0.1226s	0.3649	0.9000	0.8936
28
0165	0.1304	0.9917	0.3940	0.8900	0.1226s	0.3600	0.9020	0.8956
29
0166	0.1328	0.9833	0.3822	0.9040	0.1225s	0.3517	0.9080	0.9027
30
0167	0.1387	0.9833	0.3763	0.9020	0.1222s	0.3515	0.9040	0.8989
31
0168	0.1269	0.9917	0.3788	0.9000	0.1220s	0.3592	0.9010	0.8960
32
0169	0.1543	0.9750	0.3877	0.8920	0.1226s	0.3699	0.9030	0.8973
33
0170	0.1283	0.9833	0.3974	0.8880	0.1221s	0.3775	0.9030	0.8967
34
0171	0.1558	0.9750	0.4014	0.8900	0.1217s	0.3766	0.9030	0.8965
35
0172	0.1433	0.9833	0.4101	0.8900	0.1223s	0.3791	0.8980	0.8915
36
0173	0.1248	1.0000	0.4179	0.8900	0.1224s	0.3808	0.8950	0.8883
37
0174	0.1235	0.9917	0.4179	0.8940	0.1224s	0.3767	0.9000	0.8937
38
0175	0.1643	0.9667	0.3993	0.8980	0.1225s	0.3593	0.9040	0.8980
39
0176	0.1446	0.9750	0.3848	0.8980	0.1221s	0.3479	0.9090	0.9039
40
0177	0.1262	0.9667	0.3761	0.9080	0.1220s	0.3447	0.9100	0.9052
41
0178	0.1327	0.9833	0.3819	0.9000	0.1223s	0.3559	0.9090	0.9041
42
0179	0.1510	0.9833	0.3960	0.8880	0.1217s	0.3730	0.9040	0.8982
43
0180	0.1309	0.9917	0.4052	0.8800	0.1222s	0.3836	0.8990	0.8924
44
0181	0.1531	0.9750	0.4014	0.8900	0.1216s	0.3784	0.9030	0.8969
45
0182	0.1340	0.9833	0.3922	0.8980	0.1216s	0.3681	0.9060	0.9003
46
0183	0.1319	0.9750	0.3851	0.9040	0.1223s	0.3589	0.9050	0.8995
47
0184	0.1269	0.9833	0.3848	0.9060	0.1226s	0.3558	0.9040	0.8986
48
0185	0.1418	0.9833	0.3921	0.8980	0.1223s	0.3606	0.8970	0.8910
49
0186	0.1283	1.0000	0.3913	0.8980	0.1165s	0.3593	0.8990	0.8933
50
0187	0.1393	0.9667	0.3904	0.9000	0.1043s	0.3595	0.8980	0.8921
51
0188	0.1278	0.9917	0.3905	0.9000	0.1224s	0.3601	0.8970	0.8911
52
0189	0.1339	0.9917	0.3865	0.8980	0.1220s	0.3581	0.9010	0.8953
53
0190	0.1327	0.9833	0.3847	0.9040	0.1221s	0.3595	0.9050	0.8994
54
0191	0.1463	0.9917	0.3871	0.9020	0.1224s	0.3647	0.9040	0.8984
55
0192	0.1150	0.9833	0.3911	0.9000	0.1221s	0.3705	0.9030	0.8973
56
0193	0.1445	0.9667	0.3940	0.8960	0.1220s	0.3734	0.9020	0.8962
57
0194	0.1335	0.9917	0.3951	0.8940	0.1222s	0.3726	0.9000	0.8943
58
0195	0.1279	0.9833	0.3956	0.8960	0.1221s	0.3718	0.8970	0.8912
59
0196	0.1362	0.9750	0.3978	0.8960	0.1215s	0.3727	0.8970	0.8913
60
0197	0.1347	0.9583	0.4060	0.8940	0.1223s	0.3788	0.8960	0.8899
61
0198	0.1569	0.9667	0.4060	0.8940	0.1221s	0.3795	0.8950	0.8885
62
0199	0.1617	1.0000	0.4035	0.8960	0.1237s	0.3768	0.8960	0.8896
63
0200	0.1429	0.9417	0.3949	0.8980	0.1179s	0.3705	0.9010	0.8949
64
0201	0.1299	0.9750	0.3890	0.8980	0.1227s	0.3684	0.9060	0.9005
65
0202	0.1407	1.0000	0.3841	0.9000	0.1224s	0.3661	0.9070	0.9016
66
0203	0.1702	0.9750	0.3867	0.8960	0.1061s	0.3679	0.9040	0.8981
67
0204	0.1413	0.9833	0.3924	0.8940	0.1221s	0.3708	0.9020	0.8955
68
0205	0.1329	0.9750	0.3988	0.8920	0.1049s	0.3733	0.9070	0.9010
69
0206	0.1239	0.9917	0.4059	0.8840	0.1215s	0.3774	0.9030	0.8967
70
0207	0.1225	0.9917	0.4089	0.8820	0.1046s	0.3799	0.8970	0.8905
71
0208	0.1368	0.9667	0.4114	0.8860	0.1049s	0.3822	0.8920	0.8854
72
0209	0.1303	1.0000	0.4080	0.8860	0.1046s	0.3799	0.8900	0.8836
73
0210	0.1434	0.9833	0.4019	0.8880	0.1199s	0.3742	0.8910	0.8845
74
0211	0.1313	0.9833	0.4006	0.8860	0.1045s	0.3740	0.8910	0.8849
75
0212	0.1514	1.0000	0.3943	0.8940	0.1057s	0.3677	0.8930	0.8870
76
0213	0.1400	0.9750	0.3914	0.8980	0.1046s	0.3637	0.8990	0.8930
77
0214	0.1334	0.9667	0.3954	0.8960	0.1197s	0.3668	0.8980	0.8917
78
0215	0.1358	0.9917	0.4011	0.9000	0.1178s	0.3724	0.9040	0.8978
79
0216	0.1443	1.0000	0.4023	0.8980	0.1047s	0.3734	0.9060	0.9001
80
0217	0.1352	0.9833	0.3968	0.8980	0.1223s	0.3689	0.9060	0.9004
81
0218	0.1261	0.9750	0.3909	0.8960	0.1225s	0.3648	0.9010	0.8953
82
0219	0.1295	0.9833	0.3894	0.8980	0.1222s	0.3646	0.9020	0.8964
83
0220	0.1385	0.9583	0.3888	0.8940	0.1249s	0.3648	0.9010	0.8951
84
0221	0.1267	0.9917	0.3934	0.8900	0.1231s	0.3708	0.8920	0.8861
85
0222	0.1363	0.9833	0.3992	0.8860	0.1206s	0.3785	0.8890	0.8836
86
0223	0.1339	0.9833	0.3982	0.8880	0.1224s	0.3783	0.8890	0.8836
87
0224	0.1477	0.9500	0.3959	0.8920	0.1142s	0.3757	0.8930	0.8871
88
0225	0.1451	0.9667	0.3975	0.8960	0.1201s	0.3745	0.8950	0.8891
89
0226	0.1317	0.9667	0.4024	0.8960	0.1224s	0.3781	0.9010	0.8947
90
0227	0.1238	0.9583	0.4095	0.8940	0.1224s	0.3850	0.9010	0.8943
91
0228	0.1348	0.9833	0.4142	0.8960	0.1219s	0.3912	0.9010	0.8946
92
0229	0.1392	0.9750	0.4086	0.8960	0.1220s	0.3873	0.9020	0.8959
93
0230	0.1472	0.9833	0.4034	0.9000	0.1224s	0.3823	0.8990	0.8931
94
0231	0.1260	0.9917	0.3949	0.9000	0.1228s	0.3746	0.9000	0.8941
95
0232	0.1337	0.9917	0.3921	0.8980	0.1223s	0.3736	0.8950	0.8891
96
0233	0.1384	0.9750	0.3949	0.8920	0.1225s	0.3803	0.8920	0.8860
97
0234	0.1281	0.9917	0.3997	0.8940	0.1223s	0.3879	0.8940	0.8881
98
0235	0.1482	0.9500	0.3967	0.8940	0.1212s	0.3848	0.8950	0.8890
99
0236	0.1556	0.9417	0.3949	0.8940	0.1263s	0.3794	0.8990	0.8931
100
0237	0.1288	0.9750	0.3987	0.8940	0.1180s	0.3795	0.9000	0.8939
101
0238	0.1380	0.9833	0.4022	0.8900	0.1221s	0.3804	0.9060	0.9000
102
0239	0.1248	1.0000	0.4059	0.8920	0.1224s	0.3823	0.9050	0.8988
103
0240	0.1542	1.0000	0.4074	0.8880	0.1224s	0.3821	0.9040	0.8978
104
0241	0.1393	0.9917	0.3981	0.8940	0.1218s	0.3745	0.8990	0.8925
105
0242	0.1124	0.9833	0.3909	0.8920	0.1223s	0.3698	0.8980	0.8915
106
0243	0.1172	0.9750	0.3897	0.8940	0.1223s	0.3707	0.8950	0.8886
107
0244	0.1454	0.9583	0.3939	0.8900	0.1223s	0.3760	0.8940	0.8876
108
0245	0.1329	1.0000	0.3945	0.8920	0.1226s	0.3772	0.8910	0.8848
109
0246	0.1426	0.9750	0.3865	0.8900	0.1217s	0.3704	0.8920	0.8860
110
0247	0.1336	0.9917	0.3744	0.9000	0.1050s	0.3576	0.8970	0.8911
111
0248	0.1511	0.9917	0.3681	0.9040	0.1197s	0.3487	0.9000	0.8946
112
0249	0.1227	1.0000	0.3661	0.9040	0.1232s	0.3445	0.9000	0.8947
113
0250	0.1550	0.9750	0.3700	0.9040	0.1225s	0.3469	0.9030	0.8976
114
0251	0.1312	0.9917	0.3769	0.9060	0.1227s	0.3534	0.9010	0.8950
115
0252	0.1184	1.0000	0.3879	0.9020	0.1052s	0.3636	0.9030	0.8969
116
0253	0.1468	0.9917	0.3992	0.8920	0.1220s	0.3739	0.9050	0.8993
117
0254	0.1464	0.9667	0.4008	0.8900	0.1217s	0.3748	0.9010	0.8947
118
0255	0.1238	0.9917	0.3964	0.8920	0.1216s	0.3689	0.9020	0.8961
119
0256	0.1433	0.9583	0.3907	0.8900	0.1227s	0.3616	0.9030	0.8972
120
0257	0.1382	0.9583	0.3822	0.9020	0.1198s	0.3513	0.8990	0.8930
121
0258	0.1452	0.9583	0.3797	0.9020	0.1221s	0.3470	0.9020	0.8968
122
0259	0.1244	1.0000	0.3794	0.9040	0.1222s	0.3468	0.9010	0.8960
123
0260	0.1247	0.9833	0.3849	0.8980	0.1225s	0.3511	0.9020	0.8971
124
0261	0.1411	0.9833	0.3872	0.8980	0.1184s	0.3550	0.8990	0.8937
125
0262	0.1533	0.9583	0.3854	0.8940	0.1222s	0.3562	0.9010	0.8956
126
0263	0.1428	0.9917	0.3965	0.8900	0.1196s	0.3682	0.8950	0.8886
127
0264	0.1440	0.9917	0.4017	0.8920	0.1219s	0.3742	0.8930	0.8864
128
0265	0.1378	0.9833	0.4035	0.8920	0.1174s	0.3759	0.8910	0.8841
129
0266	0.1328	0.9667	0.3958	0.8920	0.1219s	0.3701	0.8990	0.8928
130
0267	0.1273	0.9750	0.3834	0.8960	0.1219s	0.3610	0.9000	0.8939
131
0268	0.1350	0.9667	0.3757	0.8980	0.1220s	0.3552	0.9010	0.8953
132
0269	0.1328	0.9750	0.3728	0.8980	0.1224s	0.3575	0.9060	0.9008
133
0270	0.1476	0.9750	0.3839	0.8960	0.1219s	0.3707	0.9010	0.8955
134
0271	0.1198	0.9917	0.3958	0.8920	0.1175s	0.3824	0.8940	0.8881
135
0272	0.1359	0.9750	0.3919	0.8980	0.1196s	0.3764	0.8980	0.8921
136
0273	0.1486	0.9417	0.3915	0.9000	0.1223s	0.3731	0.8960	0.8899
137
0274	0.1222	0.9833	0.3900	0.9000	0.1222s	0.3669	0.9010	0.8956
138
0275	0.1361	0.9667	0.3891	0.8960	0.1221s	0.3625	0.9040	0.8989
139
0276	0.1444	1.0000	0.3943	0.8940	0.1223s	0.3652	0.8990	0.8930
140
0277	0.1252	0.9917	0.3952	0.8940	0.1219s	0.3658	0.8980	0.8919
141
0278	0.1175	0.9917	0.3974	0.8940	0.1219s	0.3679	0.8970	0.8909
142
0279	0.1527	0.9750	0.3936	0.8980	0.1223s	0.3666	0.8990	0.8927
143
0280	0.1384	0.9750	0.3943	0.9040	0.1052s	0.3682	0.8990	0.8931
144
0281	0.1308	0.9917	0.3952	0.8980	0.1225s	0.3691	0.8970	0.8907
145
0282	0.1519	0.9667	0.3985	0.8960	0.1226s	0.3711	0.8930	0.8869
146
0283	0.1280	0.9750	0.3961	0.8960	0.1228s	0.3681	0.8970	0.8912
147
0284	0.1174	1.0000	0.3871	0.9000	0.1224s	0.3603	0.9000	0.8942
148
0285	0.1474	0.9667	0.3781	0.9020	0.1049s	0.3513	0.9100	0.9051
149
0286	0.1234	0.9917	0.3754	0.9020	0.1226s	0.3485	0.9090	0.9040
150
0287	0.1488	0.9917	0.3794	0.9040	0.1230s	0.3525	0.9070	0.9016
151
0288	0.1185	1.0000	0.3849	0.9020	0.1224s	0.3568	0.9060	0.9003
152
0289	0.1425	0.9667	0.3975	0.8920	0.1203s	0.3673	0.9010	0.8953
153
0290	0.1371	0.9667	0.4051	0.8920	0.1223s	0.3735	0.8940	0.8874
154
0291	0.1362	0.9750	0.4063	0.8920	0.1218s	0.3746	0.8960	0.8895
155
0292	0.1348	0.9833	0.3949	0.8980	0.1225s	0.3639	0.9000	0.8936
156
0293	0.1101	0.9917	0.3837	0.9000	0.1221s	0.3533	0.9040	0.8983
157
0294	0.1278	1.0000	0.3755	0.9000	0.1224s	0.3453	0.9050	0.8994
158
0295	0.1558	0.9833	0.3724	0.9040	0.1220s	0.3417	0.9060	0.9008
159
0296	0.1245	0.9917	0.3725	0.9040	0.1220s	0.3407	0.9080	0.9028
160
0297	0.1322	0.9917	0.3783	0.9020	0.1220s	0.3456	0.9090	0.9035
161
0298	0.1128	0.9917	0.3929	0.9000	0.1223s	0.3571	0.8980	0.8916
162
0299	0.1361	1.0000	0.4022	0.8980	0.1219s	0.3656	0.8960	0.8894
163
0300	0.1262	0.9750	0.4103	0.8940	0.1215s	0.3732	0.8930	0.8862
164
0301	0.1442	0.9917	0.4143	0.8920	0.1220s	0.3782	0.8910	0.8846
165
0302	0.1388	0.9750	0.4069	0.8940	0.1222s	0.3714	0.8940	0.8876
166
0303	0.1271	0.9833	0.3976	0.8960	0.1190s	0.3634	0.8960	0.8901
167
0304	0.1280	0.9667	0.3967	0.8960	0.1223s	0.3618	0.8960	0.8900
168
0305	0.1358	1.0000	0.3963	0.9000	0.1213s	0.3623	0.8980	0.8919
169
0306	0.1421	0.9750	0.3985	0.8980	0.1235s	0.3658	0.8980	0.8925
170
0307	0.1311	0.9583	0.3986	0.9000	0.1225s	0.3676	0.8960	0.8903
171
0308	0.1248	0.9667	0.4014	0.9000	0.1218s	0.3704	0.8960	0.8907
172
0309	0.1229	1.0000	0.4041	0.9000	0.1220s	0.3719	0.8950	0.8896
173
0310	0.1202	0.9917	0.4039	0.8960	0.1144s	0.3704	0.8970	0.8916
174
0311	0.1285	0.9917	0.4061	0.8980	0.1046s	0.3700	0.8980	0.8925
175
0312	0.1205	1.0000	0.4073	0.8960	0.1223s	0.3700	0.8980	0.8917
176
0313	0.1125	0.9750	0.4078	0.8920	0.1224s	0.3705	0.9000	0.8938
177
0314	0.1378	0.9667	0.4124	0.8880	0.1218s	0.3733	0.8990	0.8926
178
0315	0.1299	0.9667	0.4101	0.8940	0.1226s	0.3699	0.8990	0.8933
179
0316	0.1296	0.9667	0.4043	0.8960	0.1221s	0.3653	0.8990	0.8931
180
0317	0.1330	0.9917	0.4017	0.8940	0.1218s	0.3654	0.9010	0.8950
181
0318	0.1289	0.9833	0.3988	0.8900	0.1221s	0.3655	0.9030	0.8976
182
0319	0.1127	0.9750	0.4014	0.8920	0.1223s	0.3708	0.8990	0.8936
183
0320	0.1347	0.9583	0.4039	0.8920	0.1217s	0.3752	0.8990	0.8939
184
0321	0.1323	0.9917	0.4056	0.8920	0.1223s	0.3786	0.9000	0.8952
185
0322	0.1490	0.9833	0.4074	0.8920	0.1088s	0.3796	0.8980	0.8921
186
0323	0.1343	0.9667	0.4064	0.8880	0.1218s	0.3760	0.8980	0.8915
187
0324	0.1441	0.9833	0.4024	0.8920	0.1215s	0.3681	0.9010	0.8947
188
0325	0.1373	0.9833	0.3989	0.8980	0.1225s	0.3623	0.9000	0.8942
189
0326	0.1169	0.9917	0.4036	0.8920	0.1219s	0.3659	0.8990	0.8932
190
0327	0.1298	0.9750	0.4051	0.8940	0.1222s	0.3685	0.9000	0.8941
191
0328	0.1254	0.9917	0.4074	0.8920	0.1225s	0.3712	0.8980	0.8922
192
0329	0.1394	0.9583	0.4022	0.8920	0.1231s	0.3710	0.8970	0.8911
193
0330	0.1211	0.9917	0.4003	0.8940	0.1222s	0.3730	0.8980	0.8920
194
0331	0.1257	0.9833	0.4050	0.8880	0.1226s	0.3807	0.8980	0.8921
195
0332	0.1292	0.9833	0.4141	0.8880	0.1223s	0.3890	0.8940	0.8879
196
0333	0.1267	0.9750	0.4209	0.8840	0.1225s	0.3926	0.8880	0.8815
197
0334	0.1264	0.9667	0.4189	0.8920	0.1223s	0.3877	0.8890	0.8823
198
0335	0.1290	1.0000	0.4187	0.8920	0.1221s	0.3839	0.8970	0.8906
199
Early stop! Min loss:0.3639976978302002,  Max accuracy:0.91
Early stop model validation loss:0.3639976978302002,  accuracy:0.908
Optimization Finished!
Total time elapsed: 41.0027s
test max acc:0.9150
Loading 75th epoch
stru_node_to_hop attention:tensor([[0.2502, 0.2506, 0.2498, 0.2495],
        [0.2492, 0.2503, 0.2503, 0.2503],
        [0.2483, 0.2509, 0.2504, 0.2504],
        [0.2507, 0.2516, 0.2491, 0.2485],
        [0.2492, 0.2500, 0.2504, 0.2504],
        [0.2505, 0.2509, 0.2494, 0.2492],
        [0.2490, 0.2506, 0.2502, 0.2502],
        [0.2501, 0.2501, 0.2500, 0.2499],
        [0.2495, 0.2506, 0.2500, 0.2499],
        [0.2487, 0.2508, 0.2503, 0.2501],
        [0.2496, 0.2502, 0.2501, 0.2501],
        [0.2497, 0.2502, 0.2501, 0.2500],
        [0.2498, 0.2501, 0.2501, 0.2500],
        [0.2488, 0.2511, 0.2502, 0.2499],
        [0.2494, 0.2505, 0.2502, 0.2499],
        [0.2501, 0.2505, 0.2499, 0.2496],
        [0.2478, 0.2513, 0.2506, 0.2503],
        [0.2485, 0.2515, 0.2502, 0.2498],
        [0.2499, 0.2501, 0.2500, 0.2500],
        [0.2506, 0.2503, 0.2497, 0.2494],
        [0.2500, 0.2500, 0.2500, 0.2500],
        [0.2479, 0.2516, 0.2504, 0.2501],
        [0.2498, 0.2501, 0.2501, 0.2501],
        [0.2497, 0.2502, 0.2500, 0.2500],
        [0.2504, 0.2497, 0.2499, 0.2500],
        [0.2485, 0.2509, 0.2504, 0.2502],
        [0.2499, 0.2501, 0.2500, 0.2500],
        [0.2503, 0.2503, 0.2498, 0.2496],
        [0.2500, 0.2499, 0.2500, 0.2500],
        [0.2489, 0.2509, 0.2502, 0.2501],
        [0.2489, 0.2508, 0.2503, 0.2500],
        [0.2489, 0.2505, 0.2504, 0.2502],
        [0.2496, 0.2504, 0.2501, 0.2499],
        [0.2490, 0.2504, 0.2504, 0.2503],
        [0.2488, 0.2504, 0.2504, 0.2504],
        [0.2502, 0.2500, 0.2499, 0.2499],
        [0.2503, 0.2499, 0.2500, 0.2499],
        [0.2487, 0.2505, 0.2504, 0.2504],
        [0.2495, 0.2503, 0.2502, 0.2500],
        [0.2491, 0.2510, 0.2500, 0.2499],
        [0.2496, 0.2501, 0.2502, 0.2502],
        [0.2495, 0.2504, 0.2501, 0.2500],
        [0.2498, 0.2502, 0.2500, 0.2500],
        [0.2493, 0.2504, 0.2502, 0.2501],
        [0.2492, 0.2504, 0.2503, 0.2502],
        [0.2058, 0.2099, 0.2689, 0.3153],
        [0.2495, 0.2503, 0.2501, 0.2500],
        [0.2483, 0.2512, 0.2503, 0.2502],
        [0.2494, 0.2504, 0.2502, 0.2501],
        [0.2500, 0.2501, 0.2500, 0.2500],
        [0.2477, 0.2509, 0.2507, 0.2507],
        [0.2492, 0.2507, 0.2501, 0.2500],
        [0.2500, 0.2500, 0.2500, 0.2500],
        [0.2492, 0.2505, 0.2502, 0.2501],
        [0.2487, 0.2505, 0.2504, 0.2505],
        [0.2482, 0.2510, 0.2503, 0.2505],
        [0.2503, 0.2505, 0.2498, 0.2494],
        [0.2495, 0.2503, 0.2502, 0.2501],
        [0.2493, 0.2510, 0.2500, 0.2497],
        [0.2489, 0.2511, 0.2502, 0.2499],
        [0.2480, 0.2512, 0.2505, 0.2503],
        [0.2479, 0.2514, 0.2504, 0.2503],
        [0.2498, 0.2505, 0.2499, 0.2498],
        [0.2500, 0.2506, 0.2499, 0.2495],
        [0.2498, 0.2502, 0.2500, 0.2500],
        [0.2491, 0.2504, 0.2503, 0.2502],
        [0.2489, 0.2512, 0.2502, 0.2497],
        [0.2488, 0.2503, 0.2504, 0.2505],
        [0.2500, 0.2501, 0.2500, 0.2500],
        [0.2491, 0.2503, 0.2503, 0.2503],
        [0.2488, 0.2512, 0.2501, 0.2499],
        [0.2501, 0.2500, 0.2500, 0.2500],
        [0.2495, 0.2504, 0.2502, 0.2500],
        [0.2493, 0.2509, 0.2501, 0.2498],
        [0.2497, 0.2502, 0.2501, 0.2501],
        [0.2484, 0.2508, 0.2504, 0.2503],
        [0.2485, 0.2513, 0.2502, 0.2499],
        [0.2496, 0.2508, 0.2499, 0.2497],
        [0.2494, 0.2502, 0.2502, 0.2501],
        [0.2489, 0.2504, 0.2504, 0.2504],
        [0.2500, 0.2502, 0.2500, 0.2498],
        [0.2491, 0.2509, 0.2501, 0.2499],
        [0.2502, 0.2499, 0.2500, 0.2498],
        [0.2501, 0.2500, 0.2500, 0.2499],
        [0.2489, 0.2506, 0.2503, 0.2502],
        [0.2498, 0.2501, 0.2501, 0.2501],
        [0.2494, 0.2501, 0.2502, 0.2502],
        [0.2467, 0.2517, 0.2509, 0.2506],
        [0.2495, 0.2507, 0.2500, 0.2498],
        [0.2515, 0.2496, 0.2495, 0.2494],
        [0.2491, 0.2504, 0.2503, 0.2503],
        [0.2501, 0.2499, 0.2500, 0.2500],
        [0.2500, 0.2500, 0.2500, 0.2499],
        [0.2490, 0.2507, 0.2502, 0.2501],
        [0.2502, 0.2500, 0.2499, 0.2499],
        [0.2498, 0.2501, 0.2501, 0.2501],
        [0.2489, 0.2505, 0.2503, 0.2502],
        [0.2505, 0.2497, 0.2499, 0.2499],
        [0.2487, 0.2512, 0.2502, 0.2500],
        [0.2496, 0.2503, 0.2501, 0.2500]], device='cuda:1')
fea_node_to_hop attention:tensor([[0.3314, 0.3351, 0.3336],
        [0.3304, 0.3350, 0.3346],
        [0.3308, 0.3337, 0.3355],
        [0.3319, 0.3335, 0.3347],
        [0.3329, 0.3339, 0.3332],
        [0.3288, 0.3358, 0.3354],
        [0.3323, 0.3327, 0.3350],
        [0.3333, 0.3328, 0.3339],
        [0.3305, 0.3342, 0.3353],
        [0.3307, 0.3337, 0.3356],
        [0.3320, 0.3337, 0.3343],
        [0.3320, 0.3337, 0.3343],
        [0.3325, 0.3334, 0.3340],
        [0.3314, 0.3341, 0.3344],
        [0.3306, 0.3344, 0.3350],
        [0.3316, 0.3334, 0.3351],
        [0.3270, 0.3348, 0.3382],
        [0.3326, 0.3329, 0.3345],
        [0.3335, 0.3333, 0.3332],
        [0.3312, 0.3333, 0.3354],
        [0.3333, 0.3334, 0.3334],
        [0.3330, 0.3328, 0.3342],
        [0.3330, 0.3332, 0.3338],
        [0.3333, 0.3333, 0.3334],
        [0.3345, 0.3327, 0.3328],
        [0.3301, 0.3348, 0.3350],
        [0.3332, 0.3332, 0.3336],
        [0.3315, 0.3339, 0.3347],
        [0.3301, 0.3343, 0.3357],
        [0.3322, 0.3331, 0.3348],
        [0.3290, 0.3349, 0.3361],
        [0.3310, 0.3336, 0.3354],
        [0.3319, 0.3336, 0.3345],
        [0.3306, 0.3345, 0.3348],
        [0.3310, 0.3349, 0.3341],
        [0.3305, 0.3339, 0.3356],
        [0.3323, 0.3335, 0.3342],
        [0.3327, 0.3339, 0.3334],
        [0.3313, 0.3338, 0.3349],
        [0.3310, 0.3343, 0.3348],
        [0.3325, 0.3336, 0.3339],
        [0.3314, 0.3336, 0.3350],
        [0.3331, 0.3331, 0.3339],
        [0.3312, 0.3344, 0.3344],
        [0.3315, 0.3343, 0.3342],
        [0.2902, 0.3851, 0.3247],
        [0.3320, 0.3339, 0.3341],
        [0.3297, 0.3351, 0.3352],
        [0.3310, 0.3344, 0.3346],
        [0.3324, 0.3338, 0.3338],
        [0.3329, 0.3335, 0.3336],
        [0.3305, 0.3339, 0.3356],
        [0.3332, 0.3334, 0.3334],
        [0.3289, 0.3351, 0.3360],
        [0.3327, 0.3331, 0.3342],
        [0.3319, 0.3335, 0.3346],
        [0.3320, 0.3340, 0.3340],
        [0.3292, 0.3351, 0.3358],
        [0.3329, 0.3331, 0.3340],
        [0.3329, 0.3328, 0.3343],
        [0.3285, 0.3356, 0.3359],
        [0.3281, 0.3348, 0.3370],
        [0.3312, 0.3342, 0.3346],
        [0.3324, 0.3336, 0.3340],
        [0.3312, 0.3346, 0.3343],
        [0.3315, 0.3337, 0.3348],
        [0.3316, 0.3341, 0.3343],
        [0.3305, 0.3348, 0.3347],
        [0.3327, 0.3335, 0.3338],
        [0.3307, 0.3344, 0.3349],
        [0.3318, 0.3335, 0.3347],
        [0.3340, 0.3330, 0.3330],
        [0.3302, 0.3344, 0.3354],
        [0.3312, 0.3342, 0.3346],
        [0.3324, 0.3338, 0.3339],
        [0.3298, 0.3348, 0.3354],
        [0.3292, 0.3349, 0.3359],
        [0.3327, 0.3334, 0.3338],
        [0.3308, 0.3340, 0.3352],
        [0.3305, 0.3346, 0.3349],
        [0.3322, 0.3342, 0.3335],
        [0.3305, 0.3348, 0.3347],
        [0.3290, 0.3353, 0.3357],
        [0.3321, 0.3338, 0.3341],
        [0.3310, 0.3340, 0.3350],
        [0.3334, 0.3330, 0.3336],
        [0.3326, 0.3341, 0.3334],
        [0.3299, 0.3347, 0.3355],
        [0.3310, 0.3340, 0.3350],
        [0.3309, 0.3338, 0.3353],
        [0.3320, 0.3340, 0.3340],
        [0.3339, 0.3332, 0.3329],
        [0.3329, 0.3331, 0.3340],
        [0.3312, 0.3344, 0.3344],
        [0.3327, 0.3337, 0.3336],
        [0.3327, 0.3336, 0.3337],
        [0.3307, 0.3344, 0.3349],
        [0.3321, 0.3336, 0.3343],
        [0.3319, 0.3337, 0.3344],
        [0.3309, 0.3349, 0.3342]], device='cuda:1')
perception attention:tensor([0.5000, 0.5000], device='cuda:1')
Test set results: loss= 0.3378 accuracy= 0.9080 F1_score= 0.9028
