# epoch	loss_train	acc_train	loss_val	acc_val	time	acc_test	f1_test
0001	1.7980	0.2000	1.6989	0.4860	0.1218s	1.6921	0.4940	0.3569
0
0002	1.6903	0.5250	1.5372	0.5140	0.1105s	1.5193	0.5280	0.3929
0
0003	1.5548	0.4833	1.3478	0.5460	0.1218s	1.3265	0.5650	0.4490
0
0004	1.3510	0.6000	1.1515	0.6880	0.1223s	1.1314	0.7170	0.6784
0
0005	1.1462	0.7250	0.9755	0.8300	0.1218s	0.9556	0.8510	0.8434
0
0006	0.9364	0.8250	0.8367	0.8660	0.1220s	0.8202	0.8740	0.8695
0
0007	0.8015	0.8333	0.7169	0.8680	0.1226s	0.7034	0.8750	0.8720
0
0008	0.6852	0.8500	0.6193	0.8720	0.1219s	0.6067	0.8790	0.8739
0
0009	0.5650	0.9000	0.5535	0.8780	0.1220s	0.5359	0.8800	0.8706
0
0010	0.4905	0.9250	0.4975	0.8880	0.1223s	0.4766	0.8970	0.8900
0
0011	0.4334	0.8833	0.4484	0.8980	0.1220s	0.4261	0.8980	0.8921
0
0012	0.4118	0.9083	0.4192	0.8960	0.1219s	0.3958	0.9000	0.8946
0
0013	0.3904	0.9167	0.4049	0.8860	0.1219s	0.3810	0.9020	0.8966
0
0014	0.3374	0.9333	0.3975	0.8760	0.1220s	0.3733	0.8960	0.8906
0
0015	0.2730	0.9583	0.3910	0.8800	0.1222s	0.3645	0.8950	0.8895
0
0016	0.2787	0.9667	0.3866	0.8880	0.1217s	0.3564	0.8980	0.8914
0
0017	0.2455	0.9583	0.3843	0.8920	0.1047s	0.3508	0.8990	0.8925
0
0018	0.2419	0.9500	0.3823	0.8900	0.1194s	0.3454	0.8990	0.8926
0
0019	0.2023	0.9583	0.3846	0.8940	0.1223s	0.3449	0.9020	0.8955
0
0020	0.2046	0.9500	0.3875	0.8920	0.1216s	0.3458	0.9020	0.8957
1
0021	0.2258	0.9500	0.3923	0.8920	0.1216s	0.3486	0.8980	0.8917
2
0022	0.1892	0.9667	0.3979	0.8880	0.1222s	0.3536	0.8940	0.8875
3
0023	0.2111	0.9250	0.4089	0.8780	0.1218s	0.3651	0.8910	0.8838
4
0024	0.1757	0.9667	0.4165	0.8720	0.1144s	0.3728	0.8880	0.8809
5
0025	0.1947	0.9750	0.4070	0.8840	0.1219s	0.3629	0.8960	0.8898
6
0026	0.2053	0.9583	0.3972	0.8920	0.1221s	0.3522	0.8980	0.8919
7
0027	0.1712	0.9583	0.3955	0.8940	0.1224s	0.3489	0.8980	0.8923
8
0028	0.1922	0.9750	0.3971	0.8940	0.1045s	0.3491	0.8990	0.8933
9
0029	0.1735	0.9750	0.4028	0.8980	0.1223s	0.3541	0.8980	0.8919
10
0030	0.1656	0.9750	0.4124	0.8920	0.1221s	0.3635	0.8980	0.8919
0
0031	0.1604	0.9667	0.4199	0.8880	0.1224s	0.3711	0.8990	0.8927
1
0032	0.1431	1.0000	0.4267	0.8860	0.1223s	0.3783	0.8960	0.8889
2
0033	0.1770	0.9917	0.4295	0.8820	0.1043s	0.3826	0.8970	0.8898
3
0034	0.1646	0.9750	0.4267	0.8780	0.1216s	0.3817	0.8980	0.8909
4
0035	0.1880	0.9417	0.4216	0.8840	0.1226s	0.3776	0.8990	0.8917
5
0036	0.1602	0.9917	0.4163	0.8900	0.1218s	0.3727	0.8960	0.8890
6
0037	0.1479	0.9917	0.4088	0.8880	0.1223s	0.3658	0.8950	0.8885
7
0038	0.1752	0.9750	0.4028	0.8920	0.1224s	0.3606	0.8970	0.8907
8
0039	0.1698	0.9750	0.4004	0.8960	0.1218s	0.3605	0.9010	0.8949
9
0040	0.1561	0.9833	0.4011	0.8900	0.1221s	0.3639	0.8980	0.8915
10
0041	0.1606	0.9583	0.4036	0.8840	0.1230s	0.3686	0.8980	0.8914
11
0042	0.1550	0.9583	0.4089	0.8840	0.1391s	0.3744	0.8950	0.8881
12
0043	0.1620	0.9583	0.4146	0.8820	0.1225s	0.3790	0.8960	0.8893
13
0044	0.1415	0.9917	0.4129	0.8820	0.1218s	0.3762	0.8940	0.8868
14
0045	0.1648	0.9750	0.4020	0.8920	0.1219s	0.3648	0.8940	0.8869
15
0046	0.1687	0.9750	0.3926	0.9000	0.1220s	0.3538	0.8980	0.8916
16
0047	0.1632	0.9750	0.3930	0.9040	0.1220s	0.3519	0.8980	0.8919
0
0048	0.1698	0.9917	0.3977	0.9040	0.1227s	0.3561	0.8950	0.8889
0
0049	0.1486	0.9917	0.4051	0.8960	0.1224s	0.3642	0.8920	0.8857
0
0050	0.1713	0.9750	0.4164	0.8800	0.1042s	0.3770	0.8890	0.8817
1
0051	0.1421	0.9833	0.4223	0.8760	0.1220s	0.3841	0.8850	0.8769
2
0052	0.1609	0.9833	0.4211	0.8740	0.1215s	0.3840	0.8900	0.8821
3
0053	0.1568	0.9417	0.4118	0.8800	0.1218s	0.3747	0.8970	0.8896
4
0054	0.1590	0.9667	0.3998	0.8880	0.1219s	0.3621	0.9010	0.8942
5
0055	0.1397	0.9917	0.3892	0.8960	0.1221s	0.3504	0.9030	0.8971
6
0056	0.1518	1.0000	0.3852	0.8940	0.1221s	0.3457	0.9030	0.8973
7
0057	0.1367	0.9667	0.3848	0.8920	0.1223s	0.3453	0.9050	0.8994
8
0058	0.1635	0.9750	0.3828	0.8980	0.1225s	0.3411	0.9060	0.9007
9
0059	0.1535	0.9750	0.3875	0.9000	0.1214s	0.3427	0.9020	0.8958
10
0060	0.1597	0.9667	0.3936	0.9040	0.1226s	0.3456	0.8980	0.8916
11
0061	0.1842	0.9417	0.3949	0.9020	0.1225s	0.3467	0.8950	0.8884
0
0062	0.1551	0.9750	0.3903	0.9020	0.1221s	0.3431	0.8970	0.8905
1
0063	0.1506	0.9750	0.3860	0.9020	0.1219s	0.3404	0.8990	0.8927
2
0064	0.1480	0.9667	0.3846	0.9000	0.1222s	0.3420	0.9030	0.8968
3
0065	0.1272	0.9667	0.3869	0.8960	0.1222s	0.3471	0.9040	0.8975
4
0066	0.1482	0.9667	0.3905	0.8900	0.1221s	0.3524	0.9070	0.9007
5
0067	0.1602	0.9917	0.3893	0.8900	0.1223s	0.3523	0.9020	0.8963
6
0068	0.1483	0.9833	0.3837	0.9000	0.1223s	0.3472	0.9040	0.8985
7
0069	0.1448	1.0000	0.3763	0.9000	0.1225s	0.3394	0.9030	0.8974
8
0070	0.1511	0.9667	0.3713	0.9020	0.1227s	0.3330	0.9030	0.8974
0
0071	0.1379	0.9750	0.3705	0.9060	0.1224s	0.3309	0.9030	0.8974
0
0072	0.1500	0.9833	0.3740	0.9080	0.1225s	0.3332	0.9060	0.9005
0
0073	0.1404	0.9833	0.3773	0.9040	0.1221s	0.3364	0.9050	0.8994
0
0074	0.1556	0.9917	0.3835	0.9080	0.1225s	0.3420	0.9050	0.8993
1
0075	0.1554	0.9750	0.3871	0.9000	0.1231s	0.3459	0.9010	0.8945
0
0076	0.1612	0.9833	0.3867	0.8980	0.1221s	0.3459	0.9010	0.8945
1
0077	0.1443	0.9667	0.3836	0.8980	0.1226s	0.3435	0.9030	0.8967
2
0078	0.1491	0.9417	0.3782	0.9120	0.1221s	0.3380	0.9050	0.8991
3
0079	0.1563	0.9667	0.3729	0.9100	0.1219s	0.3329	0.9070	0.9014
0
0080	0.1346	0.9833	0.3691	0.9080	0.1221s	0.3307	0.9030	0.8971
1
0081	0.1560	0.9667	0.3682	0.9100	0.1223s	0.3297	0.9040	0.8982
0
0082	0.1422	0.9833	0.3704	0.9080	0.1223s	0.3329	0.9040	0.8984
0
0083	0.1530	0.9667	0.3739	0.9020	0.1222s	0.3359	0.9050	0.8991
1
0084	0.1348	0.9833	0.3806	0.9000	0.1220s	0.3423	0.9020	0.8956
2
0085	0.1438	0.9750	0.3898	0.8980	0.1222s	0.3530	0.9000	0.8932
3
0086	0.1466	0.9833	0.3961	0.8920	0.1220s	0.3599	0.8920	0.8844
4
0087	0.1625	1.0000	0.3906	0.8980	0.1220s	0.3550	0.8920	0.8845
5
0088	0.1539	0.9667	0.3835	0.9060	0.1219s	0.3488	0.8960	0.8894
6
0089	0.1630	0.9667	0.3727	0.9120	0.1218s	0.3394	0.9050	0.8995
7
0090	0.1458	0.9750	0.3685	0.9100	0.1221s	0.3360	0.9080	0.9029
0
0091	0.1584	0.9833	0.3678	0.9100	0.1221s	0.3383	0.9070	0.9022
1
0092	0.1722	0.9917	0.3712	0.9080	0.1217s	0.3432	0.9080	0.9033
0
0093	0.1319	0.9750	0.3761	0.9060	0.1221s	0.3473	0.9070	0.9019
1
0094	0.1370	1.0000	0.3822	0.9100	0.1223s	0.3495	0.9010	0.8948
2
0095	0.1649	0.9667	0.3913	0.9060	0.1218s	0.3533	0.8940	0.8875
3
0096	0.1469	0.9833	0.3882	0.9020	0.1224s	0.3475	0.8950	0.8888
4
0097	0.1481	1.0000	0.3805	0.9060	0.1221s	0.3388	0.8970	0.8910
5
0098	0.1375	0.9833	0.3735	0.9060	0.1221s	0.3309	0.9070	0.9024
6
0099	0.1469	0.9917	0.3694	0.9060	0.1219s	0.3285	0.9080	0.9034
7
0100	0.1549	0.9667	0.3686	0.9080	0.1223s	0.3326	0.9080	0.9037
8
0101	0.1329	0.9917	0.3749	0.9100	0.1223s	0.3446	0.9070	0.9024
9
0102	0.1281	0.9667	0.3846	0.9000	0.1219s	0.3562	0.9080	0.9034
10
0103	0.1347	0.9833	0.3885	0.8960	0.1220s	0.3593	0.9040	0.8989
11
0104	0.1612	0.9667	0.3857	0.9040	0.1219s	0.3534	0.9070	0.9019
12
0105	0.1253	0.9833	0.3799	0.9060	0.1248s	0.3436	0.9030	0.8974
13
0106	0.1280	0.9833	0.3818	0.9040	0.1220s	0.3422	0.9020	0.8962
14
0107	0.1385	0.9833	0.3858	0.9060	0.1223s	0.3451	0.9010	0.8949
15
0108	0.1359	0.9917	0.3888	0.8980	0.1220s	0.3486	0.8990	0.8928
16
0109	0.1708	1.0000	0.3868	0.8980	0.1223s	0.3486	0.8990	0.8926
17
0110	0.1376	0.9667	0.3838	0.9000	0.1220s	0.3493	0.9040	0.8982
18
0111	0.1448	0.9750	0.3802	0.9020	0.1221s	0.3486	0.9070	0.9018
19
0112	0.1637	0.9917	0.3755	0.9000	0.1217s	0.3450	0.9150	0.9101
20
0113	0.1459	0.9833	0.3765	0.9000	0.1219s	0.3469	0.9140	0.9091
21
0114	0.1391	0.9667	0.3794	0.9000	0.1223s	0.3492	0.9100	0.9051
22
0115	0.1505	0.9917	0.3842	0.8940	0.1220s	0.3535	0.9070	0.9019
23
0116	0.1504	1.0000	0.3864	0.8960	0.1223s	0.3540	0.9020	0.8961
24
0117	0.1491	1.0000	0.3863	0.8940	0.1219s	0.3526	0.9020	0.8959
25
0118	0.1403	0.9833	0.3854	0.8940	0.1223s	0.3509	0.9030	0.8966
26
0119	0.1351	0.9917	0.3810	0.8980	0.1218s	0.3469	0.9060	0.8998
27
0120	0.1559	0.9583	0.3744	0.9020	0.1221s	0.3414	0.9080	0.9023
28
0121	0.1426	0.9833	0.3689	0.9080	0.1221s	0.3364	0.9100	0.9047
29
0122	0.1236	1.0000	0.3667	0.9080	0.1221s	0.3349	0.9130	0.9081
30
0123	0.1564	0.9833	0.3650	0.9120	0.1220s	0.3325	0.9110	0.9063
0
0124	0.1599	0.9500	0.3690	0.9060	0.1221s	0.3355	0.9100	0.9050
0
0125	0.1465	0.9833	0.3766	0.9040	0.1223s	0.3417	0.9030	0.8972
1
0126	0.1349	0.9833	0.3835	0.9000	0.1222s	0.3464	0.8990	0.8926
2
0127	0.1337	0.9750	0.3899	0.9000	0.1045s	0.3508	0.8980	0.8917
3
0128	0.1545	0.9583	0.3899	0.8960	0.1221s	0.3518	0.8960	0.8901
4
0129	0.1363	0.9833	0.3823	0.8980	0.1223s	0.3474	0.8970	0.8913
5
0130	0.1323	0.9917	0.3710	0.9000	0.1220s	0.3408	0.9050	0.8994
6
0131	0.1320	0.9500	0.3626	0.9080	0.1220s	0.3357	0.9080	0.9027
7
0132	0.1463	0.9750	0.3578	0.9080	0.1224s	0.3333	0.9090	0.9042
0
0133	0.1451	0.9583	0.3565	0.9080	0.1223s	0.3330	0.9080	0.9036
0
0134	0.1473	0.9833	0.3610	0.9100	0.1223s	0.3382	0.9110	0.9066
0
0135	0.1514	0.9583	0.3749	0.9040	0.1222s	0.3506	0.9080	0.9030
1
0136	0.1542	0.9917	0.3895	0.9020	0.1227s	0.3622	0.8990	0.8933
2
0137	0.1492	0.9833	0.4009	0.8940	0.1224s	0.3710	0.8990	0.8929
3
0138	0.1308	0.9583	0.4045	0.8860	0.1225s	0.3736	0.9000	0.8941
4
0139	0.1383	0.9750	0.3972	0.8940	0.1222s	0.3683	0.8980	0.8921
5
0140	0.1364	0.9917	0.3827	0.8960	0.1223s	0.3562	0.8980	0.8924
6
0141	0.1481	0.9917	0.3710	0.9000	0.1218s	0.3469	0.9060	0.9012
7
0142	0.1367	0.9750	0.3625	0.9060	0.1220s	0.3395	0.9090	0.9042
8
0143	0.1486	0.9833	0.3591	0.9100	0.1217s	0.3376	0.9110	0.9064
9
0144	0.1380	1.0000	0.3636	0.9100	0.1220s	0.3441	0.9100	0.9049
10
0145	0.1364	0.9750	0.3760	0.9020	0.1219s	0.3583	0.9050	0.8997
11
0146	0.1257	0.9833	0.3903	0.8980	0.1220s	0.3720	0.9020	0.8963
12
0147	0.1502	0.9833	0.3937	0.8920	0.1041s	0.3743	0.8990	0.8928
13
0148	0.1568	0.9667	0.3835	0.9000	0.1222s	0.3626	0.9010	0.8949
14
0149	0.1266	0.9750	0.3750	0.9060	0.1218s	0.3529	0.9040	0.8979
15
0150	0.1395	0.9750	0.3699	0.9060	0.1223s	0.3475	0.9060	0.9006
16
0151	0.1395	0.9750	0.3689	0.9040	0.1223s	0.3480	0.9060	0.9007
17
0152	0.1188	0.9917	0.3707	0.9000	0.1219s	0.3521	0.9040	0.8987
18
0153	0.1326	0.9833	0.3725	0.8960	0.1214s	0.3558	0.9020	0.8965
19
0154	0.1198	0.9833	0.3741	0.8940	0.1216s	0.3585	0.9010	0.8956
20
0155	0.1436	0.9917	0.3752	0.8940	0.1220s	0.3588	0.9030	0.8975
21
0156	0.1329	0.9833	0.3742	0.8960	0.1229s	0.3565	0.9020	0.8967
22
0157	0.1155	0.9917	0.3718	0.9000	0.1217s	0.3516	0.9060	0.9010
23
0158	0.1474	0.9917	0.3689	0.9060	0.1219s	0.3439	0.9050	0.8994
24
0159	0.1279	0.9917	0.3708	0.9060	0.1214s	0.3422	0.9040	0.8985
25
0160	0.1374	0.9583	0.3727	0.9040	0.1220s	0.3421	0.9060	0.9006
26
0161	0.1449	0.9833	0.3734	0.9040	0.1224s	0.3429	0.9050	0.8996
27
0162	0.1253	0.9833	0.3787	0.9040	0.1222s	0.3496	0.9020	0.8963
28
0163	0.1329	0.9750	0.3822	0.9000	0.1223s	0.3554	0.9020	0.8965
29
0164	0.1446	0.9750	0.3854	0.8900	0.1217s	0.3598	0.9020	0.8969
30
0165	0.1390	1.0000	0.3815	0.8920	0.1224s	0.3565	0.9020	0.8966
31
0166	0.1411	0.9917	0.3736	0.9020	0.1220s	0.3490	0.9060	0.9010
32
0167	0.1320	0.9833	0.3667	0.9060	0.1215s	0.3418	0.9090	0.9038
33
0168	0.1367	0.9750	0.3659	0.9100	0.1224s	0.3392	0.9090	0.9042
34
0169	0.1270	0.9750	0.3693	0.9080	0.1224s	0.3414	0.9100	0.9054
35
0170	0.1423	0.9583	0.3732	0.9100	0.1219s	0.3454	0.9110	0.9060
36
0171	0.1368	0.9917	0.3789	0.9040	0.1224s	0.3510	0.9070	0.9016
37
0172	0.1293	1.0000	0.3844	0.8980	0.1222s	0.3578	0.9040	0.8985
38
0173	0.1303	0.9833	0.3897	0.8960	0.1218s	0.3646	0.8990	0.8937
39
0174	0.1626	0.9750	0.3875	0.9040	0.1223s	0.3610	0.9020	0.8965
40
0175	0.1553	0.9667	0.3829	0.9020	0.1215s	0.3551	0.9030	0.8974
41
0176	0.1302	0.9833	0.3818	0.9040	0.1223s	0.3526	0.9040	0.8981
42
0177	0.1447	0.9583	0.3849	0.9080	0.1219s	0.3561	0.9070	0.9014
43
0178	0.1276	1.0000	0.3904	0.9040	0.1224s	0.3623	0.9060	0.9003
44
0179	0.1346	0.9833	0.3983	0.8960	0.1227s	0.3720	0.9050	0.8994
45
0180	0.1274	0.9917	0.4094	0.8900	0.1223s	0.3851	0.9030	0.8975
46
0181	0.1267	0.9667	0.4117	0.8820	0.1225s	0.3896	0.9040	0.8987
47
0182	0.1298	0.9833	0.4078	0.8800	0.1228s	0.3874	0.9030	0.8971
48
0183	0.1730	0.9583	0.3952	0.8900	0.1225s	0.3752	0.9050	0.8995
49
0184	0.1271	0.9917	0.3866	0.9000	0.1222s	0.3631	0.9010	0.8957
50
0185	0.1410	0.9750	0.3839	0.9040	0.1221s	0.3558	0.9030	0.8979
51
0186	0.1287	0.9750	0.3860	0.9020	0.1215s	0.3535	0.9050	0.8998
52
0187	0.1592	0.9583	0.3864	0.9000	0.1220s	0.3529	0.9040	0.8987
53
0188	0.1363	0.9833	0.3939	0.8980	0.1227s	0.3623	0.9060	0.9010
54
0189	0.1536	0.9917	0.4041	0.8880	0.1221s	0.3733	0.9040	0.8981
55
0190	0.1526	0.9667	0.4091	0.8880	0.1223s	0.3789	0.9060	0.9006
56
0191	0.1198	0.9917	0.4090	0.8880	0.1223s	0.3787	0.9070	0.9012
57
0192	0.1266	1.0000	0.3979	0.8900	0.1226s	0.3684	0.9130	0.9079
58
0193	0.1282	0.9833	0.3845	0.8980	0.1219s	0.3547	0.9110	0.9061
59
0194	0.1247	0.9750	0.3737	0.9080	0.1220s	0.3420	0.9100	0.9050
60
0195	0.1311	0.9833	0.3698	0.9100	0.1220s	0.3368	0.9100	0.9055
61
0196	0.1396	0.9667	0.3724	0.9120	0.1218s	0.3378	0.9100	0.9052
62
0197	0.1151	0.9750	0.3780	0.9040	0.1238s	0.3439	0.9080	0.9031
0
0198	0.1232	1.0000	0.3842	0.8980	0.1224s	0.3532	0.9020	0.8960
1
0199	0.1321	0.9917	0.3895	0.8940	0.1221s	0.3609	0.9050	0.8995
2
0200	0.1191	0.9917	0.3958	0.8900	0.1220s	0.3667	0.9080	0.9021
3
0201	0.1282	0.9667	0.3976	0.8900	0.1224s	0.3678	0.9080	0.9023
4
0202	0.1260	0.9917	0.3914	0.8940	0.1217s	0.3590	0.9080	0.9025
5
0203	0.1233	0.9667	0.3863	0.9000	0.1221s	0.3519	0.9100	0.9047
6
0204	0.1531	0.9667	0.3814	0.9020	0.1213s	0.3455	0.9100	0.9048
7
0205	0.1361	0.9833	0.3728	0.9020	0.1222s	0.3370	0.9100	0.9054
8
0206	0.1292	0.9917	0.3683	0.9080	0.1217s	0.3339	0.9130	0.9086
9
0207	0.1181	0.9917	0.3678	0.9080	0.1226s	0.3360	0.9140	0.9093
10
0208	0.1411	0.9500	0.3737	0.9060	0.1225s	0.3433	0.9070	0.9016
11
0209	0.1552	0.9667	0.3796	0.8960	0.1224s	0.3515	0.9030	0.8973
12
0210	0.1378	0.9917	0.3823	0.9000	0.1223s	0.3568	0.9060	0.9001
13
0211	0.1380	0.9750	0.3833	0.8980	0.1219s	0.3595	0.9070	0.9011
14
0212	0.1074	0.9917	0.3848	0.8960	0.1221s	0.3617	0.9080	0.9024
15
0213	0.1592	0.9583	0.3785	0.8960	0.1224s	0.3549	0.9100	0.9047
16
0214	0.1320	0.9583	0.3730	0.9040	0.1220s	0.3477	0.9090	0.9037
17
0215	0.1347	0.9917	0.3709	0.9060	0.1220s	0.3448	0.9090	0.9040
18
0216	0.1418	0.9750	0.3684	0.9080	0.1222s	0.3415	0.9120	0.9077
19
0217	0.1464	0.9583	0.3657	0.9120	0.1675s	0.3399	0.9160	0.9121
20
0218	0.1217	0.9750	0.3677	0.9120	0.1224s	0.3414	0.9120	0.9075
0
0219	0.1320	0.9750	0.3709	0.9040	0.1223s	0.3468	0.9120	0.9076
0
0220	0.1131	0.9667	0.3768	0.9060	0.1224s	0.3558	0.9090	0.9040
1
0221	0.1302	0.9917	0.3892	0.8960	0.1223s	0.3710	0.9010	0.8955
2
0222	0.1323	0.9750	0.4010	0.8860	0.1218s	0.3837	0.9020	0.8959
3
0223	0.1319	0.9583	0.4001	0.8880	0.1216s	0.3827	0.9070	0.9011
4
0224	0.1217	0.9917	0.3882	0.8980	0.1219s	0.3700	0.9110	0.9059
5
0225	0.1380	0.9833	0.3691	0.9080	0.1219s	0.3497	0.9120	0.9075
6
0226	0.1237	0.9833	0.3642	0.9060	0.1221s	0.3397	0.9150	0.9109
7
0227	0.1415	0.9833	0.3689	0.9060	0.1221s	0.3389	0.9160	0.9123
8
0228	0.1464	0.9750	0.3728	0.9060	0.1220s	0.3433	0.9170	0.9132
9
0229	0.1512	0.9667	0.3859	0.8980	0.1225s	0.3582	0.9070	0.9020
10
0230	0.1421	0.9667	0.4102	0.8860	0.1219s	0.3827	0.9010	0.8953
11
0231	0.1210	0.9917	0.4364	0.8860	0.1060s	0.4075	0.8950	0.8880
12
0232	0.1698	0.9833	0.4335	0.8900	0.1232s	0.4051	0.8960	0.8889
13
0233	0.1420	0.9917	0.4053	0.8960	0.1219s	0.3797	0.9040	0.8982
14
0234	0.1182	0.9917	0.3794	0.9060	0.1218s	0.3540	0.9100	0.9054
15
0235	0.1422	0.9833	0.3665	0.9080	0.1218s	0.3391	0.9160	0.9121
16
0236	0.1253	0.9917	0.3600	0.9040	0.1219s	0.3308	0.9160	0.9121
17
0237	0.1324	0.9917	0.3559	0.9120	0.1220s	0.3285	0.9180	0.9143
18
0238	0.1231	0.9750	0.3570	0.9100	0.1224s	0.3321	0.9150	0.9109
0
0239	0.1237	0.9917	0.3651	0.9060	0.1221s	0.3423	0.9140	0.9097
1
0240	0.1556	0.9750	0.3816	0.9000	0.1220s	0.3578	0.9040	0.8987
2
0241	0.1493	0.9667	0.3917	0.8900	0.1222s	0.3654	0.9020	0.8964
3
0242	0.1212	0.9917	0.3946	0.8940	0.1221s	0.3654	0.9040	0.8981
4
0243	0.1447	0.9750	0.3876	0.9020	0.1220s	0.3576	0.9090	0.9035
5
0244	0.1136	0.9833	0.3751	0.9020	0.1218s	0.3455	0.9110	0.9062
6
0245	0.1577	0.9833	0.3651	0.9040	0.1221s	0.3377	0.9130	0.9086
7
0246	0.1358	0.9833	0.3595	0.9060	0.1220s	0.3321	0.9160	0.9119
8
0247	0.1210	0.9917	0.3593	0.9060	0.1222s	0.3343	0.9150	0.9108
9
0248	0.1325	0.9750	0.3648	0.9060	0.1218s	0.3428	0.9080	0.9035
10
0249	0.1782	0.9750	0.3692	0.9100	0.1224s	0.3500	0.9040	0.8993
11
0250	0.1273	1.0000	0.3781	0.9060	0.1220s	0.3607	0.9030	0.8977
12
0251	0.1296	0.9667	0.3861	0.9040	0.1218s	0.3688	0.8990	0.8930
13
0252	0.1418	0.9917	0.3954	0.9000	0.1223s	0.3784	0.8950	0.8885
14
0253	0.1231	0.9833	0.3926	0.8940	0.1222s	0.3758	0.9000	0.8938
15
0254	0.1336	0.9833	0.3847	0.8980	0.1221s	0.3678	0.9030	0.8974
16
0255	0.1130	0.9917	0.3735	0.9000	0.1221s	0.3574	0.9070	0.9021
17
0256	0.1273	0.9750	0.3645	0.9060	0.1220s	0.3484	0.9130	0.9084
18
0257	0.1498	0.9500	0.3596	0.9080	0.1222s	0.3427	0.9130	0.9084
19
0258	0.1363	0.9667	0.3612	0.9060	0.1220s	0.3435	0.9110	0.9065
20
0259	0.1280	0.9833	0.3662	0.9040	0.1212s	0.3486	0.9070	0.9021
21
0260	0.1469	0.9917	0.3730	0.9080	0.1219s	0.3557	0.9080	0.9028
22
0261	0.1273	0.9917	0.3824	0.9020	0.1221s	0.3660	0.9030	0.8971
23
0262	0.1319	0.9833	0.3962	0.8900	0.1222s	0.3809	0.8940	0.8865
24
0263	0.1389	0.9750	0.4016	0.8900	0.1224s	0.3886	0.8940	0.8863
25
0264	0.1258	0.9833	0.3977	0.8880	0.1222s	0.3857	0.8960	0.8885
26
0265	0.1216	0.9917	0.3899	0.8920	0.1226s	0.3777	0.9000	0.8929
27
0266	0.1408	0.9500	0.3773	0.9020	0.1224s	0.3604	0.9060	0.9003
28
0267	0.1640	0.9917	0.3744	0.9040	0.1226s	0.3515	0.9130	0.9082
29
0268	0.1418	0.9750	0.3789	0.9080	0.1226s	0.3503	0.9060	0.9008
30
0269	0.1249	1.0000	0.3866	0.9040	0.1219s	0.3547	0.9040	0.8985
31
0270	0.1371	0.9750	0.3886	0.9000	0.1220s	0.3572	0.9090	0.9038
32
0271	0.1268	0.9750	0.3895	0.8940	0.1224s	0.3601	0.9080	0.9027
33
0272	0.1194	0.9750	0.3938	0.8940	0.1232s	0.3671	0.9060	0.9001
34
0273	0.1460	0.9833	0.3958	0.8960	0.1222s	0.3708	0.9030	0.8965
35
0274	0.1201	0.9917	0.3976	0.8980	0.1224s	0.3729	0.9040	0.8976
36
0275	0.1359	0.9750	0.3915	0.9020	0.1221s	0.3662	0.9040	0.8980
37
0276	0.1296	0.9750	0.3856	0.9060	0.1221s	0.3582	0.9080	0.9025
38
0277	0.1260	0.9917	0.3849	0.9080	0.1224s	0.3538	0.9130	0.9078
39
0278	0.1393	0.9833	0.3902	0.9060	0.1221s	0.3565	0.9140	0.9090
40
0279	0.1653	0.9667	0.3984	0.9020	0.1212s	0.3628	0.9160	0.9111
41
0280	0.1322	0.9583	0.4015	0.9000	0.1219s	0.3666	0.9120	0.9069
42
0281	0.1399	0.9750	0.4017	0.9020	0.1217s	0.3687	0.9070	0.9011
43
0282	0.1480	0.9750	0.4029	0.8980	0.1220s	0.3731	0.9040	0.8978
44
0283	0.1209	0.9750	0.4058	0.8960	0.1220s	0.3800	0.9010	0.8946
45
0284	0.1200	0.9833	0.4120	0.8940	0.1219s	0.3886	0.8940	0.8872
46
0285	0.1384	1.0000	0.4121	0.8940	0.1220s	0.3908	0.8910	0.8843
47
0286	0.1283	0.9667	0.4003	0.8960	0.1224s	0.3795	0.8940	0.8878
48
0287	0.1437	0.9833	0.3873	0.9040	0.1221s	0.3669	0.9030	0.8974
49
0288	0.1357	0.9750	0.3814	0.9080	0.1222s	0.3604	0.9080	0.9027
50
0289	0.1275	1.0000	0.3805	0.9080	0.1218s	0.3588	0.9090	0.9037
51
0290	0.1329	1.0000	0.3848	0.9060	0.1218s	0.3623	0.9080	0.9025
52
0291	0.1245	1.0000	0.3889	0.8960	0.1225s	0.3655	0.9080	0.9025
53
0292	0.1547	0.9750	0.3906	0.8940	0.1223s	0.3667	0.9060	0.9002
54
0293	0.1205	0.9833	0.3974	0.8980	0.1223s	0.3722	0.9020	0.8956
55
0294	0.1429	0.9667	0.4012	0.8980	0.1221s	0.3757	0.8990	0.8920
56
0295	0.1482	0.9750	0.3937	0.8980	0.1223s	0.3693	0.9010	0.8945
57
0296	0.1448	0.9583	0.3857	0.8980	0.1223s	0.3616	0.9030	0.8969
58
0297	0.1287	0.9750	0.3791	0.9020	0.1216s	0.3576	0.9080	0.9028
59
0298	0.1289	0.9750	0.3760	0.9020	0.1219s	0.3578	0.9060	0.9008
60
0299	0.1369	0.9667	0.3793	0.9000	0.1223s	0.3639	0.9020	0.8959
61
0300	0.1274	0.9917	0.3825	0.9000	0.1226s	0.3684	0.9030	0.8970
62
0301	0.1240	0.9917	0.3857	0.8920	0.1220s	0.3716	0.9040	0.8977
63
0302	0.1476	0.9833	0.3842	0.8920	0.1225s	0.3670	0.9060	0.8999
64
0303	0.1369	0.9750	0.3828	0.9020	0.1224s	0.3606	0.9050	0.8993
65
0304	0.1425	0.9750	0.3824	0.9000	0.1218s	0.3551	0.9110	0.9056
66
0305	0.1194	0.9750	0.3883	0.8940	0.1220s	0.3577	0.9090	0.9039
67
0306	0.1360	0.9833	0.3951	0.8960	0.1218s	0.3627	0.9090	0.9042
68
0307	0.1236	0.9833	0.4016	0.8960	0.1220s	0.3691	0.9040	0.8990
69
0308	0.1501	0.9833	0.3944	0.8980	0.1223s	0.3632	0.9050	0.9000
70
0309	0.1310	0.9833	0.3822	0.9020	0.1222s	0.3521	0.9080	0.9030
71
0310	0.1520	0.9500	0.3766	0.9040	0.1214s	0.3488	0.9100	0.9044
72
0311	0.1548	0.9833	0.3803	0.9020	0.1221s	0.3553	0.9130	0.9082
73
0312	0.1330	0.9750	0.3889	0.8960	0.1223s	0.3665	0.9100	0.9046
74
0313	0.1610	0.9917	0.3965	0.8960	0.1221s	0.3736	0.9100	0.9045
75
0314	0.1406	0.9750	0.3946	0.8980	0.1219s	0.3683	0.9100	0.9044
76
0315	0.1343	0.9750	0.3904	0.9000	0.1220s	0.3607	0.9110	0.9051
77
0316	0.1391	0.9833	0.3962	0.8960	0.1220s	0.3609	0.9090	0.9031
78
0317	0.1174	1.0000	0.4090	0.8960	0.1219s	0.3699	0.9030	0.8970
79
0318	0.1539	0.9833	0.4142	0.8920	0.1217s	0.3738	0.9010	0.8950
80
0319	0.1149	1.0000	0.4128	0.8900	0.1220s	0.3727	0.9010	0.8951
81
0320	0.1265	0.9833	0.4007	0.8940	0.1220s	0.3635	0.9050	0.8997
82
0321	0.1257	0.9917	0.3864	0.9020	0.1218s	0.3538	0.9080	0.9025
83
0322	0.1549	0.9750	0.3795	0.9060	0.1217s	0.3527	0.9120	0.9071
84
0323	0.1275	0.9833	0.3808	0.9000	0.1221s	0.3605	0.9110	0.9062
85
0324	0.1140	0.9917	0.3854	0.8920	0.1222s	0.3696	0.9080	0.9030
86
0325	0.1356	0.9833	0.3847	0.8960	0.1225s	0.3693	0.9060	0.9011
87
0326	0.1656	0.9583	0.3867	0.8900	0.1221s	0.3675	0.9070	0.9022
88
0327	0.1145	1.0000	0.3947	0.8920	0.1222s	0.3718	0.9070	0.9021
89
0328	0.1416	0.9750	0.4001	0.8960	0.1218s	0.3734	0.9020	0.8964
90
0329	0.1412	0.9750	0.4004	0.8940	0.1216s	0.3707	0.9060	0.9005
91
0330	0.1413	0.9750	0.3986	0.8920	0.1217s	0.3685	0.9070	0.9016
92
0331	0.1127	0.9917	0.3962	0.8920	0.1222s	0.3663	0.9100	0.9047
93
0332	0.1337	0.9833	0.3959	0.8920	0.1220s	0.3681	0.9110	0.9052
94
0333	0.1159	0.9750	0.4000	0.8960	0.1223s	0.3749	0.9070	0.9003
95
0334	0.1485	0.9917	0.4015	0.8900	0.1219s	0.3784	0.9060	0.8991
96
0335	0.1377	0.9833	0.3969	0.8940	0.1219s	0.3742	0.9090	0.9026
97
0336	0.1228	1.0000	0.3893	0.8940	0.1218s	0.3659	0.9090	0.9030
98
0337	0.1424	0.9667	0.3836	0.9000	0.1224s	0.3589	0.9080	0.9027
99
0338	0.1453	0.9833	0.3833	0.9040	0.1222s	0.3555	0.9090	0.9040
100
0339	0.1376	0.9917	0.3864	0.9000	0.1220s	0.3552	0.9100	0.9052
101
0340	0.1348	0.9750	0.3900	0.9000	0.1218s	0.3578	0.9110	0.9064
102
0341	0.1245	0.9667	0.3923	0.9020	0.1220s	0.3589	0.9090	0.9039
103
0342	0.1374	0.9750	0.3909	0.8980	0.1219s	0.3555	0.9090	0.9038
104
0343	0.1313	0.9833	0.3880	0.8960	0.1218s	0.3500	0.9120	0.9071
105
0344	0.1303	0.9667	0.3884	0.8940	0.1223s	0.3493	0.9090	0.9042
106
0345	0.1138	0.9750	0.3876	0.8940	0.1218s	0.3488	0.9060	0.9009
107
0346	0.1453	0.9750	0.3884	0.8920	0.1218s	0.3508	0.9080	0.9029
108
0347	0.1245	0.9667	0.3905	0.8940	0.1223s	0.3542	0.9100	0.9049
109
0348	0.1306	0.9833	0.3959	0.8960	0.1222s	0.3615	0.9070	0.9013
110
0349	0.1258	0.9583	0.4045	0.8940	0.1222s	0.3698	0.8990	0.8921
111
0350	0.1553	0.9917	0.4077	0.8940	0.1220s	0.3738	0.9000	0.8930
112
0351	0.1398	0.9583	0.4003	0.8960	0.1216s	0.3677	0.9040	0.8979
113
0352	0.1079	0.9750	0.3922	0.8960	0.1218s	0.3599	0.9100	0.9047
114
0353	0.1351	0.9833	0.3837	0.8980	0.1223s	0.3509	0.9110	0.9062
115
0354	0.1505	0.9750	0.3781	0.9060	0.1224s	0.3433	0.9160	0.9113
116
0355	0.1253	0.9833	0.3774	0.9040	0.1220s	0.3418	0.9150	0.9104
117
0356	0.1158	0.9833	0.3786	0.9020	0.1218s	0.3430	0.9130	0.9083
118
0357	0.1418	0.9833	0.3811	0.9020	0.1219s	0.3471	0.9110	0.9059
119
0358	0.1353	0.9750	0.3819	0.9000	0.1221s	0.3487	0.9100	0.9048
120
0359	0.1065	0.9917	0.3847	0.8940	0.1237s	0.3522	0.9090	0.9038
121
0360	0.1331	0.9917	0.3875	0.8980	0.1223s	0.3564	0.9080	0.9028
122
0361	0.1202	0.9917	0.3886	0.8980	0.1223s	0.3593	0.9080	0.9027
123
0362	0.1390	0.9750	0.3891	0.9000	0.1223s	0.3618	0.9070	0.9017
124
0363	0.1334	0.9667	0.3848	0.8980	0.1226s	0.3580	0.9110	0.9061
125
0364	0.1161	1.0000	0.3812	0.9000	0.1223s	0.3539	0.9120	0.9074
126
0365	0.1250	0.9833	0.3782	0.9000	0.1217s	0.3519	0.9110	0.9062
127
0366	0.1314	0.9750	0.3778	0.9020	0.1217s	0.3520	0.9100	0.9054
128
0367	0.1327	1.0000	0.3819	0.9040	0.1221s	0.3564	0.9110	0.9063
129
0368	0.1332	1.0000	0.3882	0.8960	0.1218s	0.3617	0.9100	0.9051
130
0369	0.1261	0.9667	0.3946	0.8960	0.1220s	0.3660	0.9080	0.9029
131
0370	0.1366	0.9750	0.3979	0.8940	0.1217s	0.3674	0.9030	0.8973
132
0371	0.1187	0.9833	0.4006	0.8940	0.1223s	0.3684	0.8990	0.8929
133
0372	0.1311	0.9833	0.3993	0.8940	0.1222s	0.3664	0.9010	0.8950
134
0373	0.1383	0.9917	0.3945	0.8920	0.1219s	0.3622	0.9030	0.8976
135
0374	0.1393	1.0000	0.3870	0.8940	0.1224s	0.3539	0.9030	0.8978
136
0375	0.1404	0.9917	0.3843	0.9020	0.1218s	0.3510	0.9070	0.9024
137
0376	0.1229	0.9917	0.3836	0.9040	0.1226s	0.3495	0.9100	0.9054
138
0377	0.1421	0.9667	0.3851	0.9060	0.1221s	0.3494	0.9090	0.9048
139
0378	0.1346	1.0000	0.3904	0.9060	0.1217s	0.3539	0.9080	0.9036
140
0379	0.1361	0.9917	0.3991	0.9060	0.1220s	0.3623	0.9060	0.9014
141
0380	0.1321	0.9667	0.4059	0.9020	0.1215s	0.3699	0.9010	0.8954
142
0381	0.1466	1.0000	0.4096	0.9020	0.1222s	0.3742	0.9020	0.8964
143
0382	0.1251	0.9750	0.4092	0.9040	0.1221s	0.3759	0.9030	0.8976
144
0383	0.1236	0.9833	0.3997	0.9000	0.1221s	0.3676	0.9060	0.9008
145
0384	0.1287	0.9667	0.3952	0.9040	0.1217s	0.3630	0.9090	0.9043
146
0385	0.1027	0.9833	0.3972	0.9040	0.1423s	0.3638	0.9080	0.9034
147
0386	0.1366	1.0000	0.4015	0.9020	0.1396s	0.3661	0.9080	0.9036
148
0387	0.1211	0.9833	0.4080	0.8980	0.1392s	0.3728	0.9040	0.8993
149
0388	0.1649	0.9917	0.4173	0.9000	0.1390s	0.3812	0.9030	0.8977
150
0389	0.1337	0.9833	0.4222	0.8920	0.1389s	0.3867	0.9020	0.8965
151
0390	0.1417	0.9750	0.4276	0.8900	0.1392s	0.3932	0.9020	0.8953
152
0391	0.1447	0.9667	0.4163	0.8960	0.1390s	0.3853	0.9040	0.8979
153
0392	0.1353	0.9750	0.4063	0.8960	0.1416s	0.3767	0.9040	0.8982
154
0393	0.1416	0.9833	0.3979	0.8980	0.1236s	0.3674	0.9060	0.9008
155
0394	0.1310	0.9917	0.3968	0.8960	0.1220s	0.3647	0.9040	0.8988
156
0395	0.1333	1.0000	0.4025	0.9000	0.1221s	0.3680	0.9080	0.9031
157
0396	0.1249	0.9833	0.4069	0.8980	0.1231s	0.3710	0.9060	0.9011
158
0397	0.1300	0.9333	0.4104	0.8960	0.1228s	0.3743	0.9040	0.8988
159
0398	0.1481	0.9750	0.4078	0.9000	0.1220s	0.3750	0.9040	0.8985
160
0399	0.1219	0.9833	0.4044	0.8980	0.1230s	0.3767	0.9010	0.8952
161
0400	0.1183	0.9750	0.4067	0.8960	0.1261s	0.3836	0.9010	0.8952
162
0401	0.1313	0.9917	0.4087	0.8960	0.1224s	0.3878	0.8960	0.8897
163
0402	0.1279	1.0000	0.4048	0.8940	0.1223s	0.3858	0.8980	0.8923
164
0403	0.1239	0.9750	0.3992	0.8980	0.1222s	0.3807	0.8970	0.8915
165
0404	0.1394	0.9750	0.3924	0.9040	0.1244s	0.3715	0.9000	0.8949
166
0405	0.1354	0.9667	0.3933	0.9000	0.1222s	0.3678	0.9050	0.9001
167
0406	0.1322	0.9750	0.3956	0.8980	0.1235s	0.3670	0.9040	0.8990
168
0407	0.1353	0.9750	0.4002	0.9000	0.1220s	0.3693	0.9020	0.8968
169
0408	0.1290	1.0000	0.4074	0.8980	0.1227s	0.3757	0.8980	0.8925
170
0409	0.1244	0.9833	0.4175	0.8980	0.1222s	0.3856	0.8940	0.8881
171
0410	0.1427	0.9833	0.4201	0.8900	0.1213s	0.3908	0.8930	0.8872
172
0411	0.1295	0.9500	0.4158	0.8880	0.1225s	0.3887	0.8930	0.8874
173
0412	0.1331	0.9917	0.4094	0.8920	0.1221s	0.3845	0.8930	0.8873
174
0413	0.1492	0.9750	0.3958	0.8940	0.1221s	0.3706	0.9000	0.8951
175
0414	0.1541	0.9500	0.3875	0.9060	0.1227s	0.3587	0.9030	0.8979
176
0415	0.1319	1.0000	0.3844	0.9000	0.1220s	0.3506	0.9060	0.9012
177
0416	0.1391	0.9917	0.3889	0.9020	0.1224s	0.3509	0.9060	0.9015
178
0417	0.1267	0.9667	0.3990	0.8980	0.1220s	0.3585	0.9030	0.8983
179
0418	0.1420	0.9917	0.4090	0.9000	0.1218s	0.3699	0.8960	0.8907
180
0419	0.1389	0.9917	0.4174	0.8920	0.1208s	0.3812	0.8950	0.8893
181
0420	0.1318	0.9750	0.4293	0.8820	0.1221s	0.3942	0.8920	0.8855
182
0421	0.1497	1.0000	0.4260	0.8860	0.1228s	0.3936	0.8890	0.8833
183
0422	0.1321	0.9917	0.4196	0.8880	0.1224s	0.3896	0.8910	0.8855
184
0423	0.1361	0.9833	0.4084	0.8940	0.1235s	0.3801	0.9020	0.8974
185
0424	0.1410	0.9917	0.3965	0.9020	0.1220s	0.3693	0.9070	0.9021
186
0425	0.1310	0.9833	0.3891	0.9000	0.1263s	0.3617	0.9060	0.9010
187
0426	0.1342	0.9917	0.3880	0.9000	0.1222s	0.3578	0.9040	0.8987
188
0427	0.1481	1.0000	0.3973	0.9020	0.1215s	0.3635	0.9030	0.8977
189
0428	0.1486	0.9917	0.4112	0.8960	0.1224s	0.3734	0.9020	0.8965
190
0429	0.1322	0.9750	0.4204	0.8940	0.1216s	0.3812	0.8980	0.8922
191
0430	0.1360	0.9833	0.4227	0.8940	0.1226s	0.3826	0.9010	0.8956
192
0431	0.1307	0.9833	0.4151	0.8960	0.1229s	0.3752	0.9060	0.9006
193
0432	0.1321	0.9833	0.4077	0.8960	0.1225s	0.3680	0.9060	0.9003
194
0433	0.1338	0.9917	0.4027	0.9000	0.1106s	0.3632	0.9070	0.9014
195
0434	0.1325	0.9750	0.3979	0.9020	0.1215s	0.3582	0.9080	0.9025
196
0435	0.1454	0.9833	0.3942	0.8960	0.1221s	0.3552	0.9070	0.9016
197
0436	0.1318	0.9833	0.3937	0.8960	0.1042s	0.3546	0.9080	0.9028
198
0437	0.1289	1.0000	0.3982	0.8960	0.1210s	0.3572	0.9060	0.9005
199
Early stop! Min loss:0.355938196182251,  Max accuracy:0.912
Early stop model validation loss:0.355938196182251,  accuracy:0.912
Optimization Finished!
Total time elapsed: 54.1138s
test max acc:0.9180
Loading 236th epoch
stru_node_to_hop attention:tensor([[0.2509, 0.2520, 0.2489, 0.2482],
        [0.2493, 0.2507, 0.2500, 0.2499],
        [0.2489, 0.2505, 0.2503, 0.2503],
        [0.2467, 0.2514, 0.2510, 0.2509],
        [0.2505, 0.2499, 0.2498, 0.2497],
        [0.2491, 0.2507, 0.2501, 0.2500],
        [0.2490, 0.2504, 0.2503, 0.2503],
        [0.2499, 0.2503, 0.2500, 0.2499],
        [0.2505, 0.2500, 0.2498, 0.2497],
        [0.2482, 0.2510, 0.2505, 0.2503],
        [0.2505, 0.2497, 0.2499, 0.2499],
        [0.2495, 0.2501, 0.2502, 0.2502],
        [0.2501, 0.2499, 0.2500, 0.2500],
        [0.2493, 0.2495, 0.2505, 0.2507],
        [0.2506, 0.2502, 0.2497, 0.2494],
        [0.2512, 0.2505, 0.2494, 0.2489],
        [0.2504, 0.2502, 0.2498, 0.2496],
        [0.2485, 0.2511, 0.2503, 0.2501],
        [0.2495, 0.2502, 0.2502, 0.2501],
        [0.2507, 0.2501, 0.2497, 0.2495],
        [0.2500, 0.2500, 0.2500, 0.2500],
        [0.2448, 0.2536, 0.2510, 0.2505],
        [0.2508, 0.2496, 0.2499, 0.2498],
        [0.2496, 0.2502, 0.2501, 0.2501],
        [0.2503, 0.2499, 0.2499, 0.2498],
        [0.2486, 0.2511, 0.2503, 0.2501],
        [0.2498, 0.2501, 0.2501, 0.2500],
        [0.2487, 0.2506, 0.2505, 0.2503],
        [0.2497, 0.2501, 0.2501, 0.2501],
        [0.2484, 0.2506, 0.2505, 0.2505],
        [0.2489, 0.2508, 0.2503, 0.2501],
        [0.2491, 0.2505, 0.2503, 0.2501],
        [0.2491, 0.2508, 0.2502, 0.2499],
        [0.2489, 0.2504, 0.2504, 0.2504],
        [0.2497, 0.2500, 0.2502, 0.2501],
        [0.2491, 0.2505, 0.2502, 0.2502],
        [0.2496, 0.2503, 0.2501, 0.2499],
        [0.2502, 0.2499, 0.2499, 0.2500],
        [0.2483, 0.2507, 0.2506, 0.2505],
        [0.2507, 0.2502, 0.2496, 0.2495],
        [0.2501, 0.2500, 0.2500, 0.2500],
        [0.2499, 0.2500, 0.2501, 0.2500],
        [0.2485, 0.2511, 0.2502, 0.2501],
        [0.2503, 0.2498, 0.2499, 0.2499],
        [0.2485, 0.2508, 0.2504, 0.2502],
        [0.1605, 0.1884, 0.2793, 0.3718],
        [0.2499, 0.2500, 0.2500, 0.2500],
        [0.2480, 0.2512, 0.2505, 0.2504],
        [0.2513, 0.2497, 0.2496, 0.2494],
        [0.2501, 0.2500, 0.2500, 0.2499],
        [0.2494, 0.2510, 0.2499, 0.2496],
        [0.2490, 0.2507, 0.2502, 0.2501],
        [0.2497, 0.2501, 0.2501, 0.2501],
        [0.2495, 0.2503, 0.2501, 0.2500],
        [0.2467, 0.2523, 0.2507, 0.2504],
        [0.2470, 0.2513, 0.2508, 0.2509],
        [0.2495, 0.2499, 0.2503, 0.2502],
        [0.2497, 0.2503, 0.2500, 0.2500],
        [0.2475, 0.2514, 0.2507, 0.2504],
        [0.2494, 0.2505, 0.2501, 0.2499],
        [0.2504, 0.2500, 0.2499, 0.2498],
        [0.2485, 0.2509, 0.2503, 0.2503],
        [0.2500, 0.2506, 0.2498, 0.2495],
        [0.2483, 0.2507, 0.2504, 0.2506],
        [0.2498, 0.2501, 0.2500, 0.2500],
        [0.2487, 0.2504, 0.2504, 0.2504],
        [0.2483, 0.2497, 0.2508, 0.2512],
        [0.2487, 0.2499, 0.2507, 0.2508],
        [0.2503, 0.2498, 0.2499, 0.2500],
        [0.2492, 0.2502, 0.2504, 0.2502],
        [0.2485, 0.2516, 0.2501, 0.2498],
        [0.2485, 0.2505, 0.2504, 0.2505],
        [0.2494, 0.2502, 0.2502, 0.2502],
        [0.2497, 0.2510, 0.2498, 0.2495],
        [0.2500, 0.2500, 0.2500, 0.2500],
        [0.2483, 0.2510, 0.2505, 0.2503],
        [0.2501, 0.2507, 0.2497, 0.2495],
        [0.2512, 0.2489, 0.2499, 0.2500],
        [0.2499, 0.2501, 0.2500, 0.2500],
        [0.2491, 0.2502, 0.2504, 0.2504],
        [0.2511, 0.2499, 0.2497, 0.2493],
        [0.2494, 0.2506, 0.2501, 0.2499],
        [0.2513, 0.2501, 0.2494, 0.2492],
        [0.2497, 0.2502, 0.2501, 0.2500],
        [0.2493, 0.2505, 0.2501, 0.2501],
        [0.2498, 0.2501, 0.2500, 0.2500],
        [0.2492, 0.2503, 0.2503, 0.2502],
        [0.2498, 0.2501, 0.2500, 0.2500],
        [0.2485, 0.2512, 0.2503, 0.2500],
        [0.2501, 0.2500, 0.2500, 0.2499],
        [0.2487, 0.2504, 0.2505, 0.2504],
        [0.2504, 0.2498, 0.2499, 0.2499],
        [0.2493, 0.2503, 0.2502, 0.2502],
        [0.2495, 0.2502, 0.2501, 0.2501],
        [0.2485, 0.2511, 0.2504, 0.2500],
        [0.2503, 0.2498, 0.2499, 0.2500],
        [0.2493, 0.2506, 0.2501, 0.2500],
        [0.2518, 0.2491, 0.2496, 0.2495],
        [0.2486, 0.2505, 0.2505, 0.2504],
        [0.2498, 0.2504, 0.2499, 0.2499]], device='cuda:1')
fea_node_to_hop attention:tensor([[0.3287, 0.3350, 0.3363],
        [0.3332, 0.3331, 0.3337],
        [0.3312, 0.3343, 0.3345],
        [0.3331, 0.3324, 0.3345],
        [0.3316, 0.3347, 0.3337],
        [0.3303, 0.3337, 0.3360],
        [0.3330, 0.3321, 0.3348],
        [0.3325, 0.3328, 0.3347],
        [0.3314, 0.3345, 0.3341],
        [0.3292, 0.3345, 0.3362],
        [0.3351, 0.3329, 0.3320],
        [0.3324, 0.3330, 0.3347],
        [0.3335, 0.3333, 0.3332],
        [0.3337, 0.3336, 0.3327],
        [0.3290, 0.3352, 0.3358],
        [0.3307, 0.3341, 0.3352],
        [0.3301, 0.3345, 0.3354],
        [0.3314, 0.3343, 0.3344],
        [0.3315, 0.3340, 0.3344],
        [0.3312, 0.3336, 0.3352],
        [0.3333, 0.3334, 0.3333],
        [0.3299, 0.3344, 0.3357],
        [0.3302, 0.3341, 0.3357],
        [0.3314, 0.3342, 0.3344],
        [0.3321, 0.3339, 0.3340],
        [0.3287, 0.3352, 0.3362],
        [0.3325, 0.3333, 0.3343],
        [0.3299, 0.3343, 0.3358],
        [0.3297, 0.3342, 0.3361],
        [0.3271, 0.3380, 0.3349],
        [0.3293, 0.3346, 0.3362],
        [0.3311, 0.3332, 0.3356],
        [0.3289, 0.3347, 0.3364],
        [0.3312, 0.3343, 0.3345],
        [0.3313, 0.3341, 0.3346],
        [0.3307, 0.3345, 0.3348],
        [0.3324, 0.3335, 0.3341],
        [0.3315, 0.3350, 0.3334],
        [0.3311, 0.3341, 0.3348],
        [0.3317, 0.3337, 0.3345],
        [0.3325, 0.3339, 0.3336],
        [0.3290, 0.3356, 0.3354],
        [0.3304, 0.3341, 0.3355],
        [0.3338, 0.3331, 0.3331],
        [0.3312, 0.3347, 0.3341],
        [0.2727, 0.3636, 0.3637],
        [0.3327, 0.3335, 0.3338],
        [0.3303, 0.3344, 0.3353],
        [0.3354, 0.3309, 0.3337],
        [0.3325, 0.3334, 0.3340],
        [0.3320, 0.3340, 0.3340],
        [0.3312, 0.3343, 0.3345],
        [0.3332, 0.3330, 0.3338],
        [0.3305, 0.3349, 0.3346],
        [0.3326, 0.3341, 0.3333],
        [0.3318, 0.3340, 0.3342],
        [0.3328, 0.3329, 0.3343],
        [0.3314, 0.3342, 0.3344],
        [0.3323, 0.3326, 0.3351],
        [0.3320, 0.3331, 0.3349],
        [0.3308, 0.3340, 0.3352],
        [0.3301, 0.3347, 0.3352],
        [0.3323, 0.3328, 0.3349],
        [0.3314, 0.3337, 0.3349],
        [0.3331, 0.3334, 0.3335],
        [0.3325, 0.3338, 0.3336],
        [0.3315, 0.3346, 0.3339],
        [0.3317, 0.3341, 0.3343],
        [0.3336, 0.3335, 0.3328],
        [0.3306, 0.3346, 0.3348],
        [0.3311, 0.3343, 0.3346],
        [0.3297, 0.3344, 0.3358],
        [0.3338, 0.3335, 0.3327],
        [0.3326, 0.3326, 0.3348],
        [0.3333, 0.3333, 0.3333],
        [0.3306, 0.3330, 0.3364],
        [0.3320, 0.3333, 0.3347],
        [0.3298, 0.3346, 0.3357],
        [0.3315, 0.3346, 0.3339],
        [0.3307, 0.3343, 0.3350],
        [0.3332, 0.3338, 0.3330],
        [0.3293, 0.3356, 0.3351],
        [0.3307, 0.3339, 0.3354],
        [0.3316, 0.3335, 0.3350],
        [0.3328, 0.3329, 0.3343],
        [0.3318, 0.3339, 0.3343],
        [0.3297, 0.3356, 0.3347],
        [0.3325, 0.3338, 0.3336],
        [0.3297, 0.3359, 0.3344],
        [0.3283, 0.3361, 0.3356],
        [0.3302, 0.3345, 0.3353],
        [0.3346, 0.3331, 0.3324],
        [0.3314, 0.3343, 0.3343],
        [0.3339, 0.3330, 0.3332],
        [0.3286, 0.3348, 0.3366],
        [0.3344, 0.3331, 0.3325],
        [0.3290, 0.3353, 0.3357],
        [0.3337, 0.3325, 0.3338],
        [0.3313, 0.3335, 0.3352],
        [0.3345, 0.3327, 0.3328]], device='cuda:1')
perception attention:tensor([0.5000, 0.5000], device='cuda:1')
Test set results: loss= 0.3285 accuracy= 0.9180 F1_score= 0.9143
