# epoch	loss_train	acc_train	loss_val	acc_val	time	acc_test	f1_test
0001	1.8039	0.1667	1.6819	0.2920	0.1046s	1.6710	0.3130	0.2010
0
0002	1.7015	0.3167	1.5375	0.3500	0.1221s	1.5096	0.3560	0.2322
0
0003	1.5600	0.4083	1.3702	0.4520	0.1220s	1.3377	0.4640	0.4235
0
0004	1.3344	0.6083	1.1893	0.7420	0.1220s	1.1611	0.7410	0.7411
0
0005	1.1110	0.8583	1.0212	0.8480	0.1066s	0.9968	0.8480	0.8427
0
0006	0.9475	0.8167	0.8756	0.8600	0.1222s	0.8526	0.8680	0.8627
0
0007	0.8086	0.8333	0.7534	0.8700	0.1220s	0.7292	0.8700	0.8631
0
0008	0.6988	0.8750	0.6562	0.8740	0.1221s	0.6305	0.8840	0.8761
0
0009	0.5962	0.8417	0.5857	0.8840	0.1224s	0.5599	0.8920	0.8857
0
0010	0.4820	0.9333	0.5437	0.8800	0.1222s	0.5163	0.8910	0.8847
0
0011	0.4497	0.9250	0.5020	0.8840	0.1216s	0.4692	0.8910	0.8847
0
0012	0.4132	0.9250	0.4576	0.8880	0.1224s	0.4192	0.9030	0.8966
0
0013	0.3440	0.9250	0.4265	0.8920	0.1047s	0.3870	0.9050	0.8989
0
0014	0.2957	0.9583	0.4101	0.8840	0.1224s	0.3739	0.8990	0.8930
0
0015	0.2801	0.9250	0.4086	0.8820	0.1218s	0.3740	0.8940	0.8871
0
0016	0.2848	0.9667	0.4157	0.8740	0.1224s	0.3776	0.8910	0.8846
0
0017	0.2323	0.9667	0.4198	0.8800	0.1081s	0.3777	0.8840	0.8775
1
0018	0.2208	0.9000	0.4129	0.8940	0.1223s	0.3683	0.8890	0.8829
2
0019	0.2228	0.9500	0.4011	0.8940	0.1210s	0.3551	0.9000	0.8939
0
0020	0.2536	0.9583	0.4004	0.8880	0.1150s	0.3522	0.9020	0.8960
0
0021	0.1779	0.9583	0.4026	0.8900	0.1199s	0.3533	0.8970	0.8916
0
0022	0.2095	0.9500	0.4054	0.8820	0.1050s	0.3570	0.9020	0.8962
1
0023	0.2144	0.9583	0.4087	0.8800	0.1052s	0.3607	0.9010	0.8946
2
0024	0.2014	0.9667	0.4151	0.8800	0.1199s	0.3671	0.8970	0.8897
3
0025	0.1856	0.9583	0.4233	0.8800	0.1077s	0.3752	0.8970	0.8899
4
0026	0.1748	0.9750	0.4341	0.8740	0.1151s	0.3855	0.8890	0.8819
5
0027	0.1704	0.9667	0.4434	0.8760	0.1224s	0.3941	0.8810	0.8751
6
0028	0.1791	0.9750	0.4406	0.8740	0.1226s	0.3921	0.8850	0.8795
7
0029	0.1730	0.9500	0.4258	0.8800	0.1088s	0.3787	0.8910	0.8858
8
0030	0.1521	0.9667	0.4148	0.8860	0.1138s	0.3692	0.8950	0.8896
9
0031	0.1566	0.9750	0.4114	0.8860	0.1176s	0.3673	0.8960	0.8906
10
0032	0.1694	0.9667	0.4104	0.8880	0.1171s	0.3663	0.8930	0.8874
11
0033	0.1703	0.9750	0.4119	0.8820	0.1157s	0.3686	0.8930	0.8872
12
0034	0.1546	0.9750	0.4153	0.8840	0.1129s	0.3725	0.8920	0.8857
13
0035	0.1530	0.9833	0.4216	0.8820	0.1226s	0.3786	0.8910	0.8838
14
0036	0.1680	0.9833	0.4289	0.8820	0.1200s	0.3855	0.8930	0.8854
15
0037	0.1757	0.9750	0.4352	0.8800	0.1178s	0.3917	0.8920	0.8841
16
0038	0.1705	0.9917	0.4395	0.8840	0.1198s	0.3957	0.8900	0.8818
17
0039	0.1601	0.9750	0.4440	0.8760	0.1154s	0.3996	0.8900	0.8822
18
0040	0.1709	0.9417	0.4487	0.8740	0.1200s	0.4039	0.8850	0.8775
19
0041	0.1626	1.0000	0.4420	0.8780	0.1126s	0.3985	0.8860	0.8790
20
0042	0.1701	0.9750	0.4246	0.8800	0.1132s	0.3845	0.8920	0.8863
21
0043	0.1620	1.0000	0.4099	0.8880	0.1151s	0.3722	0.8990	0.8934
22
0044	0.1634	0.9750	0.4013	0.8880	0.1177s	0.3653	0.8970	0.8912
23
0045	0.1366	0.9750	0.3978	0.8880	0.1199s	0.3625	0.9010	0.8954
24
0046	0.1624	0.9667	0.3955	0.8880	0.1193s	0.3599	0.8990	0.8935
0
0047	0.1610	0.9667	0.3941	0.8880	0.1206s	0.3580	0.8960	0.8903
0
0048	0.1527	0.9833	0.3943	0.8900	0.1224s	0.3584	0.8950	0.8889
0
0049	0.1438	0.9917	0.3983	0.8860	0.1195s	0.3608	0.8950	0.8884
1
0050	0.1540	0.9833	0.4044	0.8820	0.1202s	0.3657	0.8930	0.8864
2
0051	0.1392	0.9917	0.4123	0.8860	0.1203s	0.3731	0.8940	0.8874
3
0052	0.1648	1.0000	0.4133	0.8800	0.1228s	0.3753	0.8930	0.8865
4
0053	0.1831	0.9833	0.4051	0.8800	0.1200s	0.3701	0.9010	0.8954
5
0054	0.1633	0.9833	0.3970	0.8840	0.1217s	0.3640	0.9030	0.8978
6
0055	0.1670	0.9333	0.3871	0.8860	0.1132s	0.3549	0.9030	0.8976
7
0056	0.1498	0.9833	0.3808	0.8900	0.1228s	0.3493	0.9000	0.8942
0
0057	0.1521	0.9833	0.3783	0.8880	0.1222s	0.3465	0.9030	0.8974
0
0058	0.1828	0.9917	0.3810	0.8880	0.1221s	0.3480	0.8970	0.8907
0
0059	0.1621	0.9500	0.3882	0.8900	0.1223s	0.3534	0.8950	0.8887
1
0060	0.1594	0.9667	0.3976	0.8880	0.1046s	0.3606	0.8940	0.8877
2
0061	0.1640	0.9917	0.4027	0.8860	0.1198s	0.3633	0.8940	0.8879
3
0062	0.1508	1.0000	0.4011	0.8920	0.1219s	0.3619	0.8950	0.8891
4
0063	0.1444	0.9750	0.3968	0.9000	0.1222s	0.3584	0.8960	0.8905
5
0064	0.1479	0.9833	0.3922	0.9060	0.1219s	0.3540	0.9020	0.8971
0
0065	0.1561	0.9833	0.3828	0.9120	0.1224s	0.3466	0.9040	0.8991
0
0066	0.1301	0.9917	0.3748	0.9120	0.1203s	0.3417	0.9050	0.9002
0
0067	0.1712	0.9750	0.3711	0.9020	0.1225s	0.3422	0.9040	0.8989
0
0068	0.1416	0.9583	0.3743	0.8880	0.1226s	0.3499	0.9040	0.8988
0
0069	0.1390	0.9833	0.3823	0.8900	0.1128s	0.3610	0.9030	0.8974
1
0070	0.1520	0.9833	0.3904	0.8840	0.1221s	0.3699	0.9040	0.8980
2
0071	0.1534	0.9583	0.3858	0.8880	0.1223s	0.3631	0.9020	0.8958
3
0072	0.1586	0.9833	0.3824	0.8980	0.1218s	0.3554	0.9030	0.8975
4
0073	0.1325	0.9833	0.3866	0.9040	0.1213s	0.3534	0.8960	0.8896
5
0074	0.1548	0.9750	0.3890	0.9060	0.1225s	0.3517	0.9020	0.8967
6
0075	0.1562	0.9750	0.3911	0.9040	0.1246s	0.3513	0.9020	0.8965
7
0076	0.1567	0.9750	0.3912	0.9020	0.1053s	0.3525	0.9020	0.8966
8
0077	0.1745	0.9750	0.3860	0.9000	0.1060s	0.3518	0.9010	0.8955
9
0078	0.1327	0.9833	0.3821	0.9020	0.1046s	0.3532	0.9010	0.8953
10
0079	0.1481	0.9583	0.3816	0.8980	0.1195s	0.3585	0.9040	0.8982
11
0080	0.1728	0.9583	0.3830	0.8940	0.1225s	0.3635	0.9010	0.8946
12
0081	0.1413	0.9750	0.3799	0.8960	0.1218s	0.3617	0.9030	0.8969
13
0082	0.1509	0.9750	0.3727	0.9060	0.1219s	0.3544	0.9090	0.9041
14
0083	0.1394	0.9833	0.3709	0.9020	0.1227s	0.3530	0.9100	0.9052
15
0084	0.1425	0.9750	0.3717	0.9140	0.1222s	0.3535	0.9030	0.8982
0
0085	0.1496	0.9833	0.3742	0.9080	0.1177s	0.3544	0.9030	0.8987
0
0086	0.1660	0.9750	0.3754	0.9040	0.1227s	0.3555	0.9050	0.9012
1
0087	0.1512	0.9833	0.3750	0.9040	0.1222s	0.3559	0.9060	0.9020
2
0088	0.1548	0.9750	0.3760	0.9000	0.1225s	0.3586	0.9020	0.8969
3
0089	0.1372	0.9667	0.3777	0.8980	0.1221s	0.3623	0.8980	0.8927
4
0090	0.1609	1.0000	0.3799	0.8940	0.1212s	0.3674	0.9010	0.8955
5
0091	0.1403	0.9750	0.3848	0.8880	0.1044s	0.3739	0.9000	0.8939
6
0092	0.1576	0.9750	0.3925	0.8860	0.1047s	0.3821	0.8980	0.8914
7
0093	0.1457	0.9917	0.3864	0.8880	0.1226s	0.3747	0.9020	0.8953
8
0094	0.1668	0.9917	0.3788	0.8960	0.1184s	0.3637	0.9080	0.9022
9
0095	0.1322	0.9917	0.3719	0.9000	0.1219s	0.3542	0.9100	0.9047
10
0096	0.1501	0.9667	0.3699	0.9100	0.1246s	0.3484	0.9070	0.9021
11
0097	0.1469	0.9750	0.3741	0.9040	0.1221s	0.3480	0.8990	0.8935
0
0098	0.1221	0.9833	0.3807	0.9000	0.1223s	0.3509	0.9030	0.8978
1
0099	0.1187	0.9750	0.3843	0.9060	0.1226s	0.3523	0.9020	0.8968
2
0100	0.1679	0.9750	0.3779	0.9060	0.1219s	0.3468	0.9040	0.8994
3
0101	0.1321	1.0000	0.3738	0.9040	0.1220s	0.3456	0.9020	0.8970
4
0102	0.1468	0.9833	0.3716	0.9120	0.1178s	0.3459	0.9040	0.8989
5
0103	0.1527	0.9583	0.3737	0.9020	0.1194s	0.3490	0.9060	0.9006
6
0104	0.1620	0.9833	0.3812	0.8900	0.1220s	0.3553	0.9050	0.8993
7
0105	0.1759	0.9667	0.3899	0.8920	0.1224s	0.3612	0.9070	0.9008
8
0106	0.1410	0.9833	0.3901	0.8920	0.1214s	0.3584	0.9020	0.8954
9
0107	0.1400	0.9833	0.3861	0.8960	0.1220s	0.3523	0.9050	0.8988
10
0108	0.1321	0.9833	0.3842	0.9000	0.1224s	0.3479	0.9040	0.8981
11
0109	0.1360	1.0000	0.3794	0.9060	0.1222s	0.3418	0.9080	0.9030
12
0110	0.1588	0.9750	0.3719	0.9060	0.1222s	0.3341	0.9110	0.9066
13
0111	0.1766	0.9750	0.3686	0.9060	0.1215s	0.3312	0.9100	0.9055
14
0112	0.1373	0.9833	0.3650	0.9100	0.1223s	0.3297	0.9110	0.9069
0
0113	0.1444	0.9833	0.3642	0.9080	0.1228s	0.3312	0.9090	0.9041
0
0114	0.1360	0.9833	0.3676	0.9040	0.1223s	0.3359	0.9090	0.9038
0
0115	0.1453	0.9833	0.3741	0.8920	0.1182s	0.3435	0.9080	0.9024
1
0116	0.1691	0.9667	0.3743	0.8900	0.1177s	0.3431	0.9090	0.9037
2
0117	0.1453	0.9750	0.3720	0.9000	0.1045s	0.3390	0.9100	0.9044
3
0118	0.1504	0.9917	0.3692	0.9020	0.1218s	0.3331	0.9100	0.9051
4
0119	0.1534	1.0000	0.3678	0.9100	0.1220s	0.3277	0.9100	0.9053
5
0120	0.1366	0.9917	0.3682	0.9100	0.1218s	0.3264	0.9110	0.9064
6
0121	0.1258	0.9750	0.3688	0.9080	0.1222s	0.3263	0.9080	0.9036
7
0122	0.1495	0.9750	0.3679	0.9040	0.1220s	0.3267	0.9070	0.9023
8
0123	0.1561	0.9833	0.3687	0.9060	0.1253s	0.3311	0.9080	0.9034
9
0124	0.1651	0.9667	0.3714	0.9000	0.1201s	0.3360	0.9120	0.9077
10
0125	0.1385	0.9750	0.3776	0.8940	0.1199s	0.3441	0.9110	0.9059
11
0126	0.1368	0.9667	0.3824	0.8900	0.1225s	0.3497	0.9140	0.9091
12
0127	0.1527	0.9833	0.3842	0.8880	0.1221s	0.3515	0.9140	0.9091
13
0128	0.1528	0.9583	0.3789	0.8940	0.1217s	0.3463	0.9150	0.9104
14
0129	0.1528	0.9833	0.3734	0.9000	0.1220s	0.3400	0.9150	0.9108
15
0130	0.1513	0.9750	0.3734	0.8980	0.1061s	0.3389	0.9090	0.9041
16
0131	0.1265	0.9917	0.3777	0.8980	0.1150s	0.3428	0.9060	0.9007
17
0132	0.1319	0.9917	0.3813	0.8940	0.1224s	0.3479	0.9050	0.8996
18
0133	0.1367	0.9583	0.3799	0.8900	0.1224s	0.3501	0.9040	0.8986
19
0134	0.1398	0.9750	0.3770	0.8920	0.1223s	0.3508	0.9080	0.9031
20
0135	0.1278	0.9667	0.3740	0.8960	0.1223s	0.3506	0.9090	0.9042
21
0136	0.1372	0.9833	0.3736	0.9000	0.1220s	0.3519	0.9130	0.9082
22
0137	0.1208	0.9917	0.3744	0.9000	0.1221s	0.3533	0.9120	0.9071
23
0138	0.1457	0.9833	0.3783	0.9020	0.1199s	0.3567	0.9090	0.9037
24
0139	0.1448	0.9917	0.3858	0.8900	0.1135s	0.3636	0.9070	0.9014
25
0140	0.1189	0.9833	0.3844	0.8920	0.1190s	0.3625	0.9060	0.9003
26
0141	0.1350	0.9667	0.3763	0.8980	0.1184s	0.3542	0.9070	0.9020
27
0142	0.1423	1.0000	0.3700	0.9020	0.1281s	0.3477	0.9070	0.9018
28
0143	0.1264	0.9917	0.3661	0.9080	0.1249s	0.3441	0.9110	0.9062
29
0144	0.1629	0.9583	0.3643	0.9100	0.1185s	0.3447	0.9120	0.9072
30
0145	0.1403	0.9917	0.3649	0.9080	0.1121s	0.3483	0.9110	0.9063
31
0146	0.1258	0.9667	0.3668	0.9020	0.1050s	0.3534	0.9100	0.9052
32
0147	0.1420	0.9917	0.3722	0.9000	0.1189s	0.3602	0.9090	0.9040
33
0148	0.1093	1.0000	0.3751	0.8980	0.1221s	0.3644	0.9090	0.9040
34
0149	0.1488	1.0000	0.3757	0.8980	0.1214s	0.3645	0.9090	0.9040
35
0150	0.1442	0.9917	0.3755	0.8960	0.1221s	0.3636	0.9080	0.9027
36
0151	0.1230	0.9750	0.3724	0.8980	0.1167s	0.3598	0.9090	0.9038
37
0152	0.1321	0.9750	0.3674	0.9060	0.1299s	0.3550	0.9080	0.9028
38
0153	0.1235	0.9833	0.3638	0.9060	0.1224s	0.3531	0.9070	0.9019
39
0154	0.1589	0.9750	0.3678	0.9020	0.1222s	0.3601	0.9040	0.8986
0
0155	0.1434	0.9750	0.3739	0.8980	0.1223s	0.3686	0.9020	0.8964
1
0156	0.1370	0.9917	0.3792	0.8980	0.1224s	0.3766	0.9050	0.8999
2
0157	0.1228	1.0000	0.3817	0.8960	0.1221s	0.3814	0.9020	0.8966
3
0158	0.1292	1.0000	0.3739	0.8980	0.1225s	0.3747	0.9070	0.9023
4
0159	0.1386	0.9833	0.3654	0.9000	0.1221s	0.3675	0.9100	0.9053
5
0160	0.1275	0.9833	0.3612	0.9080	0.1222s	0.3638	0.9120	0.9076
6
0161	0.1319	0.9917	0.3598	0.9100	0.1225s	0.3617	0.9100	0.9056
0
0162	0.1472	0.9667	0.3585	0.9120	0.1222s	0.3582	0.9100	0.9056
0
0163	0.1478	0.9750	0.3595	0.9080	0.1220s	0.3575	0.9100	0.9055
0
0164	0.1414	0.9750	0.3639	0.9040	0.1160s	0.3610	0.9120	0.9075
1
0165	0.1254	0.9667	0.3698	0.9000	0.1042s	0.3656	0.9110	0.9065
2
0166	0.1303	0.9917	0.3811	0.9000	0.1225s	0.3749	0.9080	0.9030
3
0167	0.1239	0.9750	0.3898	0.8980	0.1223s	0.3825	0.9050	0.8996
4
0168	0.1269	0.9917	0.3854	0.8980	0.1226s	0.3786	0.9050	0.8997
5
0169	0.1368	1.0000	0.3726	0.9000	0.1217s	0.3664	0.9130	0.9084
6
0170	0.1351	0.9750	0.3645	0.9040	0.1200s	0.3575	0.9090	0.9042
7
0171	0.1395	0.9750	0.3606	0.9080	0.1227s	0.3529	0.9120	0.9075
8
0172	0.1434	1.0000	0.3608	0.9120	0.1218s	0.3546	0.9140	0.9096
9
0173	0.1470	0.9917	0.3654	0.9060	0.1254s	0.3621	0.9130	0.9089
10
0174	0.1283	0.9750	0.3772	0.9000	0.0976s	0.3750	0.9090	0.9041
11
0175	0.1336	0.9833	0.3849	0.8960	0.1068s	0.3807	0.9050	0.8995
12
0176	0.1371	0.9750	0.3895	0.8940	0.1220s	0.3825	0.9020	0.8965
13
0177	0.1272	1.0000	0.3846	0.8920	0.1226s	0.3751	0.9020	0.8960
14
0178	0.1609	0.9500	0.3670	0.9080	0.1217s	0.3569	0.9050	0.8995
15
0179	0.1319	1.0000	0.3581	0.9080	0.1222s	0.3469	0.9120	0.9072
16
0180	0.1377	0.9917	0.3553	0.9100	0.1218s	0.3434	0.9130	0.9083
0
0181	0.1324	0.9917	0.3522	0.9080	0.1221s	0.3446	0.9160	0.9120
0
0182	0.1214	0.9833	0.3520	0.9080	0.1227s	0.3491	0.9140	0.9094
0
0183	0.1346	0.9750	0.3553	0.9060	0.1196s	0.3576	0.9110	0.9063
0
0184	0.1588	0.9833	0.3561	0.9020	0.1221s	0.3620	0.9080	0.9027
1
0185	0.1300	0.9917	0.3577	0.9000	0.1218s	0.3640	0.9080	0.9028
2
0186	0.1206	0.9833	0.3567	0.9040	0.1222s	0.3618	0.9110	0.9062
3
0187	0.1260	0.9917	0.3553	0.9080	0.1226s	0.3579	0.9110	0.9056
4
0188	0.1364	0.9833	0.3567	0.9100	0.1294s	0.3555	0.9080	0.9026
5
0189	0.1315	0.9750	0.3624	0.9100	0.1156s	0.3566	0.9080	0.9034
6
0190	0.1403	0.9833	0.3688	0.9020	0.1062s	0.3603	0.9060	0.9015
7
0191	0.1252	0.9750	0.3696	0.9020	0.1043s	0.3602	0.9040	0.8992
8
0192	0.1678	0.9083	0.3633	0.9120	0.1047s	0.3562	0.9080	0.9035
9
0193	0.1562	0.9750	0.3555	0.9100	0.1183s	0.3529	0.9080	0.9030
10
0194	0.1587	0.9667	0.3526	0.9100	0.1218s	0.3561	0.9040	0.8986
11
0195	0.1322	0.9833	0.3553	0.9060	0.1218s	0.3599	0.9030	0.8980
12
0196	0.1366	0.9750	0.3514	0.9120	0.1225s	0.3534	0.9050	0.8996
13
0197	0.1360	1.0000	0.3503	0.9080	0.1227s	0.3474	0.9070	0.9023
0
0198	0.1251	0.9833	0.3549	0.9020	0.1222s	0.3475	0.9080	0.9036
0
0199	0.1420	0.9917	0.3605	0.9000	0.1220s	0.3483	0.9070	0.9023
1
0200	0.1383	0.9917	0.3659	0.8980	0.1219s	0.3518	0.9050	0.9001
2
0201	0.1326	0.9583	0.3686	0.8980	0.1223s	0.3538	0.9040	0.8990
3
0202	0.1499	0.9667	0.3745	0.9000	0.1219s	0.3613	0.8990	0.8928
4
0203	0.1314	0.9833	0.3764	0.9000	0.1223s	0.3659	0.8960	0.8895
5
0204	0.1484	0.9833	0.3711	0.9000	0.1217s	0.3627	0.8960	0.8896
6
0205	0.1249	0.9667	0.3645	0.9060	0.1223s	0.3555	0.9000	0.8945
7
0206	0.1133	0.9917	0.3607	0.9060	0.1217s	0.3517	0.9030	0.8980
8
0207	0.1286	0.9917	0.3587	0.9060	0.1047s	0.3494	0.9060	0.9016
9
0208	0.1292	0.9917	0.3594	0.9040	0.1190s	0.3495	0.9060	0.9016
10
0209	0.1241	0.9917	0.3595	0.9040	0.1216s	0.3479	0.9060	0.9014
11
0210	0.1229	0.9833	0.3611	0.9080	0.1197s	0.3480	0.9060	0.9012
12
0211	0.1322	0.9833	0.3657	0.9040	0.1223s	0.3490	0.9080	0.9028
13
0212	0.1264	0.9917	0.3719	0.9060	0.1220s	0.3518	0.9080	0.9026
14
0213	0.1555	0.9750	0.3821	0.9000	0.1050s	0.3591	0.9090	0.9036
15
0214	0.1317	0.9833	0.3869	0.8980	0.1223s	0.3628	0.9110	0.9057
16
0215	0.1274	0.9750	0.3874	0.9020	0.1250s	0.3628	0.9100	0.9045
17
0216	0.1451	0.9750	0.3858	0.9020	0.1220s	0.3604	0.9070	0.9018
18
0217	0.1359	0.9833	0.3843	0.9040	0.1221s	0.3593	0.9070	0.9022
19
0218	0.1333	0.9750	0.3856	0.9000	0.1265s	0.3610	0.9030	0.8982
20
0219	0.1232	0.9917	0.3845	0.9040	0.1221s	0.3604	0.9050	0.9003
21
0220	0.1247	0.9917	0.3838	0.9000	0.1219s	0.3605	0.9070	0.9026
22
0221	0.1560	0.9833	0.3827	0.8980	0.1227s	0.3577	0.9080	0.9038
23
0222	0.1466	0.9583	0.3818	0.9020	0.1229s	0.3553	0.9110	0.9067
24
0223	0.1155	0.9833	0.3813	0.9080	0.1223s	0.3523	0.9130	0.9087
25
0224	0.1295	0.9750	0.3826	0.9100	0.1223s	0.3516	0.9120	0.9076
26
0225	0.1366	0.9583	0.3855	0.9080	0.1225s	0.3541	0.9100	0.9053
27
0226	0.1228	0.9833	0.3874	0.9080	0.1224s	0.3563	0.9070	0.9019
28
0227	0.1254	1.0000	0.3901	0.9000	0.1222s	0.3606	0.9060	0.9005
29
0228	0.1386	0.9833	0.3936	0.9020	0.1221s	0.3655	0.9050	0.8995
30
0229	0.1150	0.9917	0.3923	0.9020	0.1221s	0.3649	0.9070	0.9019
31
0230	0.1204	0.9917	0.3910	0.9020	0.1226s	0.3647	0.9060	0.9009
32
0231	0.1272	0.9750	0.3885	0.9020	0.1216s	0.3634	0.9050	0.8999
33
0232	0.1382	0.9750	0.3884	0.9040	0.1218s	0.3634	0.9070	0.9021
34
0233	0.1337	0.9833	0.3884	0.9040	0.1222s	0.3621	0.9100	0.9053
35
0234	0.1483	0.9750	0.3877	0.9040	0.1219s	0.3603	0.9090	0.9044
36
0235	0.1222	0.9917	0.3851	0.9040	0.1236s	0.3575	0.9120	0.9078
37
0236	0.1546	0.9917	0.3833	0.9040	0.1234s	0.3573	0.9110	0.9067
38
0237	0.1476	0.9917	0.3815	0.9040	0.1231s	0.3574	0.9090	0.9043
39
0238	0.1360	0.9917	0.3816	0.9040	0.1228s	0.3591	0.9100	0.9053
40
0239	0.1220	1.0000	0.3838	0.9060	0.1229s	0.3626	0.9100	0.9050
41
0240	0.1556	1.0000	0.3792	0.9060	0.1126s	0.3577	0.9090	0.9043
42
0241	0.1312	0.9833	0.3766	0.9060	0.1219s	0.3551	0.9110	0.9065
43
0242	0.1202	0.9917	0.3758	0.9040	0.1222s	0.3535	0.9110	0.9064
44
0243	0.1317	0.9750	0.3801	0.9000	0.1227s	0.3568	0.9060	0.9009
45
0244	0.1490	0.9500	0.3811	0.9020	0.1219s	0.3559	0.9090	0.9043
46
0245	0.1241	0.9833	0.3770	0.9020	0.1226s	0.3503	0.9100	0.9056
47
0246	0.1458	0.9917	0.3730	0.9020	0.1215s	0.3441	0.9100	0.9053
48
0247	0.1469	0.9833	0.3714	0.9020	0.1224s	0.3420	0.9110	0.9064
49
0248	0.1265	0.9917	0.3716	0.9020	0.1225s	0.3424	0.9140	0.9097
50
0249	0.1383	1.0000	0.3743	0.9040	0.1230s	0.3456	0.9160	0.9117
51
0250	0.1397	0.9917	0.3808	0.9020	0.1236s	0.3540	0.9140	0.9092
52
0251	0.1274	0.9917	0.3872	0.9000	0.1218s	0.3610	0.9090	0.9034
53
0252	0.1603	0.9583	0.3831	0.9020	0.1230s	0.3562	0.9080	0.9029
54
0253	0.1519	0.9833	0.3746	0.9040	0.1233s	0.3453	0.9110	0.9065
55
0254	0.1462	0.9917	0.3707	0.9040	0.1223s	0.3375	0.9110	0.9066
56
0255	0.1215	1.0000	0.3718	0.9020	0.1223s	0.3355	0.9130	0.9088
57
0256	0.1525	0.9750	0.3750	0.9020	0.1236s	0.3375	0.9120	0.9074
58
0257	0.1226	0.9833	0.3775	0.9060	0.1220s	0.3408	0.9110	0.9066
59
0258	0.1457	0.9833	0.3765	0.9040	0.1218s	0.3431	0.9130	0.9087
60
0259	0.1485	0.9917	0.3765	0.9020	0.1235s	0.3479	0.9130	0.9086
61
0260	0.1351	0.9833	0.3797	0.9020	0.1215s	0.3563	0.9080	0.9029
62
0261	0.1313	0.9833	0.3781	0.9000	0.1222s	0.3589	0.9080	0.9032
63
0262	0.1218	0.9917	0.3758	0.8960	0.1238s	0.3596	0.9080	0.9032
64
0263	0.1373	0.9833	0.3755	0.8980	0.1265s	0.3611	0.9070	0.9023
65
0264	0.1330	0.9917	0.3746	0.9020	0.1221s	0.3590	0.9070	0.9021
66
0265	0.1363	0.9750	0.3732	0.9020	0.1222s	0.3536	0.9070	0.9025
67
0266	0.1451	0.9750	0.3777	0.9060	0.1224s	0.3547	0.9150	0.9109
68
0267	0.1348	0.9917	0.3838	0.9020	0.1249s	0.3578	0.9120	0.9077
69
0268	0.1263	0.9917	0.3907	0.8980	0.1222s	0.3624	0.9060	0.9012
70
0269	0.1344	0.9833	0.3903	0.9000	0.1232s	0.3608	0.9070	0.9022
71
0270	0.1335	1.0000	0.3866	0.9060	0.1219s	0.3566	0.9090	0.9047
72
0271	0.1421	0.9917	0.3843	0.9020	0.1232s	0.3550	0.9100	0.9059
73
0272	0.1481	0.9583	0.3808	0.9020	0.1219s	0.3529	0.9080	0.9033
74
0273	0.1406	0.9750	0.3837	0.8980	0.1195s	0.3586	0.9040	0.8985
75
0274	0.1291	0.9500	0.3910	0.8960	0.1044s	0.3674	0.9020	0.8965
76
0275	0.1280	0.9833	0.3979	0.8960	0.1209s	0.3734	0.8970	0.8915
77
0276	0.1366	0.9833	0.3978	0.9000	0.1221s	0.3716	0.9010	0.8956
78
0277	0.1257	0.9833	0.3949	0.9000	0.1222s	0.3671	0.9030	0.8973
79
0278	0.1312	0.9667	0.3926	0.9060	0.1235s	0.3611	0.9050	0.8997
80
0279	0.1431	1.0000	0.3891	0.9060	0.1214s	0.3548	0.9080	0.9035
81
0280	0.1407	0.9750	0.3891	0.9040	0.1257s	0.3532	0.9090	0.9049
82
0281	0.1308	0.9750	0.3875	0.9060	0.1200s	0.3524	0.9110	0.9067
83
0282	0.1293	0.9667	0.3857	0.9040	0.1230s	0.3546	0.9100	0.9055
84
0283	0.1458	0.9833	0.3914	0.8980	0.1242s	0.3660	0.9030	0.8976
85
0284	0.1295	0.9667	0.3980	0.8980	0.1214s	0.3758	0.8970	0.8913
86
0285	0.1341	0.9667	0.3986	0.8960	0.1230s	0.3775	0.8960	0.8898
87
0286	0.1237	0.9917	0.3932	0.8980	0.1241s	0.3717	0.9000	0.8942
88
0287	0.1349	1.0000	0.3846	0.9020	0.1215s	0.3620	0.9060	0.9007
89
0288	0.1219	1.0000	0.3777	0.9060	0.1266s	0.3517	0.9100	0.9052
90
0289	0.1364	0.9833	0.3741	0.9060	0.1222s	0.3464	0.9080	0.9030
91
0290	0.1404	0.9667	0.3734	0.9020	0.1221s	0.3453	0.9090	0.9043
92
0291	0.1439	0.9667	0.3727	0.9020	0.1258s	0.3456	0.9070	0.9019
93
0292	0.1258	0.9750	0.3721	0.9020	0.1211s	0.3483	0.9090	0.9040
94
0293	0.1220	1.0000	0.3757	0.9040	0.1220s	0.3551	0.9070	0.9017
95
0294	0.1304	0.9833	0.3752	0.9040	0.1228s	0.3581	0.9040	0.8984
96
0295	0.1456	0.9833	0.3766	0.9020	0.1223s	0.3629	0.9070	0.9017
97
0296	0.1458	0.9667	0.3760	0.9020	0.1223s	0.3623	0.9060	0.9007
98
0297	0.1337	0.9833	0.3711	0.9060	0.1236s	0.3552	0.9090	0.9041
99
0298	0.1378	0.9917	0.3671	0.9120	0.1183s	0.3482	0.9080	0.9036
100
0299	0.1386	0.9750	0.3683	0.9040	0.1218s	0.3432	0.9130	0.9090
101
0300	0.1455	0.9917	0.3723	0.9040	0.1231s	0.3448	0.9130	0.9088
102
0301	0.1176	1.0000	0.3754	0.9040	0.1222s	0.3472	0.9160	0.9117
103
0302	0.1328	0.9667	0.3761	0.9020	0.1225s	0.3507	0.9160	0.9117
104
0303	0.1365	0.9833	0.3807	0.9040	0.1234s	0.3610	0.9090	0.9039
105
0304	0.1306	0.9833	0.3865	0.9000	0.1215s	0.3711	0.9000	0.8944
106
0305	0.1259	0.9750	0.3885	0.8980	0.1218s	0.3751	0.8990	0.8928
107
0306	0.1404	0.9667	0.3853	0.8940	0.1224s	0.3707	0.8980	0.8921
108
0307	0.1392	0.9667	0.3824	0.8980	0.1222s	0.3638	0.9050	0.9001
109
0308	0.1221	0.9833	0.3816	0.9020	0.1226s	0.3588	0.9020	0.8967
110
0309	0.1131	0.9917	0.3782	0.9080	0.1048s	0.3534	0.9030	0.8979
111
0310	0.1076	0.9917	0.3776	0.9000	0.1056s	0.3511	0.9050	0.9001
112
0311	0.1306	0.9833	0.3765	0.9060	0.1158s	0.3502	0.9050	0.9001
113
0312	0.1378	0.9833	0.3752	0.9040	0.1090s	0.3508	0.9060	0.9012
114
0313	0.1291	0.9833	0.3763	0.9040	0.1234s	0.3544	0.9050	0.9002
115
0314	0.1274	0.9667	0.3753	0.9000	0.1223s	0.3571	0.9080	0.9036
116
0315	0.1311	1.0000	0.3772	0.9000	0.1215s	0.3631	0.9040	0.8990
117
0316	0.1216	0.9583	0.3786	0.9060	0.1220s	0.3677	0.9040	0.8995
118
0317	0.1604	0.9750	0.3789	0.9040	0.1229s	0.3692	0.9030	0.8984
119
0318	0.1754	1.0000	0.3762	0.9040	0.1227s	0.3670	0.9050	0.9004
120
0319	0.1442	0.9583	0.3717	0.9020	0.1225s	0.3602	0.9070	0.9024
121
0320	0.1153	0.9667	0.3720	0.9060	0.1224s	0.3584	0.9060	0.9010
122
0321	0.1436	0.9917	0.3722	0.9040	0.1218s	0.3559	0.9060	0.9013
123
0322	0.1180	0.9833	0.3748	0.9060	0.1219s	0.3570	0.9050	0.9001
124
0323	0.1273	0.9917	0.3771	0.9040	0.1229s	0.3580	0.9040	0.8990
125
0324	0.1302	0.9833	0.3756	0.9020	0.1220s	0.3569	0.9050	0.9001
126
0325	0.1376	0.9833	0.3727	0.9020	0.1222s	0.3561	0.9060	0.9014
127
0326	0.1221	0.9833	0.3713	0.8940	0.1258s	0.3578	0.9040	0.8991
128
0327	0.1326	0.9833	0.3695	0.9040	0.1227s	0.3581	0.9060	0.9010
129
0328	0.1282	1.0000	0.3697	0.9020	0.1228s	0.3586	0.9060	0.9010
130
0329	0.1426	0.9833	0.3672	0.9020	0.1222s	0.3552	0.9090	0.9044
131
0330	0.1538	0.9833	0.3640	0.9060	0.1229s	0.3491	0.9140	0.9097
132
0331	0.1344	0.9833	0.3640	0.9040	0.1222s	0.3469	0.9150	0.9105
133
0332	0.1219	0.9500	0.3668	0.9020	0.1220s	0.3483	0.9140	0.9095
134
0333	0.1441	0.9750	0.3682	0.9020	0.1223s	0.3506	0.9120	0.9072
135
0334	0.1328	0.9833	0.3685	0.9020	0.1174s	0.3514	0.9090	0.9042
136
0335	0.1314	0.9583	0.3668	0.9020	0.0979s	0.3512	0.9090	0.9042
137
0336	0.1319	0.9667	0.3620	0.9100	0.1141s	0.3489	0.9130	0.9085
138
0337	0.1094	0.9917	0.3594	0.9080	0.1221s	0.3489	0.9130	0.9086
139
0338	0.1260	0.9833	0.3584	0.9040	0.1226s	0.3497	0.9160	0.9119
140
0339	0.1214	0.9917	0.3616	0.9020	0.1225s	0.3548	0.9110	0.9068
141
0340	0.1257	0.9917	0.3643	0.9020	0.1051s	0.3584	0.9100	0.9059
142
0341	0.1586	0.9667	0.3627	0.9060	0.1222s	0.3584	0.9100	0.9058
143
0342	0.1170	0.9833	0.3631	0.9060	0.1162s	0.3581	0.9100	0.9051
144
0343	0.1154	0.9833	0.3660	0.9040	0.1047s	0.3591	0.9090	0.9040
145
0344	0.1439	0.9750	0.3693	0.9080	0.1151s	0.3589	0.9080	0.9028
146
0345	0.1211	0.9917	0.3716	0.9100	0.1202s	0.3570	0.9060	0.9009
147
0346	0.1629	0.9583	0.3653	0.9100	0.1176s	0.3484	0.9100	0.9053
148
0347	0.1540	0.9833	0.3576	0.9060	0.1200s	0.3402	0.9110	0.9068
149
0348	0.1426	0.9583	0.3553	0.9080	0.1177s	0.3386	0.9140	0.9101
150
0349	0.1518	0.9833	0.3557	0.9080	0.1225s	0.3413	0.9150	0.9112
151
0350	0.1465	0.9750	0.3601	0.9100	0.1150s	0.3501	0.9150	0.9112
152
0351	0.1321	0.9750	0.3659	0.9080	0.1174s	0.3584	0.9120	0.9076
153
0352	0.1292	0.9833	0.3772	0.8980	0.1220s	0.3703	0.8990	0.8940
154
0353	0.1450	0.9917	0.3847	0.9040	0.1200s	0.3737	0.8980	0.8927
155
0354	0.1706	0.9500	0.3885	0.8960	0.1200s	0.3729	0.8970	0.8910
156
0355	0.1221	0.9750	0.3866	0.9040	0.1235s	0.3671	0.8940	0.8872
157
0356	0.1372	0.9833	0.3804	0.9060	0.1201s	0.3592	0.8960	0.8900
158
0357	0.1378	0.9750	0.3718	0.9100	0.1225s	0.3479	0.9010	0.8956
159
0358	0.1352	0.9750	0.3660	0.9060	0.1194s	0.3413	0.9050	0.9004
160
0359	0.1462	0.9583	0.3633	0.9100	0.1089s	0.3401	0.9140	0.9101
161
0360	0.1273	0.9667	0.3641	0.9100	0.1203s	0.3439	0.9090	0.9046
162
0361	0.1308	0.9583	0.3654	0.9080	0.1222s	0.3468	0.9080	0.9033
163
0362	0.1216	0.9833	0.3684	0.9040	0.1227s	0.3510	0.9070	0.9022
164
0363	0.1456	0.9833	0.3721	0.9060	0.1193s	0.3547	0.9060	0.9012
165
0364	0.1570	0.9833	0.3786	0.9000	0.1074s	0.3603	0.9020	0.8967
166
0365	0.1391	0.9750	0.3819	0.9060	0.1157s	0.3620	0.8960	0.8904
167
0366	0.1317	0.9667	0.3827	0.9040	0.1046s	0.3634	0.8900	0.8834
168
0367	0.1319	0.9750	0.3824	0.9040	0.1173s	0.3653	0.8880	0.8818
169
0368	0.1472	0.9750	0.3769	0.9020	0.1192s	0.3619	0.8970	0.8913
170
0369	0.1256	0.9833	0.3731	0.9020	0.1223s	0.3598	0.9040	0.8986
171
0370	0.1441	0.9750	0.3711	0.9000	0.1184s	0.3580	0.9050	0.8998
172
0371	0.1477	0.9750	0.3679	0.8980	0.1194s	0.3544	0.9090	0.9042
173
0372	0.1459	0.9833	0.3676	0.9000	0.1208s	0.3536	0.9070	0.9020
174
0373	0.1213	0.9750	0.3663	0.9020	0.1219s	0.3522	0.9070	0.9018
175
0374	0.1314	0.9833	0.3653	0.9060	0.1080s	0.3506	0.9090	0.9042
176
0375	0.1299	0.9917	0.3639	0.9040	0.1136s	0.3476	0.9050	0.9000
177
0376	0.1221	0.9750	0.3679	0.9040	0.1222s	0.3500	0.9020	0.8969
178
0377	0.1375	0.9833	0.3732	0.9020	0.1128s	0.3542	0.9030	0.8979
179
0378	0.1373	0.9833	0.3747	0.9000	0.1196s	0.3559	0.8990	0.8939
180
0379	0.1466	0.9833	0.3709	0.8980	0.1198s	0.3557	0.9010	0.8957
181
0380	0.1240	0.9917	0.3676	0.9000	0.1200s	0.3554	0.9050	0.9001
182
0381	0.1180	0.9750	0.3646	0.8980	0.1176s	0.3533	0.9050	0.8999
183
0382	0.1198	0.9833	0.3609	0.9020	0.1174s	0.3491	0.9100	0.9056
184
0383	0.1481	0.9583	0.3580	0.9020	0.1049s	0.3440	0.9120	0.9077
185
0384	0.1329	0.9667	0.3576	0.9060	0.1150s	0.3414	0.9100	0.9052
186
0385	0.1265	1.0000	0.3602	0.9040	0.1166s	0.3416	0.9060	0.9010
187
0386	0.1479	0.9750	0.3647	0.9000	0.1200s	0.3435	0.9070	0.9018
188
0387	0.1387	0.9750	0.3699	0.9040	0.1225s	0.3482	0.9070	0.9017
189
0388	0.1351	0.9833	0.3734	0.9000	0.1203s	0.3532	0.9040	0.8986
190
0389	0.1288	0.9833	0.3692	0.9020	0.1178s	0.3506	0.9070	0.9019
191
0390	0.1288	0.9917	0.3654	0.9040	0.1201s	0.3468	0.9120	0.9073
192
0391	0.1289	0.9833	0.3609	0.9000	0.1231s	0.3411	0.9130	0.9087
193
0392	0.1261	0.9833	0.3589	0.8960	0.1227s	0.3368	0.9140	0.9097
194
0393	0.1316	0.9833	0.3590	0.9000	0.1140s	0.3358	0.9130	0.9085
195
0394	0.1401	0.9750	0.3615	0.9000	0.1178s	0.3361	0.9100	0.9053
196
0395	0.1551	1.0000	0.3654	0.8980	0.1222s	0.3389	0.9100	0.9053
197
0396	0.1118	1.0000	0.3695	0.9000	0.1202s	0.3414	0.9090	0.9039
198
0397	0.1660	0.9500	0.3725	0.8980	0.1197s	0.3440	0.9070	0.9018
199
Early stop! Min loss:0.3502691090106964,  Max accuracy:0.914
Early stop model validation loss:0.3502691090106964,  accuracy:0.908
Optimization Finished!
Total time elapsed: 48.3160s
test max acc:0.9160
Loading 196th epoch
stru_node_to_hop attention:tensor([[0.2479, 0.2512, 0.2505, 0.2504],
        [0.2497, 0.2502, 0.2501, 0.2501],
        [0.2487, 0.2507, 0.2503, 0.2503],
        [0.2490, 0.2509, 0.2501, 0.2500],
        [0.2504, 0.2500, 0.2498, 0.2497],
        [0.2493, 0.2499, 0.2504, 0.2505],
        [0.2489, 0.2507, 0.2502, 0.2502],
        [0.2493, 0.2503, 0.2502, 0.2502],
        [0.2492, 0.2506, 0.2501, 0.2500],
        [0.2484, 0.2503, 0.2506, 0.2507],
        [0.2494, 0.2503, 0.2502, 0.2502],
        [0.2496, 0.2504, 0.2500, 0.2500],
        [0.2500, 0.2500, 0.2500, 0.2500],
        [0.2503, 0.2500, 0.2500, 0.2498],
        [0.2481, 0.2512, 0.2504, 0.2503],
        [0.2502, 0.2504, 0.2498, 0.2495],
        [0.2481, 0.2510, 0.2505, 0.2504],
        [0.2488, 0.2512, 0.2501, 0.2499],
        [0.2500, 0.2500, 0.2500, 0.2500],
        [0.2504, 0.2503, 0.2498, 0.2495],
        [0.2500, 0.2500, 0.2500, 0.2500],
        [0.2473, 0.2524, 0.2503, 0.2500],
        [0.2494, 0.2501, 0.2502, 0.2502],
        [0.2489, 0.2507, 0.2502, 0.2502],
        [0.2500, 0.2500, 0.2500, 0.2500],
        [0.2484, 0.2510, 0.2504, 0.2502],
        [0.2499, 0.2504, 0.2500, 0.2498],
        [0.2484, 0.2509, 0.2505, 0.2502],
        [0.2503, 0.2499, 0.2499, 0.2499],
        [0.2505, 0.2501, 0.2497, 0.2497],
        [0.2484, 0.2508, 0.2505, 0.2503],
        [0.2508, 0.2498, 0.2498, 0.2497],
        [0.2499, 0.2501, 0.2500, 0.2500],
        [0.2493, 0.2504, 0.2502, 0.2501],
        [0.2497, 0.2499, 0.2502, 0.2502],
        [0.2503, 0.2500, 0.2499, 0.2498],
        [0.2494, 0.2505, 0.2502, 0.2499],
        [0.2501, 0.2496, 0.2501, 0.2502],
        [0.2493, 0.2503, 0.2502, 0.2501],
        [0.2511, 0.2501, 0.2495, 0.2492],
        [0.2502, 0.2499, 0.2500, 0.2499],
        [0.2497, 0.2503, 0.2501, 0.2499],
        [0.2491, 0.2507, 0.2502, 0.2501],
        [0.2499, 0.2500, 0.2500, 0.2500],
        [0.2481, 0.2510, 0.2506, 0.2504],
        [0.1708, 0.1907, 0.2724, 0.3660],
        [0.2494, 0.2502, 0.2503, 0.2501],
        [0.2486, 0.2508, 0.2504, 0.2502],
        [0.2500, 0.2496, 0.2503, 0.2502],
        [0.2500, 0.2500, 0.2500, 0.2500],
        [0.2493, 0.2504, 0.2502, 0.2501],
        [0.2500, 0.2501, 0.2500, 0.2500],
        [0.2500, 0.2500, 0.2500, 0.2500],
        [0.2502, 0.2501, 0.2499, 0.2498],
        [0.2465, 0.2518, 0.2508, 0.2509],
        [0.2483, 0.2510, 0.2503, 0.2504],
        [0.2505, 0.2501, 0.2498, 0.2496],
        [0.2503, 0.2499, 0.2499, 0.2499],
        [0.2482, 0.2515, 0.2504, 0.2500],
        [0.2488, 0.2509, 0.2503, 0.2501],
        [0.2488, 0.2511, 0.2503, 0.2499],
        [0.2493, 0.2505, 0.2501, 0.2501],
        [0.2494, 0.2511, 0.2499, 0.2497],
        [0.2498, 0.2487, 0.2504, 0.2511],
        [0.2500, 0.2501, 0.2500, 0.2499],
        [0.2501, 0.2498, 0.2501, 0.2500],
        [0.2496, 0.2505, 0.2501, 0.2498],
        [0.2490, 0.2499, 0.2505, 0.2506],
        [0.2499, 0.2500, 0.2500, 0.2500],
        [0.2489, 0.2505, 0.2503, 0.2503],
        [0.2489, 0.2509, 0.2501, 0.2500],
        [0.2486, 0.2504, 0.2505, 0.2505],
        [0.2494, 0.2504, 0.2502, 0.2500],
        [0.2494, 0.2513, 0.2499, 0.2494],
        [0.2499, 0.2500, 0.2500, 0.2500],
        [0.2489, 0.2506, 0.2503, 0.2502],
        [0.2521, 0.2501, 0.2492, 0.2486],
        [0.2500, 0.2494, 0.2502, 0.2504],
        [0.2499, 0.2501, 0.2500, 0.2500],
        [0.2489, 0.2504, 0.2504, 0.2504],
        [0.2497, 0.2504, 0.2500, 0.2498],
        [0.2494, 0.2504, 0.2502, 0.2501],
        [0.2508, 0.2495, 0.2499, 0.2497],
        [0.2496, 0.2502, 0.2501, 0.2501],
        [0.2498, 0.2503, 0.2500, 0.2499],
        [0.2487, 0.2505, 0.2504, 0.2504],
        [0.2488, 0.2505, 0.2503, 0.2503],
        [0.2468, 0.2516, 0.2509, 0.2507],
        [0.2497, 0.2513, 0.2498, 0.2492],
        [0.2506, 0.2500, 0.2498, 0.2497],
        [0.2509, 0.2497, 0.2497, 0.2497],
        [0.2493, 0.2504, 0.2502, 0.2501],
        [0.2500, 0.2500, 0.2500, 0.2500],
        [0.2477, 0.2511, 0.2507, 0.2505],
        [0.2508, 0.2497, 0.2498, 0.2498],
        [0.2498, 0.2501, 0.2501, 0.2500],
        [0.2487, 0.2510, 0.2502, 0.2501],
        [0.2491, 0.2501, 0.2504, 0.2504],
        [0.2496, 0.2503, 0.2501, 0.2501],
        [0.2508, 0.2501, 0.2496, 0.2495]], device='cuda:1')
fea_node_to_hop attention:tensor([[0.3326, 0.3337, 0.3337],
        [0.3321, 0.3338, 0.3341],
        [0.3329, 0.3330, 0.3340],
        [0.3313, 0.3344, 0.3344],
        [0.3340, 0.3322, 0.3338],
        [0.3342, 0.3327, 0.3331],
        [0.3294, 0.3340, 0.3366],
        [0.3315, 0.3347, 0.3337],
        [0.3316, 0.3342, 0.3342],
        [0.3309, 0.3341, 0.3349],
        [0.3345, 0.3324, 0.3332],
        [0.3327, 0.3337, 0.3336],
        [0.3330, 0.3335, 0.3335],
        [0.3310, 0.3341, 0.3349],
        [0.3280, 0.3362, 0.3358],
        [0.3308, 0.3343, 0.3349],
        [0.3307, 0.3337, 0.3356],
        [0.3316, 0.3337, 0.3347],
        [0.3334, 0.3333, 0.3334],
        [0.3321, 0.3332, 0.3348],
        [0.3333, 0.3332, 0.3335],
        [0.3291, 0.3353, 0.3356],
        [0.3322, 0.3338, 0.3339],
        [0.3309, 0.3349, 0.3342],
        [0.3335, 0.3333, 0.3332],
        [0.3310, 0.3343, 0.3346],
        [0.3326, 0.3329, 0.3345],
        [0.3280, 0.3350, 0.3370],
        [0.3332, 0.3331, 0.3337],
        [0.3300, 0.3354, 0.3346],
        [0.3313, 0.3335, 0.3351],
        [0.3334, 0.3323, 0.3342],
        [0.3329, 0.3335, 0.3336],
        [0.3302, 0.3349, 0.3349],
        [0.3341, 0.3329, 0.3331],
        [0.3330, 0.3329, 0.3341],
        [0.3308, 0.3342, 0.3351],
        [0.3346, 0.3323, 0.3331],
        [0.3308, 0.3346, 0.3347],
        [0.3330, 0.3327, 0.3343],
        [0.3330, 0.3331, 0.3338],
        [0.3289, 0.3358, 0.3353],
        [0.3306, 0.3340, 0.3353],
        [0.3331, 0.3335, 0.3334],
        [0.3299, 0.3356, 0.3345],
        [0.3347, 0.3348, 0.3305],
        [0.3314, 0.3339, 0.3347],
        [0.3300, 0.3349, 0.3351],
        [0.3300, 0.3350, 0.3350],
        [0.3332, 0.3334, 0.3334],
        [0.3329, 0.3332, 0.3339],
        [0.3326, 0.3336, 0.3338],
        [0.3332, 0.3334, 0.3334],
        [0.3306, 0.3349, 0.3344],
        [0.3342, 0.3319, 0.3339],
        [0.3338, 0.3321, 0.3340],
        [0.3321, 0.3339, 0.3341],
        [0.3315, 0.3331, 0.3353],
        [0.3326, 0.3323, 0.3351],
        [0.3312, 0.3340, 0.3347],
        [0.3292, 0.3343, 0.3365],
        [0.3306, 0.3333, 0.3361],
        [0.3309, 0.3343, 0.3348],
        [0.3346, 0.3327, 0.3327],
        [0.3326, 0.3335, 0.3340],
        [0.3317, 0.3339, 0.3345],
        [0.3333, 0.3333, 0.3334],
        [0.3327, 0.3328, 0.3345],
        [0.3339, 0.3332, 0.3329],
        [0.3288, 0.3351, 0.3361],
        [0.3315, 0.3342, 0.3343],
        [0.3299, 0.3343, 0.3358],
        [0.3302, 0.3342, 0.3356],
        [0.3301, 0.3325, 0.3375],
        [0.3332, 0.3334, 0.3334],
        [0.3312, 0.3344, 0.3344],
        [0.3296, 0.3343, 0.3362],
        [0.3296, 0.3355, 0.3349],
        [0.3328, 0.3332, 0.3340],
        [0.3309, 0.3344, 0.3347],
        [0.3317, 0.3342, 0.3341],
        [0.3327, 0.3332, 0.3341],
        [0.3309, 0.3349, 0.3341],
        [0.3324, 0.3331, 0.3345],
        [0.3311, 0.3337, 0.3351],
        [0.3320, 0.3330, 0.3349],
        [0.3326, 0.3335, 0.3339],
        [0.3276, 0.3361, 0.3363],
        [0.3319, 0.3328, 0.3353],
        [0.3338, 0.3330, 0.3332],
        [0.3350, 0.3322, 0.3328],
        [0.3305, 0.3340, 0.3356],
        [0.3328, 0.3334, 0.3338],
        [0.3263, 0.3373, 0.3364],
        [0.3342, 0.3328, 0.3330],
        [0.3331, 0.3334, 0.3335],
        [0.3281, 0.3352, 0.3367],
        [0.3332, 0.3331, 0.3337],
        [0.3317, 0.3343, 0.3341],
        [0.3322, 0.3339, 0.3338]], device='cuda:1')
perception attention:tensor([0.5000, 0.5000], device='cuda:1')
Test set results: loss= 0.3474 accuracy= 0.9070 F1_score= 0.9023
