# epoch	loss_train	acc_train	loss_val	acc_val	time	acc_test	f1_test
0001	1.8041	0.2167	1.6820	0.3940	0.1217s	1.6702	0.4050	0.3102
0
0002	1.6766	0.4167	1.5185	0.3940	0.1045s	1.4934	0.3930	0.2882
0
0003	1.5273	0.4333	1.3302	0.5460	0.1217s	1.3001	0.5870	0.5267
0
0004	1.3051	0.5917	1.1258	0.7700	0.1213s	1.0974	0.8050	0.7901
0
0005	1.0984	0.7500	0.9560	0.8660	0.1222s	0.9285	0.8630	0.8561
0
0006	0.9179	0.8583	0.8188	0.8600	0.1225s	0.7951	0.8640	0.8585
0
0007	0.7927	0.8667	0.6970	0.8860	0.1211s	0.6784	0.8760	0.8701
0
0008	0.6234	0.8500	0.6086	0.8840	0.1132s	0.5918	0.8790	0.8731
0
0009	0.5536	0.8833	0.5479	0.8800	0.1221s	0.5332	0.8810	0.8735
0
0010	0.4930	0.9167	0.5025	0.8800	0.1217s	0.4841	0.8920	0.8854
0
0011	0.4328	0.8917	0.4575	0.8860	0.1220s	0.4297	0.9000	0.8939
0
0012	0.3864	0.9250	0.4242	0.8960	0.1226s	0.3896	0.9010	0.8960
0
0013	0.3302	0.9083	0.4100	0.8920	0.1214s	0.3745	0.8960	0.8918
0
0014	0.3678	0.9167	0.3998	0.8780	0.1216s	0.3620	0.8980	0.8930
0
0015	0.2958	0.9500	0.4017	0.8840	0.1219s	0.3618	0.8900	0.8836
0
0016	0.2662	0.9333	0.4067	0.8800	0.1220s	0.3644	0.8860	0.8786
1
0017	0.2964	0.9583	0.4001	0.8840	0.1061s	0.3559	0.8910	0.8833
2
0018	0.2505	0.9250	0.3959	0.8820	0.1218s	0.3502	0.8950	0.8877
3
0019	0.2033	0.9667	0.3924	0.8820	0.1227s	0.3457	0.8980	0.8921
0
0020	0.2248	0.9500	0.3916	0.8920	0.1222s	0.3433	0.8950	0.8899
0
0021	0.2233	0.9667	0.3926	0.8900	0.1223s	0.3434	0.8970	0.8925
0
0022	0.1993	0.9500	0.3902	0.8920	0.1228s	0.3430	0.8950	0.8896
1
0023	0.1839	0.9917	0.3976	0.8880	0.1049s	0.3543	0.8980	0.8920
0
0024	0.2160	0.9500	0.4187	0.8720	0.1221s	0.3799	0.8810	0.8726
1
0025	0.2027	0.9667	0.4426	0.8680	0.1223s	0.4049	0.8760	0.8672
2
0026	0.1906	0.9667	0.4405	0.8720	0.1216s	0.4031	0.8760	0.8671
3
0027	0.1727	0.9833	0.4235	0.8760	0.1226s	0.3856	0.8780	0.8692
4
0028	0.1885	0.9500	0.4116	0.8920	0.1221s	0.3718	0.8900	0.8828
5
0029	0.1717	0.9583	0.4072	0.8980	0.1224s	0.3657	0.8850	0.8781
6
0030	0.1686	0.9750	0.4043	0.9000	0.1223s	0.3616	0.8890	0.8826
0
0031	0.1789	0.9583	0.4026	0.9000	0.1227s	0.3602	0.8890	0.8827
0
0032	0.1819	0.9750	0.4039	0.8960	0.1227s	0.3628	0.8930	0.8874
0
0033	0.1980	0.9333	0.4080	0.8880	0.1225s	0.3680	0.8980	0.8921
1
0034	0.1923	0.9583	0.4139	0.8820	0.1220s	0.3738	0.8950	0.8883
2
0035	0.1884	0.9583	0.4252	0.8820	0.1219s	0.3833	0.8890	0.8808
3
0036	0.1448	0.9750	0.4346	0.8780	0.1224s	0.3921	0.8850	0.8761
4
0037	0.1664	0.9667	0.4324	0.8760	0.1222s	0.3909	0.8840	0.8752
5
0038	0.1811	0.9667	0.4202	0.8820	0.1223s	0.3809	0.8870	0.8787
6
0039	0.1827	0.9750	0.4082	0.8940	0.1225s	0.3703	0.8910	0.8845
7
0040	0.1573	0.9917	0.3981	0.8920	0.1225s	0.3605	0.8920	0.8861
8
0041	0.1594	0.9833	0.3948	0.8940	0.1163s	0.3562	0.8910	0.8854
9
0042	0.1736	0.9750	0.3929	0.8940	0.1247s	0.3543	0.8930	0.8877
10
0043	0.1842	0.9667	0.3912	0.9000	0.1215s	0.3538	0.8940	0.8886
11
0044	0.1719	0.9667	0.3986	0.8920	0.1221s	0.3619	0.8920	0.8853
0
0045	0.1464	0.9917	0.4150	0.8860	0.1224s	0.3781	0.8890	0.8813
1
0046	0.1394	0.9917	0.4299	0.8780	0.1224s	0.3920	0.8860	0.8782
2
0047	0.1670	0.9917	0.4283	0.8780	0.1223s	0.3909	0.8880	0.8799
3
0048	0.1494	0.9750	0.4164	0.8800	0.1216s	0.3801	0.8890	0.8812
4
0049	0.1763	0.9750	0.3976	0.8920	0.1220s	0.3624	0.8930	0.8862
5
0050	0.1493	1.0000	0.3853	0.8980	0.1219s	0.3502	0.8960	0.8906
6
0051	0.1778	0.9750	0.3814	0.8960	0.1224s	0.3468	0.8950	0.8900
0
0052	0.1582	0.9583	0.3822	0.8980	0.1222s	0.3475	0.8980	0.8930
0
0053	0.1785	0.9750	0.3821	0.8980	0.1217s	0.3487	0.8970	0.8919
1
0054	0.1414	0.9917	0.3840	0.9000	0.1221s	0.3516	0.8960	0.8906
2
0055	0.1450	0.9667	0.3898	0.8960	0.1234s	0.3584	0.8980	0.8926
0
0056	0.1435	0.9750	0.4019	0.8860	0.1219s	0.3711	0.8890	0.8823
1
0057	0.1658	0.9667	0.4141	0.8820	0.1224s	0.3828	0.8800	0.8717
2
0058	0.1534	0.9917	0.4165	0.8780	0.1218s	0.3833	0.8810	0.8727
3
0059	0.1729	0.9750	0.4099	0.8840	0.1047s	0.3759	0.8880	0.8800
4
0060	0.1525	0.9750	0.4025	0.8860	0.1219s	0.3680	0.8910	0.8833
5
0061	0.1619	1.0000	0.3948	0.8900	0.1225s	0.3603	0.8970	0.8899
6
0062	0.1578	0.9917	0.3868	0.8920	0.1225s	0.3518	0.9000	0.8936
7
0063	0.1504	0.9750	0.3817	0.8960	0.1220s	0.3454	0.9030	0.8975
8
0064	0.1426	0.9917	0.3803	0.9000	0.1223s	0.3425	0.9020	0.8966
9
0065	0.1482	0.9750	0.3820	0.9020	0.1190s	0.3419	0.9010	0.8954
0
0066	0.1452	0.9750	0.3848	0.8980	0.1044s	0.3452	0.9010	0.8957
0
0067	0.1420	0.9833	0.3887	0.8960	0.1194s	0.3494	0.8970	0.8911
1
0068	0.1540	0.9833	0.3930	0.8960	0.1048s	0.3551	0.8940	0.8877
2
0069	0.1550	0.9667	0.3949	0.8960	0.1211s	0.3577	0.8930	0.8864
3
0070	0.1699	0.9833	0.3929	0.8940	0.1187s	0.3544	0.8930	0.8865
4
0071	0.1463	0.9917	0.3896	0.8960	0.1210s	0.3489	0.8980	0.8918
5
0072	0.1413	0.9750	0.3878	0.8960	0.1046s	0.3448	0.9030	0.8976
6
0073	0.1321	0.9750	0.3886	0.8940	0.1220s	0.3443	0.9000	0.8944
7
0074	0.1640	0.9667	0.3876	0.8960	0.1221s	0.3435	0.9020	0.8965
8
0075	0.1381	0.9833	0.3874	0.8980	0.1220s	0.3441	0.9010	0.8956
9
0076	0.1406	0.9750	0.3906	0.8960	0.1225s	0.3486	0.8950	0.8886
10
0077	0.1613	0.9583	0.3979	0.8920	0.1207s	0.3596	0.8930	0.8864
11
0078	0.1469	0.9917	0.4016	0.8840	0.1220s	0.3678	0.8910	0.8841
12
0079	0.1501	0.9750	0.3979	0.8880	0.1220s	0.3686	0.8930	0.8863
13
0080	0.1811	0.9333	0.3852	0.8940	0.1218s	0.3572	0.8970	0.8911
14
0081	0.1491	1.0000	0.3765	0.8960	0.1216s	0.3477	0.9030	0.8973
15
0082	0.1404	0.9833	0.3722	0.8980	0.1221s	0.3412	0.9040	0.8986
0
0083	0.1497	1.0000	0.3725	0.9040	0.1220s	0.3396	0.9040	0.8985
0
0084	0.1394	1.0000	0.3762	0.9020	0.1221s	0.3421	0.9040	0.8985
0
0085	0.1407	0.9667	0.3808	0.8980	0.1048s	0.3462	0.9030	0.8974
1
0086	0.1479	0.9667	0.3865	0.8900	0.1214s	0.3519	0.9000	0.8937
2
0087	0.1537	0.9917	0.3938	0.8900	0.1236s	0.3586	0.8960	0.8891
3
0088	0.1458	0.9667	0.3958	0.8900	0.1221s	0.3605	0.8970	0.8902
4
0089	0.1404	0.9583	0.3958	0.8880	0.1252s	0.3590	0.8930	0.8861
5
0090	0.1467	0.9750	0.3901	0.8980	0.1050s	0.3520	0.8970	0.8907
6
0091	0.1520	0.9750	0.3880	0.8980	0.1221s	0.3511	0.8940	0.8876
7
0092	0.1322	0.9750	0.3887	0.8960	0.1218s	0.3533	0.8950	0.8888
8
0093	0.1397	1.0000	0.3888	0.8900	0.1214s	0.3542	0.8960	0.8899
9
0094	0.1395	0.9833	0.3855	0.8880	0.1218s	0.3501	0.8980	0.8919
10
0095	0.1459	1.0000	0.3834	0.8960	0.1210s	0.3455	0.9030	0.8973
11
0096	0.1619	0.9667	0.3841	0.8980	0.1227s	0.3442	0.9080	0.9027
12
0097	0.1472	0.9750	0.3862	0.8960	0.1221s	0.3437	0.9110	0.9063
13
0098	0.1321	0.9917	0.3879	0.9000	0.1222s	0.3441	0.9110	0.9065
14
0099	0.1458	0.9667	0.3918	0.9040	0.1226s	0.3472	0.9100	0.9052
15
0100	0.1561	0.9833	0.3996	0.8940	0.1048s	0.3559	0.8990	0.8927
0
0101	0.1503	0.9833	0.4056	0.8900	0.1218s	0.3640	0.8930	0.8858
1
0102	0.1320	1.0000	0.4083	0.8900	0.1219s	0.3692	0.8920	0.8849
2
0103	0.1355	0.9833	0.4071	0.8900	0.1235s	0.3705	0.8900	0.8828
3
0104	0.1358	0.9917	0.3976	0.8900	0.1217s	0.3621	0.8910	0.8843
4
0105	0.1391	0.9917	0.3868	0.8940	0.1218s	0.3500	0.9010	0.8952
5
0106	0.1371	1.0000	0.3819	0.9060	0.1220s	0.3425	0.9060	0.9008
6
0107	0.1537	0.9750	0.3824	0.9060	0.1220s	0.3386	0.9090	0.9040
0
0108	0.1430	0.9750	0.3887	0.9060	0.1222s	0.3427	0.9100	0.9050
0
0109	0.1459	0.9833	0.3953	0.9060	0.1223s	0.3506	0.9030	0.8968
0
0110	0.1430	0.9583	0.3993	0.9020	0.1140s	0.3573	0.8960	0.8893
0
0111	0.1366	0.9833	0.4032	0.8940	0.1211s	0.3646	0.8960	0.8889
1
0112	0.1336	0.9667	0.4061	0.8920	0.1218s	0.3704	0.8930	0.8857
2
0113	0.1296	0.9833	0.4065	0.8900	0.1218s	0.3735	0.8860	0.8788
3
0114	0.1392	0.9917	0.4007	0.8880	0.1214s	0.3681	0.8890	0.8824
4
0115	0.1335	0.9917	0.3962	0.8900	0.1213s	0.3640	0.8890	0.8822
5
0116	0.1346	1.0000	0.3922	0.8960	0.1223s	0.3587	0.8910	0.8846
6
0117	0.1344	1.0000	0.3887	0.8980	0.1227s	0.3539	0.8920	0.8856
7
0118	0.1212	0.9833	0.3828	0.9040	0.1222s	0.3475	0.9000	0.8943
8
0119	0.1514	0.9583	0.3783	0.9080	0.1224s	0.3435	0.9020	0.8969
9
0120	0.1439	0.9917	0.3776	0.9060	0.1222s	0.3446	0.9010	0.8963
0
0121	0.1605	0.9833	0.3782	0.8960	0.1219s	0.3494	0.9020	0.8975
1
0122	0.1414	0.9833	0.3833	0.8940	0.1221s	0.3591	0.9000	0.8951
2
0123	0.1456	0.9833	0.3903	0.8980	0.1217s	0.3690	0.8950	0.8885
3
0124	0.1627	0.9750	0.3910	0.8940	0.1220s	0.3702	0.8930	0.8861
4
0125	0.1544	0.9917	0.3918	0.8920	0.1215s	0.3701	0.8900	0.8827
5
0126	0.1371	0.9750	0.3929	0.8940	0.1222s	0.3710	0.8920	0.8850
6
0127	0.1314	0.9917	0.3928	0.8880	0.1243s	0.3701	0.8930	0.8866
7
0128	0.1390	1.0000	0.3857	0.8960	0.1221s	0.3631	0.8960	0.8896
8
0129	0.1424	1.0000	0.3788	0.9020	0.1220s	0.3571	0.8990	0.8930
9
0130	0.1517	0.9833	0.3742	0.8980	0.1220s	0.3545	0.9030	0.8975
10
0131	0.1381	0.9750	0.3760	0.8980	0.1217s	0.3573	0.8990	0.8940
11
0132	0.1383	0.9917	0.3804	0.8960	0.1213s	0.3620	0.8990	0.8939
12
0133	0.1438	0.9667	0.3814	0.8980	0.1208s	0.3629	0.8950	0.8897
13
0134	0.1527	0.9917	0.3839	0.8940	0.1220s	0.3661	0.8990	0.8930
14
0135	0.1224	0.9917	0.3876	0.8900	0.1225s	0.3690	0.8900	0.8829
15
0136	0.1284	1.0000	0.3923	0.8920	0.1208s	0.3721	0.8920	0.8852
16
0137	0.1532	0.9750	0.3909	0.8980	0.1041s	0.3701	0.8940	0.8874
17
0138	0.1600	0.9667	0.3827	0.9000	0.1048s	0.3614	0.8980	0.8917
18
0139	0.1432	0.9750	0.3758	0.9080	0.1243s	0.3547	0.9030	0.8972
19
0140	0.1453	0.9917	0.3726	0.9080	0.1238s	0.3507	0.9070	0.9019
0
0141	0.1162	0.9833	0.3711	0.9100	0.1220s	0.3487	0.9030	0.8979
0
0142	0.1233	0.9917	0.3705	0.9080	0.1035s	0.3480	0.9010	0.8955
0
0143	0.1233	0.9750	0.3708	0.9080	0.1210s	0.3481	0.9020	0.8967
0
0144	0.1382	0.9583	0.3724	0.9080	0.1218s	0.3517	0.9020	0.8964
1
0145	0.1418	0.9833	0.3784	0.9040	0.1207s	0.3598	0.9010	0.8956
2
0146	0.1401	0.9833	0.3861	0.9000	0.1213s	0.3687	0.9030	0.8971
3
0147	0.1352	0.9583	0.3996	0.8960	0.1221s	0.3816	0.8970	0.8903
4
0148	0.1378	0.9833	0.4099	0.8940	0.1224s	0.3910	0.8890	0.8810
5
0149	0.1280	0.9750	0.4070	0.8960	0.1223s	0.3861	0.8920	0.8845
6
0150	0.1449	0.9750	0.3950	0.9000	0.1224s	0.3716	0.9000	0.8938
7
0151	0.1255	0.9917	0.3843	0.9060	0.1046s	0.3586	0.9040	0.8986
8
0152	0.1364	0.9833	0.3784	0.9100	0.1581s	0.3508	0.9040	0.8991
9
0153	0.1411	1.0000	0.3760	0.9100	0.1222s	0.3480	0.9040	0.8991
0
0154	0.1245	0.9917	0.3772	0.9120	0.1213s	0.3490	0.9030	0.8979
0
0155	0.1404	0.9833	0.3811	0.9060	0.1215s	0.3553	0.9010	0.8959
0
0156	0.1397	0.9667	0.3878	0.9000	0.1216s	0.3619	0.8970	0.8909
1
0157	0.1278	0.9667	0.3935	0.8980	0.1214s	0.3683	0.8930	0.8855
2
0158	0.1321	0.9833	0.3942	0.8980	0.1216s	0.3680	0.8910	0.8833
3
0159	0.1454	0.9833	0.3906	0.9020	0.1217s	0.3617	0.9010	0.8951
4
0160	0.1352	0.9917	0.3868	0.9040	0.1210s	0.3539	0.9020	0.8965
5
0161	0.1435	0.9833	0.3834	0.9040	0.1207s	0.3491	0.9040	0.8987
6
0162	0.1229	0.9833	0.3808	0.9060	0.1216s	0.3458	0.9040	0.8988
7
0163	0.1555	0.9667	0.3814	0.9060	0.1224s	0.3469	0.9010	0.8954
8
0164	0.1250	0.9917	0.3885	0.9040	0.1203s	0.3548	0.8990	0.8932
9
0165	0.1166	1.0000	0.3947	0.9000	0.1205s	0.3600	0.8940	0.8874
10
0166	0.1332	0.9917	0.3983	0.8960	0.1217s	0.3634	0.8930	0.8867
11
0167	0.1559	0.9500	0.4009	0.8940	0.1205s	0.3663	0.8930	0.8864
12
0168	0.1246	0.9833	0.3976	0.8960	0.1222s	0.3638	0.8930	0.8862
13
0169	0.1346	0.9833	0.3896	0.9000	0.1235s	0.3567	0.9010	0.8952
14
0170	0.1242	0.9833	0.3868	0.9000	0.1222s	0.3546	0.9010	0.8952
15
0171	0.1452	0.9750	0.3877	0.8980	0.1214s	0.3550	0.9020	0.8961
16
0172	0.1254	1.0000	0.3924	0.9000	0.1220s	0.3591	0.9010	0.8950
17
0173	0.1566	0.9667	0.3986	0.9020	0.1213s	0.3640	0.8990	0.8928
18
0174	0.1265	0.9750	0.3976	0.9020	0.1221s	0.3635	0.8980	0.8920
19
0175	0.1204	0.9667	0.3938	0.9020	0.1217s	0.3598	0.8970	0.8911
20
0176	0.1493	0.9833	0.3932	0.8980	0.1215s	0.3601	0.8950	0.8894
21
0177	0.1269	0.9833	0.3902	0.8960	0.1219s	0.3591	0.8960	0.8902
22
0178	0.1421	0.9750	0.3839	0.9020	0.1217s	0.3553	0.8950	0.8892
23
0179	0.1432	0.9750	0.3793	0.9080	0.1222s	0.3510	0.8980	0.8923
24
0180	0.1226	1.0000	0.3798	0.9080	0.1224s	0.3518	0.9040	0.8984
25
0181	0.1156	0.9917	0.3808	0.9060	0.1221s	0.3519	0.9040	0.8984
26
0182	0.1532	0.9750	0.3862	0.9060	0.1220s	0.3557	0.9020	0.8961
27
0183	0.1541	0.9833	0.3934	0.9000	0.1222s	0.3616	0.8980	0.8918
28
0184	0.1256	0.9833	0.3989	0.9000	0.1215s	0.3661	0.8990	0.8932
29
0185	0.1239	0.9833	0.4064	0.9020	0.1218s	0.3732	0.8950	0.8888
30
0186	0.1232	1.0000	0.4153	0.8960	0.1219s	0.3823	0.8910	0.8849
31
0187	0.1338	0.9917	0.4111	0.8980	0.1217s	0.3794	0.8890	0.8831
32
0188	0.1334	0.9833	0.3969	0.8980	0.1219s	0.3680	0.8930	0.8873
33
0189	0.1355	0.9750	0.3883	0.9060	0.1222s	0.3618	0.9000	0.8949
34
0190	0.1416	0.9833	0.3850	0.9080	0.1228s	0.3600	0.8980	0.8922
35
0191	0.1306	0.9500	0.3827	0.9040	0.1221s	0.3583	0.9080	0.9028
36
0192	0.1453	0.9750	0.3838	0.9080	0.1225s	0.3592	0.9100	0.9048
37
0193	0.1433	0.9833	0.3843	0.9120	0.1223s	0.3575	0.9090	0.9037
38
0194	0.1451	0.9917	0.3913	0.9060	0.1220s	0.3616	0.9010	0.8952
0
0195	0.1319	0.9750	0.3982	0.9020	0.1217s	0.3646	0.8990	0.8932
1
0196	0.1523	0.9500	0.4031	0.9020	0.1218s	0.3654	0.8970	0.8909
2
0197	0.1286	0.9917	0.4048	0.9020	0.1219s	0.3647	0.8970	0.8909
3
0198	0.1511	0.9917	0.3995	0.9000	0.1221s	0.3591	0.8990	0.8932
4
0199	0.1466	0.9917	0.3901	0.9080	0.1218s	0.3506	0.9050	0.8999
5
0200	0.1495	0.9833	0.3839	0.9100	0.1215s	0.3464	0.9030	0.8977
6
0201	0.1314	0.9833	0.3827	0.9080	0.1234s	0.3476	0.9060	0.9006
7
0202	0.1166	0.9917	0.3879	0.9060	0.1219s	0.3541	0.9050	0.8997
8
0203	0.1473	0.9750	0.3950	0.8960	0.1219s	0.3604	0.8980	0.8918
9
0204	0.1682	1.0000	0.4072	0.8940	0.1221s	0.3703	0.8880	0.8811
10
0205	0.1455	0.9833	0.4236	0.8920	0.1223s	0.3836	0.8840	0.8772
11
0206	0.1341	1.0000	0.4278	0.8940	0.1225s	0.3857	0.8850	0.8777
12
0207	0.1300	0.9917	0.4208	0.8960	0.1219s	0.3786	0.8880	0.8808
13
0208	0.1509	0.9917	0.4057	0.9020	0.1220s	0.3642	0.8940	0.8874
14
0209	0.1589	0.9667	0.3891	0.9060	0.1211s	0.3499	0.8980	0.8919
15
0210	0.1413	0.9917	0.3772	0.9100	0.1220s	0.3414	0.9080	0.9026
16
0211	0.1360	0.9917	0.3764	0.9100	0.1216s	0.3452	0.9060	0.9009
17
0212	0.1650	0.9667	0.3805	0.9060	0.1214s	0.3523	0.9060	0.9008
18
0213	0.1285	0.9917	0.3892	0.9040	0.1224s	0.3634	0.9040	0.8981
19
0214	0.1340	0.9833	0.4098	0.8900	0.1193s	0.3841	0.8950	0.8883
20
0215	0.1182	0.9833	0.4326	0.8840	0.1205s	0.4058	0.8880	0.8803
21
0216	0.1441	0.9917	0.4371	0.8840	0.1219s	0.4109	0.8930	0.8852
22
0217	0.1327	0.9750	0.4303	0.8880	0.1219s	0.4041	0.8920	0.8843
23
0218	0.1385	0.9833	0.4047	0.8940	0.1216s	0.3790	0.8970	0.8907
24
0219	0.1441	0.9750	0.3852	0.8980	0.1219s	0.3589	0.9050	0.8997
25
0220	0.1572	0.9583	0.3790	0.9020	0.1216s	0.3493	0.9010	0.8954
26
0221	0.1542	0.9750	0.3797	0.9100	0.1220s	0.3475	0.9020	0.8965
27
0222	0.1220	0.9833	0.3810	0.9080	0.1229s	0.3490	0.8990	0.8931
28
0223	0.1292	0.9667	0.3873	0.9020	0.1225s	0.3564	0.9040	0.8984
29
0224	0.1346	0.9833	0.3955	0.8980	0.1219s	0.3652	0.9000	0.8938
30
0225	0.1255	0.9583	0.4079	0.8920	0.1218s	0.3770	0.8970	0.8902
31
0226	0.1606	0.9667	0.4049	0.8980	0.1221s	0.3735	0.8990	0.8926
32
0227	0.1317	0.9833	0.3944	0.8940	0.1222s	0.3639	0.8990	0.8930
33
0228	0.1400	0.9833	0.3826	0.9000	0.1048s	0.3532	0.9040	0.8985
34
0229	0.1231	0.9750	0.3766	0.8980	0.1219s	0.3478	0.9070	0.9017
35
0230	0.1316	0.9833	0.3734	0.9040	0.1215s	0.3456	0.9080	0.9029
36
0231	0.1408	0.9833	0.3762	0.9000	0.1217s	0.3483	0.9070	0.9017
37
0232	0.1339	0.9833	0.3835	0.8980	0.1254s	0.3557	0.9040	0.8984
38
0233	0.1329	0.9917	0.3891	0.8960	0.1227s	0.3628	0.9000	0.8942
39
0234	0.1319	0.9917	0.3890	0.8960	0.1222s	0.3645	0.9020	0.8963
40
0235	0.1520	0.9500	0.3891	0.8960	0.1221s	0.3643	0.9000	0.8942
41
0236	0.1401	0.9917	0.3892	0.8940	0.1215s	0.3641	0.9050	0.8991
42
0237	0.1229	0.9833	0.3897	0.8920	0.1216s	0.3630	0.9030	0.8971
43
0238	0.1372	0.9917	0.3921	0.8940	0.1224s	0.3623	0.9030	0.8970
44
0239	0.1423	0.9917	0.3926	0.8940	0.1227s	0.3606	0.8990	0.8929
45
0240	0.1519	0.9500	0.3891	0.8980	0.1223s	0.3562	0.9000	0.8943
46
0241	0.1271	0.9833	0.3857	0.8980	0.1220s	0.3533	0.9030	0.8975
47
0242	0.1378	0.9583	0.3803	0.9000	0.1220s	0.3492	0.9070	0.9018
48
0243	0.1288	0.9833	0.3784	0.9000	0.1211s	0.3506	0.9050	0.8999
49
0244	0.1292	0.9917	0.3838	0.8960	0.1212s	0.3610	0.8990	0.8933
50
0245	0.1495	0.9833	0.3941	0.9000	0.1218s	0.3756	0.8940	0.8877
51
0246	0.1327	0.9833	0.4021	0.8920	0.1222s	0.3844	0.8930	0.8863
52
0247	0.1336	0.9833	0.4016	0.8900	0.1218s	0.3821	0.8960	0.8893
53
0248	0.1551	0.9500	0.3937	0.8920	0.1220s	0.3692	0.9020	0.8959
54
0249	0.1293	0.9667	0.3914	0.8860	0.1221s	0.3609	0.9010	0.8947
55
0250	0.1260	0.9583	0.3944	0.8920	0.1247s	0.3586	0.9030	0.8975
56
0251	0.1608	0.9417	0.3983	0.8920	0.1225s	0.3595	0.9010	0.8952
57
0252	0.1252	0.9750	0.4005	0.8920	0.1220s	0.3618	0.9020	0.8960
58
0253	0.1289	0.9917	0.3997	0.8940	0.1218s	0.3631	0.9000	0.8939
59
0254	0.1460	1.0000	0.4082	0.8860	0.1221s	0.3758	0.8910	0.8831
60
0255	0.1477	0.9833	0.4146	0.8860	0.1220s	0.3864	0.8950	0.8876
61
0256	0.1262	0.9917	0.4186	0.8860	0.1044s	0.3926	0.8920	0.8842
62
0257	0.1345	0.9917	0.4176	0.8860	0.1218s	0.3919	0.8890	0.8811
63
0258	0.1874	0.9750	0.4021	0.8860	0.1225s	0.3732	0.8950	0.8878
64
0259	0.1300	0.9917	0.3918	0.8900	0.1246s	0.3573	0.8990	0.8925
65
0260	0.1365	0.9917	0.3928	0.8940	0.1231s	0.3527	0.9000	0.8941
66
0261	0.1465	0.9917	0.3953	0.8960	0.1216s	0.3533	0.9020	0.8963
67
0262	0.1378	0.9667	0.3992	0.8960	0.1209s	0.3580	0.9020	0.8961
68
0263	0.1315	0.9750	0.4031	0.8920	0.1244s	0.3637	0.8960	0.8898
69
0264	0.1404	0.9667	0.4062	0.8920	0.1209s	0.3702	0.8940	0.8871
70
0265	0.1281	0.9500	0.4086	0.8880	0.1206s	0.3769	0.8930	0.8855
71
0266	0.1294	0.9750	0.4099	0.8880	0.1207s	0.3825	0.8960	0.8889
72
0267	0.1455	0.9917	0.4070	0.8880	0.1210s	0.3837	0.8940	0.8872
73
0268	0.1353	0.9833	0.4009	0.8900	0.1206s	0.3792	0.8930	0.8867
74
0269	0.1320	0.9833	0.3936	0.8900	0.1217s	0.3715	0.8970	0.8912
75
0270	0.1283	0.9583	0.3902	0.8960	0.1209s	0.3667	0.8970	0.8909
76
0271	0.1559	0.9833	0.3910	0.8960	0.1209s	0.3661	0.9000	0.8941
77
0272	0.1320	0.9917	0.3969	0.8900	0.1222s	0.3718	0.8940	0.8873
78
0273	0.1294	0.9750	0.4103	0.8920	0.1220s	0.3850	0.8930	0.8859
79
0274	0.1235	0.9833	0.4230	0.8860	0.1216s	0.3979	0.8900	0.8825
80
0275	0.1345	0.9833	0.4321	0.8800	0.1215s	0.4077	0.8870	0.8790
81
0276	0.1353	0.9750	0.4300	0.8820	0.1216s	0.4085	0.8910	0.8833
82
0277	0.1485	0.9750	0.4095	0.8920	0.1221s	0.3921	0.8960	0.8894
83
0278	0.1199	0.9917	0.3956	0.8980	0.1218s	0.3812	0.8960	0.8896
84
0279	0.1153	0.9917	0.3873	0.8920	0.1217s	0.3751	0.8970	0.8911
85
0280	0.1407	0.9833	0.3825	0.8940	0.1224s	0.3696	0.8960	0.8904
86
0281	0.1395	0.9833	0.3811	0.8960	0.1221s	0.3661	0.8970	0.8914
87
0282	0.1404	0.9750	0.3830	0.8940	0.1224s	0.3665	0.8960	0.8899
88
0283	0.1278	0.9750	0.3887	0.8880	0.1220s	0.3730	0.8970	0.8906
89
0284	0.1236	0.9917	0.4019	0.8860	0.1226s	0.3854	0.8950	0.8883
90
0285	0.1181	0.9917	0.4135	0.8840	0.1220s	0.3955	0.8900	0.8823
91
0286	0.1477	0.9833	0.4134	0.8820	0.1043s	0.3947	0.8910	0.8832
92
0287	0.1164	0.9833	0.4052	0.8840	0.1217s	0.3866	0.8960	0.8891
93
0288	0.1319	0.9833	0.3984	0.8860	0.1221s	0.3806	0.8950	0.8884
94
0289	0.1528	0.9833	0.3874	0.8920	0.1219s	0.3716	0.9010	0.8951
95
0290	0.1335	0.9750	0.3829	0.8920	0.1218s	0.3697	0.9010	0.8951
96
0291	0.1321	0.9917	0.3830	0.8900	0.1221s	0.3715	0.8990	0.8931
97
0292	0.1165	0.9750	0.3853	0.8900	0.1211s	0.3739	0.8970	0.8914
98
0293	0.1502	0.9833	0.3881	0.8860	0.1225s	0.3751	0.8950	0.8890
99
0294	0.1187	0.9750	0.3947	0.8840	0.1227s	0.3809	0.8940	0.8878
100
0295	0.1247	1.0000	0.3955	0.8840	0.1216s	0.3812	0.8970	0.8913
101
0296	0.1467	0.9667	0.3938	0.8820	0.1220s	0.3791	0.8960	0.8900
102
0297	0.1487	0.9917	0.3898	0.8840	0.1215s	0.3750	0.9000	0.8940
103
0298	0.1368	0.9917	0.3885	0.8900	0.1215s	0.3747	0.9000	0.8940
104
0299	0.1225	1.0000	0.3936	0.8860	0.1221s	0.3810	0.8990	0.8930
105
0300	0.1367	0.9917	0.3950	0.8940	0.1220s	0.3838	0.8990	0.8929
106
0301	0.1368	0.9917	0.3955	0.8940	0.1221s	0.3850	0.8990	0.8927
107
0302	0.1291	0.9750	0.3898	0.8920	0.1223s	0.3783	0.9010	0.8951
108
0303	0.1320	0.9833	0.3824	0.8940	0.1220s	0.3690	0.9000	0.8944
109
0304	0.1206	0.9750	0.3824	0.8920	0.1217s	0.3660	0.9010	0.8949
110
0305	0.1166	1.0000	0.3885	0.8920	0.1219s	0.3697	0.8980	0.8916
111
0306	0.1462	0.9917	0.3991	0.8920	0.1220s	0.3782	0.8930	0.8862
112
0307	0.1289	0.9750	0.3989	0.8940	0.1217s	0.3781	0.8930	0.8861
113
0308	0.1184	0.9750	0.3921	0.8960	0.1221s	0.3736	0.8960	0.8899
114
0309	0.1255	0.9917	0.3844	0.8980	0.1218s	0.3690	0.8970	0.8915
115
0310	0.1415	0.9750	0.3782	0.9000	0.1231s	0.3663	0.8990	0.8938
116
0311	0.1309	0.9917	0.3775	0.8980	0.1220s	0.3694	0.9040	0.8994
117
0312	0.1335	0.9833	0.3834	0.8960	0.1212s	0.3765	0.9010	0.8956
118
0313	0.1441	0.9667	0.3929	0.8920	0.1220s	0.3829	0.9000	0.8939
119
0314	0.1189	0.9917	0.4032	0.8900	0.1225s	0.3894	0.9000	0.8934
120
0315	0.1386	0.9750	0.4006	0.8940	0.1223s	0.3849	0.9000	0.8936
121
0316	0.1457	0.9583	0.3931	0.8960	0.1219s	0.3741	0.8990	0.8928
122
0317	0.1328	0.9750	0.3860	0.9020	0.1221s	0.3647	0.9010	0.8954
123
0318	0.1312	0.9833	0.3809	0.9000	0.1221s	0.3609	0.9020	0.8965
124
0319	0.1246	0.9833	0.3787	0.9020	0.1221s	0.3611	0.9040	0.8990
125
0320	0.1293	0.9833	0.3821	0.9000	0.1223s	0.3660	0.9050	0.8998
126
0321	0.1423	0.9583	0.3874	0.8960	0.1221s	0.3731	0.9060	0.9008
127
0322	0.1221	0.9917	0.3968	0.8920	0.1221s	0.3841	0.8970	0.8912
128
0323	0.1356	1.0000	0.4105	0.8900	0.1222s	0.3956	0.8900	0.8835
129
0324	0.1401	0.9833	0.4218	0.8880	0.1220s	0.4037	0.8900	0.8836
130
0325	0.1595	0.9917	0.4149	0.8880	0.1219s	0.3944	0.8910	0.8846
131
0326	0.1430	0.9917	0.4033	0.8940	0.1224s	0.3779	0.8980	0.8919
132
0327	0.1324	0.9833	0.3972	0.8960	0.1221s	0.3685	0.8960	0.8898
133
0328	0.1239	0.9833	0.3952	0.9000	0.1219s	0.3646	0.9010	0.8953
134
0329	0.1624	0.9500	0.3921	0.9000	0.1218s	0.3625	0.9010	0.8955
135
0330	0.1223	0.9750	0.3878	0.9000	0.1221s	0.3611	0.9030	0.8976
136
0331	0.1193	0.9833	0.3878	0.8980	0.1142s	0.3651	0.9040	0.8984
137
0332	0.1293	0.9667	0.3950	0.8980	0.1036s	0.3752	0.9000	0.8944
138
0333	0.1277	0.9917	0.4006	0.8960	0.1195s	0.3836	0.8940	0.8886
139
0334	0.1196	0.9750	0.4110	0.8920	0.1223s	0.3947	0.8930	0.8876
140
0335	0.1512	0.9583	0.4187	0.8940	0.1221s	0.4006	0.8900	0.8845
141
0336	0.1302	0.9583	0.4090	0.8960	0.1218s	0.3895	0.8950	0.8897
142
0337	0.1317	0.9750	0.3916	0.9020	0.1045s	0.3698	0.9010	0.8956
143
0338	0.1241	0.9917	0.3858	0.9100	0.1214s	0.3620	0.9050	0.8999
144
0339	0.1392	0.9917	0.3852	0.9100	0.1216s	0.3603	0.9060	0.9011
145
0340	0.1533	0.9417	0.3873	0.9080	0.1223s	0.3626	0.9060	0.9014
146
0341	0.1616	0.9750	0.3950	0.9020	0.1221s	0.3711	0.9020	0.8968
147
0342	0.1248	0.9750	0.4053	0.8960	0.1214s	0.3803	0.8960	0.8904
148
0343	0.1256	0.9917	0.4109	0.8940	0.1216s	0.3866	0.8940	0.8885
149
0344	0.1508	0.9750	0.4168	0.8940	0.1229s	0.3933	0.8900	0.8834
150
0345	0.1410	0.9500	0.4117	0.8920	0.1221s	0.3904	0.8950	0.8888
151
0346	0.1197	1.0000	0.4057	0.8940	0.1218s	0.3855	0.8980	0.8921
152
0347	0.1258	0.9917	0.3966	0.8980	0.1218s	0.3759	0.9010	0.8957
153
0348	0.1153	0.9750	0.3914	0.9000	0.1216s	0.3696	0.9010	0.8960
154
0349	0.1144	0.9833	0.3921	0.9020	0.1220s	0.3687	0.9000	0.8953
155
0350	0.1394	0.9750	0.3929	0.9040	0.1222s	0.3682	0.9000	0.8952
156
0351	0.1346	1.0000	0.3903	0.9060	0.1222s	0.3667	0.9020	0.8971
157
0352	0.1144	0.9833	0.3902	0.9040	0.1307s	0.3671	0.9050	0.9002
158
0353	0.1267	0.9833	0.3890	0.9060	0.1396s	0.3679	0.9060	0.9012
159
0354	0.1324	0.9833	0.3924	0.9040	0.1398s	0.3749	0.9010	0.8954
160
0355	0.1225	0.9667	0.3975	0.9000	0.1395s	0.3820	0.9020	0.8966
161
0356	0.1415	0.9667	0.3972	0.9000	0.1393s	0.3831	0.9060	0.9006
162
0357	0.1385	0.9750	0.3951	0.9000	0.1395s	0.3816	0.9060	0.9005
163
0358	0.1286	0.9833	0.3902	0.9000	0.1397s	0.3758	0.9060	0.9003
164
0359	0.1627	0.9750	0.3901	0.9000	0.1202s	0.3740	0.9040	0.8984
165
0360	0.1202	0.9667	0.3927	0.9000	0.1207s	0.3743	0.9030	0.8972
166
0361	0.1295	0.9667	0.3998	0.8980	0.1226s	0.3796	0.9030	0.8975
167
0362	0.1349	0.9917	0.4050	0.8940	0.1219s	0.3833	0.9030	0.8975
168
0363	0.1452	0.9667	0.4089	0.8900	0.1224s	0.3877	0.8910	0.8849
169
0364	0.1325	0.9833	0.4096	0.8900	0.1226s	0.3888	0.8960	0.8903
170
0365	0.1310	1.0000	0.4104	0.8900	0.1216s	0.3904	0.8930	0.8876
171
0366	0.1424	0.9667	0.4004	0.8940	0.1220s	0.3796	0.8990	0.8936
172
0367	0.1438	0.9917	0.3910	0.9020	0.1220s	0.3674	0.9080	0.9031
173
0368	0.1369	1.0000	0.3883	0.9020	0.1219s	0.3609	0.9090	0.9044
174
0369	0.1563	0.9917	0.3864	0.9020	0.1225s	0.3569	0.9090	0.9043
175
0370	0.1454	0.9833	0.3834	0.9020	0.1221s	0.3545	0.9100	0.9054
176
0371	0.1475	0.9833	0.3800	0.8960	0.1225s	0.3535	0.9040	0.8992
177
0372	0.1228	1.0000	0.3788	0.8980	0.1223s	0.3555	0.9050	0.9002
178
0373	0.1404	0.9833	0.3806	0.8960	0.1205s	0.3585	0.9010	0.8959
179
0374	0.1208	0.9750	0.3934	0.8980	0.1229s	0.3690	0.9010	0.8951
180
0375	0.1372	0.9750	0.4075	0.8920	0.1228s	0.3798	0.8980	0.8923
181
0376	0.1278	0.9833	0.4200	0.8900	0.1129s	0.3886	0.8960	0.8901
182
0377	0.1132	0.9917	0.4239	0.8880	0.1172s	0.3891	0.8950	0.8890
183
0378	0.1305	0.9917	0.4111	0.8900	0.1202s	0.3765	0.8990	0.8934
184
0379	0.1439	0.9833	0.3941	0.8940	0.1160s	0.3610	0.9060	0.9008
185
0380	0.1261	0.9750	0.3829	0.8920	0.1249s	0.3528	0.9040	0.8988
186
0381	0.1350	0.9750	0.3803	0.8980	0.1222s	0.3521	0.9060	0.9014
187
0382	0.1340	0.9833	0.3800	0.8980	0.1235s	0.3532	0.9080	0.9039
188
0383	0.1239	0.9917	0.3815	0.8920	0.1211s	0.3550	0.9020	0.8971
189
0384	0.1354	0.9917	0.3832	0.8900	0.1235s	0.3564	0.9030	0.8978
190
0385	0.1413	0.9667	0.3844	0.8900	0.1182s	0.3568	0.9010	0.8956
191
0386	0.1305	0.9833	0.3901	0.8920	0.1235s	0.3597	0.9030	0.8981
192
0387	0.1416	0.9833	0.3997	0.8920	0.1223s	0.3668	0.8980	0.8922
193
0388	0.1235	0.9833	0.4089	0.8920	0.1223s	0.3754	0.8970	0.8912
194
0389	0.1501	1.0000	0.4080	0.8900	0.1221s	0.3770	0.8930	0.8862
195
0390	0.1519	0.9583	0.3990	0.8920	0.1221s	0.3727	0.8950	0.8881
196
0391	0.1337	0.9667	0.3891	0.8940	0.1219s	0.3677	0.8970	0.8908
197
0392	0.1419	1.0000	0.3861	0.8960	0.1220s	0.3656	0.9000	0.8945
198
0393	0.1291	0.9833	0.3854	0.8960	0.1218s	0.3611	0.9000	0.8945
199
Early stop! Min loss:0.3705136775970459,  Max accuracy:0.912
Early stop model validation loss:0.3705136775970459,  accuracy:0.908
Optimization Finished!
Total time elapsed: 48.2269s
test max acc:0.9110
Loading 141th epoch
stru_node_to_hop attention:tensor([[0.2532, 0.2511, 0.2482, 0.2474],
        [0.2494, 0.2503, 0.2501, 0.2502],
        [0.2461, 0.2519, 0.2511, 0.2509],
        [0.2512, 0.2517, 0.2488, 0.2483],
        [0.2514, 0.2499, 0.2494, 0.2493],
        [0.2495, 0.2509, 0.2498, 0.2498],
        [0.2492, 0.2507, 0.2501, 0.2500],
        [0.2498, 0.2503, 0.2500, 0.2499],
        [0.2482, 0.2511, 0.2504, 0.2502],
        [0.2488, 0.2507, 0.2503, 0.2502],
        [0.2492, 0.2506, 0.2501, 0.2501],
        [0.2499, 0.2501, 0.2500, 0.2500],
        [0.2503, 0.2500, 0.2499, 0.2499],
        [0.2510, 0.2499, 0.2496, 0.2495],
        [0.2495, 0.2508, 0.2499, 0.2498],
        [0.2499, 0.2505, 0.2499, 0.2497],
        [0.2490, 0.2506, 0.2503, 0.2501],
        [0.2487, 0.2515, 0.2501, 0.2497],
        [0.2498, 0.2501, 0.2501, 0.2501],
        [0.2497, 0.2502, 0.2501, 0.2500],
        [0.2501, 0.2500, 0.2500, 0.2500],
        [0.2469, 0.2526, 0.2504, 0.2501],
        [0.2499, 0.2502, 0.2500, 0.2499],
        [0.2479, 0.2510, 0.2505, 0.2506],
        [0.2501, 0.2500, 0.2500, 0.2499],
        [0.2484, 0.2510, 0.2503, 0.2502],
        [0.2498, 0.2502, 0.2500, 0.2500],
        [0.2506, 0.2498, 0.2498, 0.2497],
        [0.2496, 0.2502, 0.2501, 0.2501],
        [0.2478, 0.2511, 0.2506, 0.2505],
        [0.2482, 0.2512, 0.2504, 0.2503],
        [0.2494, 0.2505, 0.2502, 0.2500],
        [0.2484, 0.2509, 0.2504, 0.2503],
        [0.2499, 0.2501, 0.2501, 0.2500],
        [0.2485, 0.2510, 0.2505, 0.2500],
        [0.2496, 0.2502, 0.2501, 0.2501],
        [0.2498, 0.2501, 0.2502, 0.2499],
        [0.2463, 0.2514, 0.2511, 0.2512],
        [0.2496, 0.2502, 0.2502, 0.2500],
        [0.2491, 0.2511, 0.2500, 0.2498],
        [0.2499, 0.2500, 0.2501, 0.2501],
        [0.2502, 0.2500, 0.2500, 0.2498],
        [0.2505, 0.2498, 0.2498, 0.2498],
        [0.2503, 0.2499, 0.2499, 0.2499],
        [0.2466, 0.2514, 0.2511, 0.2508],
        [0.1729, 0.2044, 0.2808, 0.3419],
        [0.2500, 0.2502, 0.2500, 0.2498],
        [0.2489, 0.2506, 0.2503, 0.2502],
        [0.2499, 0.2502, 0.2500, 0.2499],
        [0.2494, 0.2503, 0.2502, 0.2501],
        [0.2488, 0.2506, 0.2503, 0.2503],
        [0.2491, 0.2506, 0.2502, 0.2501],
        [0.2500, 0.2500, 0.2500, 0.2500],
        [0.2500, 0.2502, 0.2500, 0.2498],
        [0.2469, 0.2519, 0.2506, 0.2505],
        [0.2472, 0.2513, 0.2506, 0.2508],
        [0.2495, 0.2508, 0.2500, 0.2497],
        [0.2500, 0.2503, 0.2500, 0.2497],
        [0.2478, 0.2513, 0.2505, 0.2503],
        [0.2499, 0.2507, 0.2499, 0.2496],
        [0.2491, 0.2507, 0.2502, 0.2500],
        [0.2480, 0.2513, 0.2505, 0.2503],
        [0.2473, 0.2512, 0.2507, 0.2507],
        [0.2490, 0.2500, 0.2504, 0.2506],
        [0.2500, 0.2500, 0.2500, 0.2500],
        [0.2475, 0.2503, 0.2510, 0.2512],
        [0.2495, 0.2518, 0.2497, 0.2491],
        [0.2482, 0.2500, 0.2508, 0.2510],
        [0.2494, 0.2502, 0.2502, 0.2502],
        [0.2488, 0.2505, 0.2504, 0.2503],
        [0.2491, 0.2505, 0.2502, 0.2502],
        [0.2493, 0.2502, 0.2502, 0.2503],
        [0.2495, 0.2505, 0.2502, 0.2498],
        [0.2496, 0.2513, 0.2498, 0.2493],
        [0.2499, 0.2500, 0.2500, 0.2500],
        [0.2490, 0.2508, 0.2502, 0.2500],
        [0.2511, 0.2503, 0.2494, 0.2492],
        [0.2530, 0.2476, 0.2495, 0.2498],
        [0.2494, 0.2503, 0.2502, 0.2501],
        [0.2494, 0.2501, 0.2502, 0.2502],
        [0.2503, 0.2500, 0.2499, 0.2498],
        [0.2493, 0.2507, 0.2501, 0.2499],
        [0.2506, 0.2498, 0.2499, 0.2497],
        [0.2505, 0.2498, 0.2499, 0.2498],
        [0.2494, 0.2502, 0.2502, 0.2502],
        [0.2488, 0.2505, 0.2504, 0.2503],
        [0.2483, 0.2507, 0.2504, 0.2505],
        [0.2489, 0.2505, 0.2503, 0.2502],
        [0.2491, 0.2509, 0.2501, 0.2499],
        [0.2527, 0.2490, 0.2493, 0.2490],
        [0.2491, 0.2505, 0.2502, 0.2501],
        [0.2500, 0.2500, 0.2500, 0.2500],
        [0.2495, 0.2502, 0.2501, 0.2501],
        [0.2487, 0.2507, 0.2504, 0.2503],
        [0.2494, 0.2504, 0.2501, 0.2501],
        [0.2498, 0.2501, 0.2501, 0.2500],
        [0.2490, 0.2509, 0.2502, 0.2500],
        [0.2511, 0.2496, 0.2497, 0.2496],
        [0.2480, 0.2512, 0.2504, 0.2503],
        [0.2503, 0.2501, 0.2499, 0.2497]], device='cuda:1')
fea_node_to_hop attention:tensor([[0.3308, 0.3341, 0.3352],
        [0.3318, 0.3340, 0.3342],
        [0.3274, 0.3355, 0.3371],
        [0.3310, 0.3338, 0.3352],
        [0.3338, 0.3331, 0.3332],
        [0.3311, 0.3334, 0.3355],
        [0.3274, 0.3339, 0.3386],
        [0.3323, 0.3336, 0.3341],
        [0.3286, 0.3349, 0.3365],
        [0.3308, 0.3335, 0.3357],
        [0.3308, 0.3340, 0.3352],
        [0.3326, 0.3342, 0.3332],
        [0.3334, 0.3329, 0.3337],
        [0.3306, 0.3346, 0.3348],
        [0.3301, 0.3341, 0.3358],
        [0.3324, 0.3338, 0.3338],
        [0.3296, 0.3351, 0.3353],
        [0.3319, 0.3336, 0.3345],
        [0.3325, 0.3328, 0.3347],
        [0.3324, 0.3333, 0.3343],
        [0.3333, 0.3331, 0.3335],
        [0.3335, 0.3316, 0.3349],
        [0.3313, 0.3337, 0.3350],
        [0.3326, 0.3336, 0.3338],
        [0.3336, 0.3331, 0.3333],
        [0.3300, 0.3345, 0.3355],
        [0.3327, 0.3334, 0.3339],
        [0.3332, 0.3330, 0.3338],
        [0.3301, 0.3340, 0.3359],
        [0.3331, 0.3340, 0.3330],
        [0.3310, 0.3342, 0.3348],
        [0.3306, 0.3334, 0.3360],
        [0.3284, 0.3362, 0.3355],
        [0.3309, 0.3349, 0.3343],
        [0.3343, 0.3327, 0.3330],
        [0.3330, 0.3332, 0.3337],
        [0.3316, 0.3334, 0.3350],
        [0.3313, 0.3340, 0.3347],
        [0.3319, 0.3337, 0.3344],
        [0.3271, 0.3366, 0.3363],
        [0.3320, 0.3335, 0.3345],
        [0.3302, 0.3348, 0.3350],
        [0.3337, 0.3337, 0.3327],
        [0.3332, 0.3334, 0.3334],
        [0.3313, 0.3346, 0.3341],
        [0.2998, 0.3741, 0.3261],
        [0.3302, 0.3349, 0.3348],
        [0.3304, 0.3343, 0.3353],
        [0.3328, 0.3327, 0.3345],
        [0.3321, 0.3340, 0.3339],
        [0.3335, 0.3332, 0.3333],
        [0.3312, 0.3343, 0.3345],
        [0.3335, 0.3332, 0.3333],
        [0.3301, 0.3340, 0.3359],
        [0.3328, 0.3329, 0.3342],
        [0.3311, 0.3341, 0.3348],
        [0.3316, 0.3345, 0.3339],
        [0.3267, 0.3358, 0.3375],
        [0.3324, 0.3332, 0.3344],
        [0.3325, 0.3328, 0.3347],
        [0.3323, 0.3332, 0.3344],
        [0.3262, 0.3360, 0.3378],
        [0.3305, 0.3346, 0.3349],
        [0.3318, 0.3340, 0.3342],
        [0.3340, 0.3330, 0.3331],
        [0.3268, 0.3358, 0.3374],
        [0.3313, 0.3339, 0.3348],
        [0.3316, 0.3338, 0.3346],
        [0.3327, 0.3335, 0.3338],
        [0.3304, 0.3349, 0.3347],
        [0.3325, 0.3329, 0.3346],
        [0.3305, 0.3345, 0.3350],
        [0.3293, 0.3344, 0.3363],
        [0.3305, 0.3343, 0.3352],
        [0.3331, 0.3335, 0.3334],
        [0.3291, 0.3343, 0.3366],
        [0.3306, 0.3336, 0.3358],
        [0.3269, 0.3353, 0.3379],
        [0.3325, 0.3333, 0.3343],
        [0.3311, 0.3343, 0.3345],
        [0.3331, 0.3333, 0.3336],
        [0.3301, 0.3349, 0.3349],
        [0.3283, 0.3350, 0.3367],
        [0.3318, 0.3334, 0.3348],
        [0.3320, 0.3341, 0.3339],
        [0.3279, 0.3352, 0.3369],
        [0.3299, 0.3356, 0.3344],
        [0.3310, 0.3343, 0.3346],
        [0.3294, 0.3353, 0.3353],
        [0.3316, 0.3336, 0.3348],
        [0.3301, 0.3344, 0.3354],
        [0.3334, 0.3333, 0.3333],
        [0.3314, 0.3340, 0.3346],
        [0.3297, 0.3353, 0.3350],
        [0.3322, 0.3338, 0.3339],
        [0.3329, 0.3331, 0.3340],
        [0.3307, 0.3335, 0.3358],
        [0.3315, 0.3343, 0.3343],
        [0.3303, 0.3346, 0.3351],
        [0.3325, 0.3337, 0.3338]], device='cuda:1')
perception attention:tensor([0.5000, 0.5000], device='cuda:1')
Test set results: loss= 0.3480 accuracy= 0.9010 F1_score= 0.8955
