# epoch	loss_train	acc_train	loss_val	acc_val	time	acc_test	f1_test
0001	1.8041	0.1667	1.6989	0.2240	0.1202s	1.6833	0.2320	0.1260
0
0002	1.7109	0.3417	1.5672	0.2860	0.1216s	1.5352	0.2920	0.1943
0
0003	1.5793	0.3917	1.4129	0.4780	0.1222s	1.3808	0.5020	0.4501
0
0004	1.3997	0.5417	1.2250	0.7800	0.1226s	1.1998	0.7920	0.7631
0
0005	1.1548	0.7583	1.0461	0.8340	0.1222s	1.0278	0.8380	0.8254
0
0006	0.9886	0.8167	0.8984	0.8520	0.1222s	0.8853	0.8510	0.8428
0
0007	0.8391	0.8917	0.7678	0.8640	0.1219s	0.7570	0.8720	0.8647
0
0008	0.7066	0.8667	0.6636	0.8620	0.1194s	0.6514	0.8790	0.8722
0
0009	0.6495	0.9083	0.5818	0.8760	0.1196s	0.5638	0.8890	0.8818
0
0010	0.5515	0.8583	0.5218	0.8940	0.1217s	0.5018	0.8920	0.8839
0
0011	0.4378	0.9500	0.4840	0.8860	0.1224s	0.4613	0.8870	0.8788
0
0012	0.3975	0.9083	0.4638	0.8780	0.1220s	0.4381	0.8790	0.8715
0
0013	0.3902	0.9417	0.4406	0.8780	0.1223s	0.4111	0.8850	0.8768
0
0014	0.3353	0.9083	0.4217	0.8780	0.1222s	0.3892	0.8880	0.8795
0
0015	0.2871	0.9333	0.4089	0.8800	0.1236s	0.3741	0.8920	0.8859
0
0016	0.2961	0.9583	0.4038	0.8920	0.1220s	0.3664	0.8940	0.8883
0
0017	0.2768	0.9583	0.4004	0.8940	0.1223s	0.3613	0.8960	0.8904
0
0018	0.2623	0.9250	0.3974	0.8880	0.1227s	0.3571	0.8970	0.8919
0
0019	0.2364	0.9500	0.3977	0.8860	0.1219s	0.3561	0.8920	0.8854
0
0020	0.2140	0.9417	0.4035	0.8860	0.1499s	0.3605	0.8910	0.8834
1
0021	0.1972	0.9583	0.4151	0.8800	0.1398s	0.3714	0.8830	0.8742
2
0022	0.2000	0.9667	0.4274	0.8740	0.1388s	0.3839	0.8830	0.8741
3
0023	0.2133	0.9583	0.4203	0.8780	0.1427s	0.3776	0.8830	0.8740
4
0024	0.1931	0.9833	0.4136	0.8860	0.1221s	0.3723	0.8850	0.8777
5
0025	0.1811	0.9500	0.4153	0.8820	0.1220s	0.3743	0.8880	0.8818
6
0026	0.1718	0.9917	0.4188	0.8840	0.1223s	0.3782	0.8870	0.8808
7
0027	0.1929	0.9500	0.4163	0.8900	0.1224s	0.3758	0.8880	0.8818
8
0028	0.1880	0.9750	0.4130	0.8880	0.1222s	0.3722	0.8870	0.8803
9
0029	0.1850	0.9833	0.4119	0.8880	0.1219s	0.3707	0.8870	0.8802
10
0030	0.1734	0.9750	0.4166	0.8860	0.1229s	0.3760	0.8860	0.8782
11
0031	0.1688	0.9750	0.4231	0.8800	0.1221s	0.3821	0.8840	0.8753
12
0032	0.1654	0.9917	0.4300	0.8700	0.1226s	0.3885	0.8830	0.8739
13
0033	0.1700	0.9833	0.4326	0.8760	0.1223s	0.3916	0.8810	0.8717
14
0034	0.1784	0.9750	0.4269	0.8860	0.1238s	0.3878	0.8840	0.8754
15
0035	0.1509	0.9917	0.4159	0.8900	0.1225s	0.3788	0.8900	0.8827
16
0036	0.1466	0.9833	0.4137	0.8880	0.1231s	0.3778	0.8900	0.8833
17
0037	0.1789	0.9750	0.4117	0.8900	0.1221s	0.3772	0.8910	0.8845
18
0038	0.1634	0.9833	0.4093	0.8840	0.1222s	0.3765	0.8930	0.8869
19
0039	0.1664	0.9417	0.4100	0.8840	0.1220s	0.3788	0.8900	0.8830
20
0040	0.1612	0.9417	0.4136	0.8840	0.1242s	0.3841	0.8930	0.8859
21
0041	0.1703	0.9917	0.4175	0.8800	0.1220s	0.3890	0.8920	0.8846
22
0042	0.1785	0.9667	0.4213	0.8740	0.1231s	0.3929	0.8870	0.8786
23
0043	0.1559	0.9667	0.4208	0.8760	0.1222s	0.3924	0.8880	0.8796
24
0044	0.1519	1.0000	0.4189	0.8760	0.1225s	0.3906	0.8910	0.8826
25
0045	0.1676	0.9667	0.4113	0.8840	0.1219s	0.3832	0.8920	0.8844
26
0046	0.1635	0.9583	0.4051	0.8880	0.1219s	0.3770	0.8920	0.8842
27
0047	0.1609	0.9833	0.3996	0.8860	0.1221s	0.3716	0.8960	0.8891
28
0048	0.1362	0.9917	0.3972	0.8920	0.1221s	0.3699	0.8930	0.8866
29
0049	0.1598	0.9833	0.3965	0.8920	0.1223s	0.3702	0.8920	0.8856
0
0050	0.1785	0.9583	0.3971	0.8920	0.1217s	0.3732	0.8890	0.8828
0
0051	0.1637	0.9750	0.3936	0.8920	0.1219s	0.3718	0.8920	0.8863
1
0052	0.1653	0.9833	0.3913	0.8880	0.1220s	0.3711	0.8920	0.8865
0
0053	0.1611	0.9667	0.3952	0.8860	0.1222s	0.3751	0.8980	0.8922
0
0054	0.1540	0.9833	0.3996	0.8820	0.1221s	0.3771	0.8910	0.8839
1
0055	0.1617	0.9917	0.4046	0.8820	0.1222s	0.3778	0.8910	0.8835
2
0056	0.1745	0.9833	0.4062	0.8820	0.1224s	0.3746	0.8880	0.8798
3
0057	0.1580	0.9667	0.4040	0.8900	0.1218s	0.3694	0.8940	0.8870
4
0058	0.1550	0.9833	0.4045	0.8900	0.1217s	0.3684	0.8960	0.8893
5
0059	0.1452	1.0000	0.3999	0.8940	0.1227s	0.3646	0.8940	0.8873
6
0060	0.1606	0.9667	0.3931	0.8920	0.1218s	0.3611	0.8920	0.8851
0
0061	0.1517	0.9750	0.3863	0.8980	0.1229s	0.3580	0.8960	0.8897
1
0062	0.1620	1.0000	0.3847	0.8960	0.1199s	0.3603	0.8990	0.8939
0
0063	0.1581	0.9750	0.3832	0.8980	0.1231s	0.3587	0.9020	0.8969
0
0064	0.1536	1.0000	0.3801	0.8960	0.1220s	0.3534	0.9000	0.8943
0
0065	0.1482	0.9917	0.3802	0.8980	0.1221s	0.3498	0.9010	0.8952
0
0066	0.1573	0.9917	0.3843	0.8960	0.1230s	0.3511	0.9000	0.8937
0
0067	0.1772	0.9917	0.3918	0.8940	0.1228s	0.3565	0.8970	0.8904
1
0068	0.1431	0.9667	0.4011	0.8860	0.1222s	0.3645	0.8950	0.8884
2
0069	0.1445	0.9917	0.4030	0.8860	0.1210s	0.3665	0.8900	0.8821
3
0070	0.1558	1.0000	0.4026	0.8880	0.1218s	0.3665	0.8890	0.8812
4
0071	0.1404	0.9917	0.3971	0.8920	0.1221s	0.3618	0.8940	0.8866
5
0072	0.1387	0.9750	0.3898	0.8920	0.1235s	0.3546	0.9020	0.8958
6
0073	0.1805	0.9583	0.3843	0.8940	0.1223s	0.3496	0.9010	0.8947
7
0074	0.1420	0.9833	0.3853	0.8900	0.1219s	0.3521	0.9030	0.8969
8
0075	0.1575	0.9917	0.3879	0.8900	0.1229s	0.3558	0.9040	0.8979
9
0076	0.1278	0.9917	0.3912	0.8920	0.1223s	0.3597	0.9000	0.8932
10
0077	0.1441	0.9833	0.3917	0.8900	0.1219s	0.3607	0.8990	0.8925
11
0078	0.1569	0.9833	0.3926	0.8880	0.1240s	0.3618	0.8970	0.8908
12
0079	0.1380	0.9583	0.3879	0.8900	0.1223s	0.3563	0.9000	0.8943
13
0080	0.1282	0.9833	0.3862	0.8920	0.1221s	0.3537	0.8980	0.8920
14
0081	0.1565	0.9583	0.3868	0.8920	0.1234s	0.3529	0.8990	0.8932
15
0082	0.1286	0.9917	0.3886	0.8920	0.1223s	0.3528	0.9010	0.8951
16
0083	0.1420	0.9833	0.3903	0.8920	0.1225s	0.3539	0.9030	0.8970
17
0084	0.1688	0.9667	0.3944	0.8860	0.1233s	0.3592	0.8990	0.8925
18
0085	0.1439	0.9750	0.3963	0.8880	0.1227s	0.3634	0.9000	0.8935
19
0086	0.1512	0.9667	0.3950	0.8940	0.1227s	0.3650	0.9010	0.8948
20
0087	0.1331	0.9917	0.3944	0.8900	0.1232s	0.3673	0.9030	0.8972
21
0088	0.1579	1.0000	0.3904	0.8940	0.1052s	0.3649	0.9030	0.8977
22
0089	0.1544	0.9583	0.3831	0.9000	0.1217s	0.3566	0.9080	0.9030
23
0090	0.1473	0.9667	0.3800	0.8980	0.1247s	0.3504	0.9060	0.9008
0
0091	0.1325	0.9667	0.3805	0.9000	0.1232s	0.3471	0.9080	0.9031
0
0092	0.1267	1.0000	0.3813	0.8980	0.1220s	0.3453	0.9090	0.9042
0
0093	0.1445	0.9917	0.3845	0.8920	0.1233s	0.3478	0.9020	0.8965
1
0094	0.1471	0.9833	0.3921	0.8900	0.1218s	0.3571	0.8980	0.8919
2
0095	0.1282	1.0000	0.4052	0.8820	0.1222s	0.3712	0.8960	0.8899
3
0096	0.1460	0.9750	0.4140	0.8800	0.1231s	0.3808	0.8900	0.8833
4
0097	0.1387	0.9667	0.4160	0.8800	0.1219s	0.3825	0.8880	0.8813
5
0098	0.1483	0.9667	0.4098	0.8800	0.1225s	0.3747	0.8920	0.8856
6
0099	0.1365	0.9583	0.4040	0.8880	0.1233s	0.3664	0.8920	0.8852
7
0100	0.1406	0.9917	0.3943	0.8920	0.1219s	0.3558	0.8950	0.8887
8
0101	0.1311	1.0000	0.3874	0.8940	0.1216s	0.3478	0.9030	0.8978
9
0102	0.1480	0.9667	0.3805	0.9020	0.1226s	0.3415	0.9050	0.9000
10
0103	0.1443	0.9917	0.3730	0.9040	0.1222s	0.3363	0.9060	0.9012
0
0104	0.1731	0.9917	0.3735	0.9000	0.1228s	0.3379	0.9050	0.8998
0
0105	0.1304	0.9833	0.3756	0.8960	0.1220s	0.3406	0.9020	0.8964
1
0106	0.1203	1.0000	0.3804	0.8960	0.1223s	0.3457	0.8990	0.8931
2
0107	0.1468	0.9750	0.3849	0.8940	0.1224s	0.3507	0.8970	0.8908
3
0108	0.1334	0.9833	0.3835	0.8960	0.1230s	0.3517	0.8980	0.8919
4
0109	0.1472	0.9500	0.3814	0.8940	0.1219s	0.3522	0.8990	0.8935
5
0110	0.1588	0.9750	0.3817	0.8940	0.1218s	0.3526	0.9020	0.8966
6
0111	0.1386	0.9750	0.3818	0.8960	0.1219s	0.3532	0.9040	0.8989
7
0112	0.1359	0.9750	0.3776	0.8940	0.1221s	0.3494	0.9070	0.9022
8
0113	0.1500	0.9917	0.3756	0.8960	0.1230s	0.3470	0.9080	0.9028
9
0114	0.1566	0.9750	0.3722	0.9040	0.1219s	0.3418	0.9050	0.8993
10
0115	0.1381	0.9833	0.3776	0.9020	0.1070s	0.3449	0.9010	0.8949
0
0116	0.1611	0.9667	0.3791	0.8980	0.1219s	0.3463	0.9040	0.8981
1
0117	0.1396	0.9917	0.3749	0.8960	0.1216s	0.3446	0.9040	0.8985
2
0118	0.1646	0.9833	0.3751	0.8960	0.1232s	0.3476	0.9040	0.8984
3
0119	0.1272	1.0000	0.3742	0.8960	0.1217s	0.3487	0.9030	0.8976
4
0120	0.1355	0.9833	0.3745	0.8940	0.1216s	0.3505	0.9020	0.8964
5
0121	0.1259	0.9917	0.3711	0.8980	0.1221s	0.3485	0.9040	0.8984
6
0122	0.1406	0.9667	0.3689	0.9020	0.1221s	0.3461	0.9070	0.9014
0
0123	0.1528	0.9750	0.3693	0.9020	0.1220s	0.3451	0.9070	0.9015
0
0124	0.1449	0.9750	0.3734	0.9000	0.1226s	0.3470	0.9060	0.9005
1
0125	0.1686	0.9833	0.3784	0.8940	0.1222s	0.3482	0.9050	0.8995
2
0126	0.1489	0.9750	0.3830	0.8920	0.1222s	0.3507	0.9040	0.8985
3
0127	0.1302	0.9417	0.3865	0.8900	0.1235s	0.3523	0.9020	0.8962
4
0128	0.1511	0.9917	0.3873	0.8920	0.1220s	0.3520	0.9050	0.8997
5
0129	0.1441	1.0000	0.3844	0.8920	0.1221s	0.3496	0.9040	0.8983
6
0130	0.1485	0.9917	0.3776	0.8980	0.1217s	0.3427	0.9070	0.9018
7
0131	0.1428	0.9917	0.3719	0.9040	0.1219s	0.3373	0.9070	0.9022
8
0132	0.1491	0.9917	0.3656	0.9100	0.1231s	0.3324	0.9100	0.9051
0
0133	0.1438	0.9833	0.3650	0.9060	0.1223s	0.3330	0.9080	0.9031
0
0134	0.1536	0.9750	0.3659	0.9040	0.1213s	0.3322	0.9080	0.9033
0
0135	0.1302	0.9917	0.3714	0.9020	0.1222s	0.3350	0.9040	0.8987
1
0136	0.1513	0.9750	0.3811	0.9020	0.1219s	0.3430	0.9040	0.8987
2
0137	0.1400	0.9750	0.3885	0.8960	0.1220s	0.3488	0.9020	0.8962
3
0138	0.1214	0.9917	0.3930	0.8960	0.1218s	0.3532	0.9020	0.8961
4
0139	0.1253	1.0000	0.3950	0.8920	0.1221s	0.3562	0.9030	0.8969
5
0140	0.1315	0.9833	0.3974	0.8960	0.1223s	0.3600	0.9020	0.8958
6
0141	0.1326	0.9917	0.3952	0.9000	0.1227s	0.3612	0.9000	0.8941
7
0142	0.1347	0.9750	0.3888	0.9020	0.1224s	0.3581	0.9040	0.8985
8
0143	0.1488	0.9917	0.3768	0.9040	0.1221s	0.3484	0.9040	0.8992
9
0144	0.1518	0.9750	0.3715	0.9020	0.1090s	0.3439	0.9090	0.9042
10
0145	0.1286	1.0000	0.3717	0.9000	0.1219s	0.3415	0.9050	0.8997
11
0146	0.1403	0.9750	0.3777	0.8980	0.1236s	0.3441	0.9080	0.9030
12
0147	0.1459	0.9750	0.3855	0.9000	0.1224s	0.3496	0.9060	0.9005
13
0148	0.1529	0.9833	0.3919	0.8900	0.1223s	0.3524	0.9040	0.8982
14
0149	0.1479	0.9667	0.3988	0.8900	0.1220s	0.3559	0.9000	0.8939
15
0150	0.1399	1.0000	0.4036	0.8860	0.1221s	0.3580	0.8980	0.8915
16
0151	0.1554	0.9833	0.3961	0.8900	0.1259s	0.3506	0.9010	0.8949
17
0152	0.1509	0.9833	0.3891	0.8940	0.1222s	0.3453	0.9040	0.8982
18
0153	0.1401	1.0000	0.3841	0.8940	0.1218s	0.3417	0.9080	0.9024
19
0154	0.1431	0.9667	0.3827	0.8980	0.1221s	0.3416	0.9090	0.9037
20
0155	0.1470	0.9583	0.3836	0.8980	0.1222s	0.3424	0.9080	0.9026
21
0156	0.1431	0.9750	0.3860	0.8960	0.1222s	0.3432	0.9080	0.9027
22
0157	0.1348	1.0000	0.3910	0.8940	0.1223s	0.3467	0.9060	0.9006
23
0158	0.1320	0.9833	0.4003	0.8880	0.1219s	0.3543	0.8980	0.8914
24
0159	0.1158	0.9917	0.4070	0.8860	0.1222s	0.3592	0.8970	0.8901
25
0160	0.1352	0.9833	0.4084	0.8880	0.1223s	0.3603	0.8970	0.8902
26
0161	0.1503	0.9583	0.4018	0.8920	0.1223s	0.3556	0.9010	0.8949
27
0162	0.1530	0.9833	0.3960	0.8920	0.1220s	0.3524	0.9030	0.8972
28
0163	0.1422	0.9667	0.3868	0.9000	0.1222s	0.3466	0.9040	0.8983
29
0164	0.1247	0.9667	0.3824	0.9020	0.1227s	0.3460	0.9060	0.9005
30
0165	0.1376	0.9667	0.3801	0.9020	0.1224s	0.3459	0.9080	0.9028
31
0166	0.1239	0.9917	0.3835	0.8940	0.1220s	0.3509	0.9080	0.9026
32
0167	0.1561	0.9750	0.3914	0.8940	0.1221s	0.3594	0.9000	0.8940
33
0168	0.1512	1.0000	0.3959	0.8900	0.1223s	0.3635	0.9040	0.8983
34
0169	0.1518	1.0000	0.3992	0.8920	0.1249s	0.3672	0.9020	0.8955
35
0170	0.1407	1.0000	0.3968	0.8920	0.1218s	0.3645	0.9030	0.8972
36
0171	0.1490	0.9750	0.3954	0.8900	0.1226s	0.3630	0.9030	0.8975
37
0172	0.1373	0.9750	0.3898	0.8900	0.1218s	0.3576	0.9040	0.8983
38
0173	0.1317	0.9500	0.3853	0.8940	0.1222s	0.3536	0.9050	0.8992
39
0174	0.1409	0.9833	0.3807	0.9000	0.1218s	0.3492	0.9090	0.9038
40
0175	0.1440	0.9833	0.3783	0.9040	0.1222s	0.3477	0.9050	0.8996
41
0176	0.1083	0.9750	0.3817	0.8960	0.1208s	0.3514	0.9080	0.9031
42
0177	0.1280	0.9917	0.3852	0.8960	0.1211s	0.3549	0.9080	0.9031
43
0178	0.1367	0.9583	0.3859	0.8960	0.1219s	0.3557	0.9080	0.9031
44
0179	0.1292	0.9750	0.3843	0.9040	0.1072s	0.3537	0.9040	0.8986
45
0180	0.1424	0.9833	0.3864	0.9020	0.1142s	0.3556	0.9080	0.9026
46
0181	0.1303	0.9750	0.3887	0.8960	0.1246s	0.3573	0.9060	0.9007
47
0182	0.1346	0.9667	0.3922	0.8940	0.1358s	0.3594	0.9050	0.8997
48
0183	0.1369	0.9833	0.3948	0.8900	0.1176s	0.3615	0.9040	0.8986
49
0184	0.1256	0.9917	0.3907	0.8920	0.1181s	0.3576	0.9060	0.9005
50
0185	0.1291	0.9917	0.3884	0.9000	0.1385s	0.3557	0.9040	0.8981
51
0186	0.1198	0.9917	0.3845	0.9000	0.1404s	0.3524	0.9050	0.8992
52
0187	0.1236	0.9667	0.3886	0.8980	0.1389s	0.3567	0.9050	0.8995
53
0188	0.1293	0.9750	0.3903	0.8960	0.1352s	0.3585	0.9050	0.8995
54
0189	0.1201	0.9917	0.3927	0.8940	0.1388s	0.3616	0.9050	0.8995
55
0190	0.1479	0.9750	0.3910	0.8940	0.1388s	0.3600	0.9040	0.8983
56
0191	0.1294	0.9833	0.3909	0.8900	0.1387s	0.3593	0.9060	0.9005
57
0192	0.1550	0.9833	0.3878	0.8960	0.1389s	0.3529	0.9100	0.9047
58
0193	0.1164	0.9917	0.3908	0.9020	0.1391s	0.3520	0.9080	0.9029
59
0194	0.1433	0.9833	0.4000	0.9020	0.1394s	0.3571	0.9080	0.9025
60
0195	0.1406	0.9750	0.4096	0.8920	0.1397s	0.3635	0.9050	0.8993
61
0196	0.1395	0.9667	0.4025	0.9000	0.1388s	0.3561	0.9070	0.9014
62
0197	0.1311	0.9833	0.3982	0.9000	0.1391s	0.3518	0.9070	0.9015
63
0198	0.1244	0.9917	0.3959	0.9000	0.1393s	0.3503	0.9080	0.9028
64
0199	0.1457	0.9667	0.4018	0.8980	0.1407s	0.3558	0.9050	0.8997
65
0200	0.1378	0.9833	0.4120	0.8960	0.1393s	0.3642	0.9050	0.8994
66
0201	0.1664	0.9583	0.4215	0.8880	0.1392s	0.3723	0.9010	0.8952
67
0202	0.1418	0.9667	0.4214	0.8900	0.1358s	0.3710	0.8990	0.8931
68
0203	0.1424	0.9917	0.4128	0.8920	0.1034s	0.3621	0.9030	0.8972
69
0204	0.1219	0.9833	0.4018	0.8940	0.1166s	0.3499	0.9060	0.9004
70
0205	0.1347	0.9667	0.3957	0.9000	0.1220s	0.3415	0.9100	0.9049
71
0206	0.1342	0.9750	0.3959	0.8980	0.1253s	0.3381	0.9090	0.9041
72
0207	0.1312	0.9500	0.3983	0.8980	0.1221s	0.3395	0.9110	0.9060
73
0208	0.1352	0.9833	0.4043	0.8940	0.1224s	0.3457	0.9090	0.9035
74
0209	0.1324	0.9667	0.4129	0.8900	0.1227s	0.3556	0.9060	0.9000
75
0210	0.1342	0.9750	0.4193	0.8920	0.1260s	0.3634	0.9020	0.8961
76
0211	0.1332	0.9750	0.4218	0.8900	0.1230s	0.3666	0.9020	0.8962
77
0212	0.1506	0.9917	0.4130	0.8900	0.1223s	0.3589	0.9030	0.8974
78
0213	0.1404	0.9750	0.4020	0.8980	0.1229s	0.3473	0.9040	0.8989
79
0214	0.1345	0.9667	0.3989	0.9020	0.1219s	0.3434	0.9070	0.9019
80
0215	0.1239	0.9667	0.3979	0.9000	0.1057s	0.3408	0.9120	0.9073
81
0216	0.1398	0.9750	0.3977	0.9020	0.1194s	0.3402	0.9110	0.9063
82
0217	0.1433	1.0000	0.3990	0.8960	0.1247s	0.3408	0.9110	0.9062
83
0218	0.1557	0.9833	0.4018	0.8960	0.1213s	0.3437	0.9070	0.9020
84
0219	0.1340	0.9917	0.4051	0.8960	0.1214s	0.3494	0.9090	0.9041
85
0220	0.1167	0.9750	0.4053	0.9000	0.1221s	0.3532	0.9060	0.9010
86
0221	0.1302	0.9833	0.4085	0.9000	0.1181s	0.3593	0.9020	0.8965
87
0222	0.1118	0.9833	0.4133	0.8960	0.1208s	0.3656	0.8990	0.8936
88
0223	0.1377	0.9833	0.4106	0.8940	0.1036s	0.3651	0.9010	0.8956
89
0224	0.1303	0.9917	0.4062	0.8960	0.1034s	0.3625	0.9030	0.8979
90
0225	0.1403	1.0000	0.4035	0.8980	0.1042s	0.3609	0.9040	0.8988
91
0226	0.1345	0.9917	0.4041	0.8960	0.1041s	0.3611	0.9080	0.9028
92
0227	0.1407	0.9917	0.4033	0.8940	0.1045s	0.3591	0.9090	0.9036
93
0228	0.1221	0.9917	0.4067	0.8960	0.1170s	0.3617	0.9100	0.9048
94
0229	0.1638	0.9583	0.4127	0.8960	0.1224s	0.3664	0.9070	0.9020
95
0230	0.1369	0.9583	0.4168	0.8920	0.1044s	0.3706	0.9010	0.8956
96
0231	0.1417	0.9667	0.4136	0.8940	0.1039s	0.3689	0.9000	0.8943
97
0232	0.1284	0.9833	0.4104	0.8960	0.1042s	0.3684	0.9020	0.8966
98
0233	0.1272	0.9833	0.4034	0.8960	0.1054s	0.3656	0.9010	0.8953
99
0234	0.1369	0.9917	0.3986	0.8900	0.1199s	0.3637	0.9060	0.9008
100
0235	0.1351	0.9833	0.3979	0.8960	0.1088s	0.3634	0.9060	0.9008
101
0236	0.1282	0.9833	0.3985	0.8920	0.1047s	0.3629	0.9050	0.9002
102
0237	0.1528	0.9833	0.3930	0.9020	0.1211s	0.3559	0.9090	0.9042
103
0238	0.1574	0.9750	0.3877	0.9020	0.1221s	0.3474	0.9080	0.9030
104
0239	0.1373	0.9750	0.3903	0.8980	0.1106s	0.3476	0.9040	0.8989
105
0240	0.1200	0.9750	0.3998	0.8940	0.1218s	0.3557	0.9010	0.8953
106
0241	0.1405	0.9833	0.4168	0.8880	0.1218s	0.3731	0.8960	0.8897
107
0242	0.1467	0.9917	0.4256	0.8800	0.1220s	0.3821	0.8910	0.8842
108
0243	0.1342	0.9917	0.4232	0.8860	0.1222s	0.3808	0.8930	0.8864
109
0244	0.1394	0.9667	0.4114	0.8840	0.1224s	0.3717	0.8970	0.8913
110
0245	0.1309	0.9750	0.3986	0.8880	0.1059s	0.3599	0.9030	0.8976
111
0246	0.1158	1.0000	0.3948	0.8940	0.1044s	0.3556	0.9080	0.9032
112
0247	0.1440	0.9833	0.3916	0.8960	0.1042s	0.3510	0.9120	0.9081
113
0248	0.1459	0.9417	0.3920	0.8980	0.1042s	0.3511	0.9080	0.9035
114
0249	0.1240	0.9833	0.3936	0.8980	0.1215s	0.3522	0.9120	0.9073
115
0250	0.1388	0.9667	0.3969	0.8920	0.1043s	0.3537	0.9080	0.9029
116
0251	0.1523	0.9667	0.4036	0.8940	0.1188s	0.3583	0.9050	0.8997
117
0252	0.1280	0.9833	0.4107	0.8960	0.1214s	0.3633	0.9050	0.8994
118
0253	0.1144	0.9917	0.4120	0.8960	0.1224s	0.3646	0.9030	0.8973
119
0254	0.1348	0.9667	0.4096	0.8940	0.1220s	0.3642	0.9030	0.8976
120
0255	0.1395	0.9667	0.4051	0.8940	0.1212s	0.3637	0.9000	0.8941
121
0256	0.1366	0.9750	0.4015	0.8880	0.1213s	0.3613	0.9030	0.8970
122
0257	0.1221	0.9833	0.4022	0.8880	0.1040s	0.3620	0.9070	0.9014
123
0258	0.1435	0.9667	0.4000	0.8900	0.1039s	0.3588	0.9050	0.8997
124
0259	0.1174	1.0000	0.3986	0.8920	0.1038s	0.3556	0.9040	0.8989
125
0260	0.1448	1.0000	0.4000	0.8900	0.1042s	0.3553	0.9010	0.8955
126
0261	0.1272	0.9917	0.4091	0.8900	0.1217s	0.3620	0.9000	0.8939
127
0262	0.1346	0.9917	0.4156	0.8840	0.1225s	0.3661	0.8970	0.8909
128
0263	0.1365	0.9750	0.4199	0.8880	0.1051s	0.3690	0.8960	0.8900
129
0264	0.1292	0.9917	0.4160	0.8860	0.1053s	0.3651	0.8990	0.8932
130
0265	0.1429	0.9750	0.4083	0.8880	0.1188s	0.3582	0.9000	0.8941
131
0266	0.1407	0.9833	0.3997	0.8880	0.1043s	0.3504	0.9070	0.9022
132
0267	0.1193	1.0000	0.3933	0.8940	0.1042s	0.3456	0.9080	0.9027
133
0268	0.1441	0.9917	0.3869	0.8980	0.1042s	0.3395	0.9100	0.9047
134
0269	0.1162	0.9833	0.3842	0.8980	0.1216s	0.3380	0.9080	0.9029
135
0270	0.1282	0.9917	0.3843	0.9020	0.1096s	0.3382	0.9090	0.9041
136
0271	0.1260	0.9917	0.3882	0.9000	0.1043s	0.3432	0.9040	0.8985
137
0272	0.1325	0.9917	0.3926	0.8960	0.1192s	0.3470	0.9020	0.8964
138
0273	0.1089	0.9917	0.4002	0.8960	0.1048s	0.3536	0.9000	0.8941
139
0274	0.1407	0.9750	0.4103	0.8900	0.1189s	0.3621	0.8990	0.8932
140
0275	0.1413	0.9833	0.4134	0.8840	0.1205s	0.3636	0.9000	0.8940
141
0276	0.1384	0.9750	0.4056	0.8940	0.1060s	0.3554	0.9070	0.9016
142
0277	0.1373	0.9833	0.3955	0.8960	0.1037s	0.3442	0.9070	0.9016
143
0278	0.1283	0.9917	0.3910	0.9020	0.1041s	0.3385	0.9080	0.9027
144
0279	0.1230	0.9833	0.3877	0.9020	0.1190s	0.3366	0.9110	0.9063
145
0280	0.1446	0.9583	0.3858	0.9040	0.1041s	0.3371	0.9150	0.9107
146
0281	0.1297	0.9917	0.3897	0.9000	0.1189s	0.3446	0.9110	0.9061
147
0282	0.1268	0.9667	0.3942	0.8960	0.1045s	0.3514	0.9030	0.8977
148
0283	0.1228	0.9750	0.3992	0.8960	0.1208s	0.3577	0.9020	0.8965
149
0284	0.1149	0.9833	0.3990	0.9000	0.1209s	0.3593	0.9030	0.8981
150
0285	0.1371	0.9750	0.3963	0.8980	0.1208s	0.3582	0.9030	0.8981
151
0286	0.1345	0.9750	0.3945	0.8960	0.1246s	0.3567	0.9010	0.8957
152
0287	0.1453	0.9667	0.3940	0.8960	0.1214s	0.3561	0.9020	0.8967
153
0288	0.1315	0.9583	0.3944	0.9000	0.1206s	0.3566	0.9020	0.8966
154
0289	0.1307	0.9667	0.3951	0.8980	0.1215s	0.3576	0.9050	0.8995
155
0290	0.1418	0.9750	0.3943	0.9000	0.1224s	0.3563	0.9050	0.8996
156
0291	0.1379	0.9917	0.3932	0.9000	0.1223s	0.3540	0.9060	0.9005
157
0292	0.1235	0.9750	0.3932	0.8980	0.1215s	0.3531	0.9040	0.8983
158
0293	0.1337	0.9833	0.3980	0.8960	0.1240s	0.3578	0.8980	0.8919
159
0294	0.1338	1.0000	0.4009	0.8940	0.1219s	0.3617	0.8970	0.8912
160
0295	0.1398	0.9750	0.4013	0.8940	0.1228s	0.3633	0.8980	0.8926
161
0296	0.1432	0.9833	0.4055	0.8840	0.1042s	0.3680	0.8990	0.8938
162
0297	0.1335	0.9583	0.4097	0.8840	0.1222s	0.3724	0.8950	0.8890
163
0298	0.1348	0.9833	0.4138	0.8820	0.1215s	0.3751	0.8950	0.8890
164
0299	0.1236	1.0000	0.4067	0.8880	0.1219s	0.3666	0.9000	0.8948
165
0300	0.1360	0.9833	0.3992	0.8900	0.1230s	0.3549	0.9060	0.9012
166
0301	0.1287	0.9833	0.3908	0.9000	0.1225s	0.3430	0.9040	0.8988
167
0302	0.1297	0.9583	0.3904	0.9000	0.1220s	0.3393	0.9050	0.8995
168
0303	0.1474	0.9833	0.3886	0.8940	0.1220s	0.3355	0.9040	0.8987
169
0304	0.1492	0.9750	0.3908	0.8960	0.1220s	0.3368	0.9030	0.8975
170
0305	0.1361	0.9917	0.3948	0.8940	0.1234s	0.3405	0.9060	0.9005
171
0306	0.1570	0.9750	0.4065	0.8920	0.1213s	0.3521	0.9030	0.8968
172
0307	0.1517	0.9750	0.4153	0.8820	0.1218s	0.3617	0.8960	0.8899
173
0308	0.1442	0.9750	0.4164	0.8840	0.1175s	0.3643	0.8940	0.8878
174
0309	0.1325	0.9667	0.4064	0.8840	0.1222s	0.3568	0.9000	0.8946
175
0310	0.1488	0.9667	0.3956	0.8940	0.1223s	0.3461	0.9020	0.8965
176
0311	0.1285	0.9750	0.3901	0.9000	0.1211s	0.3392	0.9030	0.8974
177
0312	0.1517	1.0000	0.3905	0.8980	0.1217s	0.3382	0.9020	0.8961
178
0313	0.1631	1.0000	0.3949	0.8920	0.1043s	0.3419	0.9010	0.8948
179
0314	0.1203	0.9917	0.3962	0.8960	0.1197s	0.3458	0.9020	0.8958
180
0315	0.1316	0.9833	0.3980	0.8920	0.1223s	0.3507	0.9010	0.8947
181
0316	0.1077	0.9833	0.3975	0.8880	0.1045s	0.3539	0.9030	0.8969
182
0317	0.1185	0.9833	0.3976	0.8900	0.1219s	0.3583	0.9070	0.9013
183
0318	0.1602	0.9833	0.3951	0.8860	0.1216s	0.3589	0.9070	0.9015
184
0319	0.1369	0.9833	0.3922	0.8880	0.1219s	0.3575	0.9050	0.8995
185
0320	0.1293	0.9750	0.3903	0.8920	0.1220s	0.3559	0.9020	0.8964
186
0321	0.1252	0.9750	0.3878	0.8960	0.1219s	0.3532	0.9000	0.8942
187
0322	0.1309	0.9583	0.3906	0.8960	0.1218s	0.3539	0.9020	0.8961
188
0323	0.1394	1.0000	0.3959	0.8900	0.1220s	0.3591	0.9020	0.8957
189
0324	0.1403	0.9917	0.4057	0.8820	0.1271s	0.3678	0.8990	0.8925
190
0325	0.1333	0.9750	0.4116	0.8820	0.1227s	0.3730	0.8980	0.8914
191
0326	0.1235	0.9750	0.4107	0.8840	0.1216s	0.3730	0.8980	0.8913
192
0327	0.1128	1.0000	0.4071	0.8840	0.1223s	0.3708	0.8980	0.8913
193
0328	0.1618	0.9667	0.3979	0.8880	0.1220s	0.3644	0.9020	0.8958
194
0329	0.1359	0.9583	0.3871	0.8940	0.1219s	0.3567	0.9030	0.8970
195
0330	0.1149	0.9917	0.3852	0.8900	0.1223s	0.3575	0.9030	0.8970
196
0331	0.1258	1.0000	0.3862	0.8920	0.1220s	0.3589	0.9020	0.8965
197
0332	0.1418	0.9917	0.3874	0.8940	0.1215s	0.3584	0.9010	0.8953
198
0333	0.1256	0.9833	0.3856	0.8940	0.1221s	0.3543	0.9020	0.8965
199
Early stop! Min loss:0.3650444746017456,  Max accuracy:0.91
Early stop model validation loss:0.3650444746017456,  accuracy:0.906
Optimization Finished!
Total time elapsed: 40.9785s
test max acc:0.9150
Loading 132th epoch
stru_node_to_hop attention:tensor([[0.2511, 0.2499, 0.2496, 0.2494],
        [0.2498, 0.2501, 0.2501, 0.2500],
        [0.2488, 0.2507, 0.2503, 0.2502],
        [0.2517, 0.2516, 0.2487, 0.2481],
        [0.2488, 0.2509, 0.2502, 0.2501],
        [0.2518, 0.2500, 0.2492, 0.2490],
        [0.2518, 0.2492, 0.2495, 0.2494],
        [0.2503, 0.2500, 0.2499, 0.2498],
        [0.2493, 0.2504, 0.2502, 0.2501],
        [0.2488, 0.2506, 0.2503, 0.2502],
        [0.2490, 0.2505, 0.2502, 0.2502],
        [0.2496, 0.2502, 0.2501, 0.2501],
        [0.2502, 0.2500, 0.2499, 0.2499],
        [0.2511, 0.2501, 0.2495, 0.2492],
        [0.2497, 0.2504, 0.2501, 0.2499],
        [0.2502, 0.2504, 0.2498, 0.2496],
        [0.2481, 0.2509, 0.2506, 0.2504],
        [0.2487, 0.2513, 0.2503, 0.2497],
        [0.2499, 0.2500, 0.2500, 0.2500],
        [0.2494, 0.2504, 0.2501, 0.2501],
        [0.2501, 0.2500, 0.2500, 0.2500],
        [0.2484, 0.2517, 0.2501, 0.2498],
        [0.2500, 0.2501, 0.2500, 0.2499],
        [0.2494, 0.2504, 0.2501, 0.2501],
        [0.2497, 0.2502, 0.2501, 0.2500],
        [0.2496, 0.2502, 0.2502, 0.2500],
        [0.2496, 0.2503, 0.2501, 0.2500],
        [0.2495, 0.2506, 0.2500, 0.2499],
        [0.2506, 0.2497, 0.2498, 0.2498],
        [0.2498, 0.2503, 0.2500, 0.2499],
        [0.2485, 0.2510, 0.2504, 0.2501],
        [0.2480, 0.2512, 0.2506, 0.2502],
        [0.2500, 0.2501, 0.2500, 0.2499],
        [0.2498, 0.2502, 0.2501, 0.2500],
        [0.2478, 0.2509, 0.2507, 0.2506],
        [0.2499, 0.2502, 0.2499, 0.2499],
        [0.2498, 0.2501, 0.2502, 0.2499],
        [0.2487, 0.2504, 0.2504, 0.2504],
        [0.2490, 0.2506, 0.2503, 0.2501],
        [0.2504, 0.2498, 0.2499, 0.2498],
        [0.2499, 0.2501, 0.2500, 0.2500],
        [0.2501, 0.2502, 0.2499, 0.2498],
        [0.2497, 0.2503, 0.2500, 0.2500],
        [0.2501, 0.2500, 0.2500, 0.2500],
        [0.2488, 0.2504, 0.2505, 0.2502],
        [0.1846, 0.1858, 0.2805, 0.3492],
        [0.2493, 0.2503, 0.2503, 0.2502],
        [0.2497, 0.2505, 0.2500, 0.2498],
        [0.2490, 0.2505, 0.2503, 0.2502],
        [0.2501, 0.2500, 0.2500, 0.2500],
        [0.2480, 0.2507, 0.2506, 0.2507],
        [0.2491, 0.2506, 0.2502, 0.2501],
        [0.2502, 0.2499, 0.2499, 0.2499],
        [0.2503, 0.2498, 0.2500, 0.2499],
        [0.2477, 0.2517, 0.2504, 0.2502],
        [0.2492, 0.2504, 0.2502, 0.2503],
        [0.2503, 0.2511, 0.2495, 0.2491],
        [0.2480, 0.2508, 0.2507, 0.2505],
        [0.2492, 0.2506, 0.2502, 0.2500],
        [0.2484, 0.2516, 0.2502, 0.2498],
        [0.2510, 0.2499, 0.2496, 0.2495],
        [0.2464, 0.2515, 0.2511, 0.2509],
        [0.2506, 0.2501, 0.2497, 0.2496],
        [0.2497, 0.2505, 0.2500, 0.2497],
        [0.2497, 0.2502, 0.2501, 0.2500],
        [0.2497, 0.2500, 0.2501, 0.2502],
        [0.2491, 0.2518, 0.2500, 0.2492],
        [0.2480, 0.2504, 0.2507, 0.2508],
        [0.2497, 0.2501, 0.2501, 0.2501],
        [0.2495, 0.2502, 0.2502, 0.2501],
        [0.2490, 0.2514, 0.2499, 0.2497],
        [0.2500, 0.2500, 0.2500, 0.2500],
        [0.2491, 0.2505, 0.2503, 0.2502],
        [0.2494, 0.2509, 0.2500, 0.2497],
        [0.2499, 0.2500, 0.2500, 0.2500],
        [0.2505, 0.2499, 0.2499, 0.2497],
        [0.2505, 0.2504, 0.2497, 0.2494],
        [0.2512, 0.2493, 0.2497, 0.2498],
        [0.2501, 0.2500, 0.2500, 0.2500],
        [0.2497, 0.2500, 0.2501, 0.2501],
        [0.2504, 0.2502, 0.2499, 0.2494],
        [0.2471, 0.2516, 0.2508, 0.2505],
        [0.2506, 0.2500, 0.2498, 0.2496],
        [0.2489, 0.2506, 0.2503, 0.2502],
        [0.2501, 0.2500, 0.2499, 0.2499],
        [0.2499, 0.2500, 0.2500, 0.2500],
        [0.2491, 0.2502, 0.2503, 0.2504],
        [0.2492, 0.2505, 0.2502, 0.2501],
        [0.2493, 0.2510, 0.2500, 0.2497],
        [0.2514, 0.2494, 0.2497, 0.2495],
        [0.2500, 0.2501, 0.2500, 0.2500],
        [0.2498, 0.2501, 0.2501, 0.2500],
        [0.2501, 0.2499, 0.2500, 0.2500],
        [0.2485, 0.2506, 0.2505, 0.2504],
        [0.2496, 0.2503, 0.2501, 0.2500],
        [0.2500, 0.2500, 0.2500, 0.2500],
        [0.2488, 0.2507, 0.2503, 0.2502],
        [0.2498, 0.2499, 0.2501, 0.2502],
        [0.2498, 0.2505, 0.2500, 0.2498],
        [0.2508, 0.2500, 0.2497, 0.2495]], device='cuda:1')
fea_node_to_hop attention:tensor([[0.3294, 0.3365, 0.3341],
        [0.3328, 0.3335, 0.3336],
        [0.3331, 0.3319, 0.3349],
        [0.3325, 0.3330, 0.3346],
        [0.3315, 0.3336, 0.3349],
        [0.3314, 0.3331, 0.3355],
        [0.3307, 0.3326, 0.3367],
        [0.3322, 0.3335, 0.3343],
        [0.3303, 0.3351, 0.3347],
        [0.3303, 0.3339, 0.3358],
        [0.3315, 0.3336, 0.3350],
        [0.3321, 0.3339, 0.3341],
        [0.3332, 0.3332, 0.3336],
        [0.3305, 0.3344, 0.3351],
        [0.3293, 0.3349, 0.3357],
        [0.3322, 0.3337, 0.3341],
        [0.3275, 0.3354, 0.3371],
        [0.3325, 0.3328, 0.3347],
        [0.3332, 0.3333, 0.3334],
        [0.3318, 0.3335, 0.3346],
        [0.3350, 0.3323, 0.3327],
        [0.3308, 0.3341, 0.3351],
        [0.3319, 0.3338, 0.3343],
        [0.3325, 0.3340, 0.3335],
        [0.3322, 0.3339, 0.3339],
        [0.3327, 0.3331, 0.3341],
        [0.3319, 0.3335, 0.3347],
        [0.3314, 0.3338, 0.3348],
        [0.3312, 0.3341, 0.3347],
        [0.3327, 0.3340, 0.3334],
        [0.3281, 0.3352, 0.3367],
        [0.3289, 0.3339, 0.3372],
        [0.3333, 0.3335, 0.3332],
        [0.3318, 0.3334, 0.3348],
        [0.3318, 0.3342, 0.3340],
        [0.3313, 0.3338, 0.3349],
        [0.3313, 0.3339, 0.3348],
        [0.3349, 0.3321, 0.3330],
        [0.3296, 0.3343, 0.3361],
        [0.3304, 0.3347, 0.3348],
        [0.3317, 0.3335, 0.3348],
        [0.3307, 0.3348, 0.3345],
        [0.3322, 0.3340, 0.3337],
        [0.3337, 0.3331, 0.3332],
        [0.3323, 0.3348, 0.3330],
        [0.2811, 0.3986, 0.3202],
        [0.3302, 0.3346, 0.3352],
        [0.3319, 0.3335, 0.3346],
        [0.3303, 0.3344, 0.3353],
        [0.3333, 0.3333, 0.3334],
        [0.3325, 0.3337, 0.3338],
        [0.3319, 0.3337, 0.3344],
        [0.3336, 0.3332, 0.3332],
        [0.3302, 0.3335, 0.3363],
        [0.3320, 0.3335, 0.3345],
        [0.3317, 0.3337, 0.3346],
        [0.3318, 0.3336, 0.3345],
        [0.3296, 0.3349, 0.3355],
        [0.3323, 0.3334, 0.3344],
        [0.3333, 0.3320, 0.3348],
        [0.3326, 0.3329, 0.3345],
        [0.3259, 0.3355, 0.3386],
        [0.3334, 0.3330, 0.3336],
        [0.3325, 0.3336, 0.3339],
        [0.3321, 0.3341, 0.3338],
        [0.3317, 0.3336, 0.3346],
        [0.3293, 0.3351, 0.3356],
        [0.3312, 0.3338, 0.3350],
        [0.3336, 0.3332, 0.3331],
        [0.3308, 0.3343, 0.3349],
        [0.3323, 0.3336, 0.3341],
        [0.3334, 0.3332, 0.3335],
        [0.3319, 0.3337, 0.3344],
        [0.3309, 0.3333, 0.3358],
        [0.3331, 0.3334, 0.3335],
        [0.3316, 0.3332, 0.3351],
        [0.3308, 0.3335, 0.3357],
        [0.3295, 0.3342, 0.3363],
        [0.3335, 0.3336, 0.3329],
        [0.3279, 0.3358, 0.3362],
        [0.3316, 0.3344, 0.3340],
        [0.3292, 0.3352, 0.3356],
        [0.3294, 0.3342, 0.3363],
        [0.3289, 0.3353, 0.3359],
        [0.3337, 0.3331, 0.3332],
        [0.3310, 0.3352, 0.3339],
        [0.3323, 0.3343, 0.3334],
        [0.3323, 0.3337, 0.3339],
        [0.3303, 0.3340, 0.3356],
        [0.3317, 0.3333, 0.3350],
        [0.3327, 0.3334, 0.3339],
        [0.3328, 0.3335, 0.3337],
        [0.3330, 0.3332, 0.3337],
        [0.3295, 0.3352, 0.3353],
        [0.3317, 0.3340, 0.3344],
        [0.3334, 0.3333, 0.3332],
        [0.3313, 0.3345, 0.3342],
        [0.3335, 0.3327, 0.3338],
        [0.3318, 0.3330, 0.3353],
        [0.3314, 0.3342, 0.3344]], device='cuda:1')
perception attention:tensor([0.5000, 0.5000], device='cuda:1')
Test set results: loss= 0.3330 accuracy= 0.9080 F1_score= 0.9031
