# epoch	loss_train	acc_train	loss_val	acc_val	time	acc_test	f1_test
0001	1.7942	0.1917	1.6923	0.3860	0.1217s	1.6815	0.3870	0.2667
0
0002	1.6940	0.3583	1.5434	0.4180	0.1213s	1.5192	0.4050	0.2988
0
0003	1.5516	0.4250	1.3779	0.5040	0.1223s	1.3479	0.5370	0.4569
0
0004	1.3736	0.5750	1.1983	0.7040	0.1224s	1.1705	0.7390	0.7094
0
0005	1.1420	0.8167	1.0287	0.8400	0.1219s	1.0031	0.8510	0.8400
0
0006	0.9855	0.8333	0.8895	0.8760	0.1220s	0.8656	0.8670	0.8612
0
0007	0.8490	0.8667	0.7674	0.8800	0.1217s	0.7410	0.8790	0.8738
0
0008	0.7248	0.8250	0.6684	0.8840	0.1219s	0.6369	0.8790	0.8732
0
0009	0.6175	0.9167	0.5998	0.8740	0.1217s	0.5631	0.8860	0.8778
0
0010	0.5251	0.9000	0.5413	0.8800	0.1217s	0.4999	0.8990	0.8917
0
0011	0.4747	0.8750	0.4890	0.8920	0.1223s	0.4456	0.9030	0.8968
0
0012	0.4096	0.9167	0.4477	0.8920	0.1223s	0.4075	0.8980	0.8922
0
0013	0.3792	0.9333	0.4208	0.8920	0.1221s	0.3834	0.8980	0.8921
0
0014	0.3111	0.9500	0.4028	0.8900	0.1221s	0.3683	0.8970	0.8915
0
0015	0.3132	0.9250	0.3933	0.8820	0.1221s	0.3622	0.8960	0.8897
0
0016	0.2809	0.9333	0.3819	0.8920	0.1210s	0.3514	0.9000	0.8939
0
0017	0.2794	0.9500	0.3758	0.8900	0.1210s	0.3460	0.9020	0.8960
0
0018	0.2331	0.9750	0.3750	0.8980	0.1045s	0.3449	0.8990	0.8933
0
0019	0.2291	0.9333	0.3781	0.8920	0.1162s	0.3468	0.8980	0.8913
0
0020	0.2249	0.9500	0.3859	0.8840	0.1220s	0.3531	0.9000	0.8930
1
0021	0.2309	0.9417	0.3901	0.8860	0.1058s	0.3575	0.8960	0.8881
2
0022	0.2082	0.9500	0.3918	0.8900	0.1171s	0.3601	0.8970	0.8901
3
0023	0.2066	0.9667	0.3894	0.8900	0.1275s	0.3598	0.8980	0.8919
4
0024	0.1994	0.9500	0.3887	0.8860	0.1391s	0.3602	0.8960	0.8903
5
0025	0.1865	0.9583	0.3894	0.8800	0.1393s	0.3622	0.8940	0.8879
6
0026	0.1883	0.9333	0.3926	0.8840	0.1390s	0.3657	0.8950	0.8888
7
0027	0.1920	0.9500	0.3921	0.8940	0.1397s	0.3649	0.8930	0.8859
8
0028	0.1737	0.9750	0.3943	0.8940	0.1080s	0.3656	0.8960	0.8890
9
0029	0.2180	0.9583	0.3987	0.8940	0.1196s	0.3675	0.8950	0.8877
10
0030	0.1769	0.9667	0.4077	0.8840	0.1210s	0.3748	0.8920	0.8843
11
0031	0.1864	0.9583	0.4105	0.8840	0.1057s	0.3773	0.8960	0.8885
12
0032	0.1731	0.9917	0.4087	0.8900	0.1047s	0.3762	0.8990	0.8920
13
0033	0.1592	0.9833	0.4031	0.8940	0.1226s	0.3730	0.8970	0.8906
14
0034	0.1612	0.9833	0.3991	0.8920	0.1220s	0.3725	0.8950	0.8885
15
0035	0.1487	0.9667	0.3963	0.8860	0.1048s	0.3722	0.8930	0.8872
16
0036	0.1805	0.9667	0.3974	0.8840	0.1057s	0.3760	0.8920	0.8863
17
0037	0.1494	0.9833	0.4005	0.8820	0.1047s	0.3812	0.8900	0.8833
18
0038	0.1314	0.9667	0.4019	0.8800	0.1194s	0.3828	0.8890	0.8823
19
0039	0.1718	0.9750	0.3974	0.8840	0.1222s	0.3771	0.8890	0.8825
20
0040	0.1522	0.9750	0.3929	0.8900	0.1224s	0.3698	0.8900	0.8830
21
0041	0.1637	0.9667	0.3920	0.8940	0.1224s	0.3663	0.8900	0.8825
22
0042	0.1599	0.9833	0.3925	0.8940	0.1221s	0.3652	0.8940	0.8868
23
0043	0.1545	0.9667	0.3952	0.8920	0.1219s	0.3678	0.8910	0.8833
24
0044	0.1764	0.9750	0.3981	0.8940	0.1194s	0.3705	0.8890	0.8811
25
0045	0.1686	0.9667	0.3971	0.8920	0.1221s	0.3708	0.8900	0.8824
26
0046	0.1508	0.9750	0.3943	0.8900	0.1221s	0.3695	0.8900	0.8824
27
0047	0.1538	0.9833	0.3916	0.8920	0.1224s	0.3683	0.8900	0.8823
28
0048	0.1798	0.9750	0.3905	0.8900	0.1229s	0.3684	0.8900	0.8828
29
0049	0.1786	0.9917	0.3932	0.8900	0.1222s	0.3720	0.8910	0.8838
30
0050	0.1711	0.9583	0.3944	0.8900	0.1224s	0.3747	0.8920	0.8854
31
0051	0.1508	0.9583	0.3897	0.8900	0.1222s	0.3722	0.8910	0.8848
32
0052	0.1572	0.9833	0.3866	0.8880	0.1207s	0.3708	0.8910	0.8846
33
0053	0.1639	0.9917	0.3813	0.8880	0.1222s	0.3654	0.8910	0.8847
34
0054	0.1437	1.0000	0.3749	0.8920	0.1220s	0.3573	0.8950	0.8893
35
0055	0.1470	0.9917	0.3720	0.8920	0.1218s	0.3526	0.8970	0.8911
0
0056	0.1488	0.9667	0.3712	0.8940	0.1216s	0.3498	0.9010	0.8956
0
0057	0.1592	0.9917	0.3746	0.8920	0.1052s	0.3515	0.8980	0.8922
0
0058	0.1568	0.9750	0.3805	0.8880	0.1221s	0.3574	0.8950	0.8888
1
0059	0.1434	0.9667	0.3897	0.8900	0.1219s	0.3661	0.8890	0.8825
2
0060	0.1476	0.9833	0.3970	0.8900	0.1218s	0.3733	0.8860	0.8792
3
0061	0.1450	1.0000	0.4022	0.8880	0.1072s	0.3801	0.8840	0.8766
4
0062	0.1615	0.9917	0.3969	0.8920	0.1225s	0.3755	0.8900	0.8832
5
0063	0.1621	0.9833	0.3823	0.8940	0.1248s	0.3614	0.8940	0.8877
6
0064	0.1424	0.9833	0.3718	0.8940	0.1224s	0.3519	0.8950	0.8888
7
0065	0.1579	1.0000	0.3680	0.8920	0.1047s	0.3483	0.9010	0.8958
8
0066	0.1697	0.9833	0.3696	0.8940	0.1225s	0.3499	0.8980	0.8929
0
0067	0.1616	0.9833	0.3726	0.8920	0.1048s	0.3535	0.8970	0.8919
1
0068	0.1667	0.9583	0.3734	0.8920	0.1074s	0.3538	0.8980	0.8926
2
0069	0.1561	0.9750	0.3769	0.8960	0.1221s	0.3553	0.8970	0.8909
3
0070	0.1287	0.9917	0.3888	0.8920	0.1131s	0.3657	0.8940	0.8877
4
0071	0.1229	0.9833	0.3982	0.8860	0.1176s	0.3743	0.8930	0.8873
5
0072	0.1509	0.9667	0.4025	0.8820	0.1197s	0.3790	0.8920	0.8862
6
0073	0.1476	0.9583	0.3991	0.8860	0.1221s	0.3768	0.8930	0.8871
7
0074	0.1513	0.9833	0.3972	0.8900	0.1220s	0.3761	0.8900	0.8833
8
0075	0.1447	0.9833	0.3916	0.8920	0.1222s	0.3716	0.8940	0.8873
9
0076	0.1623	0.9833	0.3876	0.8900	0.1222s	0.3690	0.8970	0.8903
10
0077	0.1576	0.9917	0.3846	0.8880	0.1223s	0.3666	0.8990	0.8935
11
0078	0.1358	0.9750	0.3830	0.8880	0.1220s	0.3648	0.9000	0.8946
12
0079	0.1466	0.9833	0.3812	0.8940	0.1218s	0.3625	0.9000	0.8943
13
0080	0.1468	0.9917	0.3807	0.8940	0.1223s	0.3601	0.9040	0.8983
14
0081	0.1476	0.9833	0.3846	0.8960	0.1219s	0.3624	0.9000	0.8937
15
0082	0.1318	0.9583	0.3918	0.8960	0.1223s	0.3679	0.8980	0.8915
16
0083	0.1621	0.9750	0.3944	0.8940	0.1214s	0.3687	0.8990	0.8928
17
0084	0.1563	0.9667	0.3900	0.8960	0.1219s	0.3632	0.8990	0.8934
18
0085	0.1393	0.9667	0.3834	0.9020	0.1218s	0.3566	0.9020	0.8964
19
0086	0.1300	1.0000	0.3776	0.9020	0.1219s	0.3519	0.9020	0.8963
0
0087	0.1650	0.9833	0.3767	0.9000	0.1213s	0.3500	0.9000	0.8943
0
0088	0.1610	0.9750	0.3787	0.9000	0.1221s	0.3512	0.9010	0.8954
1
0089	0.1479	0.9750	0.3804	0.8980	0.1221s	0.3532	0.9010	0.8954
2
0090	0.1489	0.9917	0.3828	0.8940	0.1222s	0.3581	0.9000	0.8941
3
0091	0.1344	0.9750	0.3842	0.8940	0.1215s	0.3619	0.9040	0.8981
4
0092	0.1403	0.9917	0.3788	0.8940	0.1221s	0.3580	0.9000	0.8942
5
0093	0.1602	0.9750	0.3672	0.9060	0.1219s	0.3452	0.9060	0.9007
6
0094	0.1494	0.9667	0.3637	0.9100	0.1222s	0.3402	0.9040	0.8988
0
0095	0.1464	0.9917	0.3653	0.9100	0.1228s	0.3397	0.9010	0.8960
0
0096	0.1471	0.9667	0.3705	0.9100	0.1221s	0.3440	0.9000	0.8949
0
0097	0.1478	0.9833	0.3720	0.9140	0.1225s	0.3444	0.9010	0.8959
0
0098	0.1391	0.9833	0.3741	0.9120	0.1221s	0.3470	0.9020	0.8971
0
0099	0.1538	0.9833	0.3753	0.9080	0.1222s	0.3505	0.9050	0.9001
1
0100	0.1510	0.9833	0.3749	0.9000	0.1219s	0.3518	0.9010	0.8954
2
0101	0.1363	0.9917	0.3747	0.9000	0.1219s	0.3532	0.9060	0.9008
3
0102	0.1505	0.9667	0.3728	0.9020	0.1221s	0.3509	0.9070	0.9017
4
0103	0.1561	0.9583	0.3723	0.9060	0.1222s	0.3487	0.9030	0.8974
5
0104	0.1378	0.9667	0.3691	0.9140	0.1221s	0.3453	0.9060	0.9009
6
0105	0.1525	0.9833	0.3680	0.9120	0.1224s	0.3464	0.9080	0.9029
0
0106	0.1337	0.9917	0.3682	0.9080	0.1224s	0.3499	0.9090	0.9040
1
0107	0.1308	1.0000	0.3695	0.9040	0.1222s	0.3531	0.9060	0.9006
2
0108	0.1369	0.9917	0.3727	0.9060	0.1223s	0.3573	0.9080	0.9027
3
0109	0.1204	0.9833	0.3750	0.9060	0.1221s	0.3598	0.9070	0.9014
4
0110	0.1446	0.9750	0.3717	0.9100	0.1219s	0.3562	0.9060	0.9002
5
0111	0.1456	0.9750	0.3660	0.9160	0.1224s	0.3488	0.9090	0.9043
6
0112	0.1247	0.9833	0.3619	0.9160	0.1217s	0.3435	0.9130	0.9088
0
0113	0.1349	0.9667	0.3598	0.9140	0.1217s	0.3413	0.9150	0.9109
0
0114	0.1460	0.9833	0.3590	0.9160	0.1224s	0.3431	0.9160	0.9117
0
0115	0.1382	0.9833	0.3633	0.9120	0.1216s	0.3506	0.9120	0.9070
0
0116	0.1288	0.9833	0.3752	0.8960	0.1220s	0.3659	0.9040	0.8980
1
0117	0.1495	0.9917	0.3832	0.8940	0.1221s	0.3734	0.9030	0.8968
2
0118	0.1486	0.9833	0.3886	0.8940	0.1220s	0.3774	0.9000	0.8934
3
0119	0.1473	0.9667	0.3807	0.8980	0.1213s	0.3674	0.9050	0.8991
4
0120	0.1504	1.0000	0.3671	0.9040	0.1219s	0.3504	0.9100	0.9047
5
0121	0.1388	0.9750	0.3602	0.9200	0.1218s	0.3393	0.9110	0.9062
6
0122	0.1320	0.9833	0.3587	0.9160	0.1220s	0.3334	0.9120	0.9076
0
0123	0.1596	0.9917	0.3626	0.9100	0.1221s	0.3340	0.9140	0.9096
0
0124	0.1470	0.9417	0.3685	0.9100	0.1217s	0.3403	0.9110	0.9061
1
0125	0.1427	0.9500	0.3783	0.8980	0.1216s	0.3526	0.9010	0.8949
2
0126	0.1683	0.9833	0.3861	0.8900	0.1215s	0.3620	0.9070	0.9012
3
0127	0.1298	0.9833	0.3896	0.8900	0.1223s	0.3672	0.9000	0.8931
4
0128	0.1265	0.9833	0.3880	0.8900	0.1222s	0.3660	0.9020	0.8952
5
0129	0.1443	0.9750	0.3825	0.8920	0.1218s	0.3595	0.9050	0.8989
6
0130	0.1572	0.9583	0.3717	0.8980	0.1057s	0.3464	0.9080	0.9025
7
0131	0.1249	1.0000	0.3648	0.9060	0.1198s	0.3364	0.9090	0.9040
8
0132	0.1598	0.9917	0.3621	0.9060	0.1221s	0.3291	0.9110	0.9065
9
0133	0.1485	0.9667	0.3627	0.9120	0.1221s	0.3275	0.9100	0.9058
10
0134	0.1376	0.9833	0.3696	0.9100	0.1221s	0.3329	0.9110	0.9065
11
0135	0.1600	0.9667	0.3767	0.9080	0.1225s	0.3439	0.9080	0.9029
12
0136	0.1231	0.9917	0.3861	0.8980	0.1223s	0.3563	0.9000	0.8941
13
0137	0.1487	0.9917	0.3856	0.8920	0.1215s	0.3584	0.8980	0.8920
14
0138	0.1486	0.9833	0.3780	0.8960	0.1222s	0.3548	0.9030	0.8973
15
0139	0.1489	0.9917	0.3749	0.8960	0.1221s	0.3546	0.9030	0.8976
16
0140	0.1401	0.9667	0.3718	0.9100	0.1217s	0.3515	0.9040	0.8992
17
0141	0.1635	0.9833	0.3625	0.9080	0.1220s	0.3379	0.9070	0.9026
18
0142	0.1391	1.0000	0.3589	0.9060	0.1219s	0.3280	0.9140	0.9099
19
0143	0.1280	0.9833	0.3621	0.9100	0.1224s	0.3278	0.9130	0.9089
20
0144	0.1447	0.9750	0.3697	0.9100	0.1226s	0.3350	0.9060	0.9010
21
0145	0.1451	0.9583	0.3787	0.9000	0.1221s	0.3465	0.9050	0.8998
22
0146	0.1478	0.9833	0.3789	0.9000	0.1226s	0.3505	0.9010	0.8952
23
0147	0.1374	0.9833	0.3765	0.8960	0.1220s	0.3499	0.9030	0.8972
24
0148	0.1384	0.9667	0.3756	0.9000	0.1230s	0.3503	0.9040	0.8984
25
0149	0.1580	0.9667	0.3740	0.9000	0.1220s	0.3493	0.9050	0.8995
26
0150	0.1569	0.9500	0.3723	0.9000	0.1218s	0.3464	0.9060	0.9007
27
0151	0.1362	0.9917	0.3704	0.9060	0.1222s	0.3418	0.9070	0.9018
28
0152	0.1364	0.9750	0.3705	0.9100	0.1218s	0.3384	0.9100	0.9051
29
0153	0.1602	0.9917	0.3745	0.9080	0.1218s	0.3410	0.9090	0.9042
30
0154	0.1444	0.9583	0.3801	0.9060	0.1226s	0.3466	0.9060	0.9008
31
0155	0.1292	0.9750	0.3844	0.9000	0.1233s	0.3509	0.9040	0.8983
32
0156	0.1331	0.9583	0.3849	0.9000	0.1225s	0.3506	0.9050	0.8994
33
0157	0.1402	0.9833	0.3836	0.9000	0.1225s	0.3487	0.9040	0.8982
34
0158	0.1333	0.9667	0.3848	0.9020	0.1221s	0.3493	0.9040	0.8981
35
0159	0.1401	0.9833	0.3856	0.9020	0.1221s	0.3494	0.9040	0.8982
36
0160	0.1167	0.9750	0.3908	0.9020	0.1224s	0.3531	0.9020	0.8963
37
0161	0.1369	0.9667	0.3918	0.9020	0.1220s	0.3526	0.9000	0.8940
38
0162	0.1256	0.9917	0.3867	0.9040	0.1108s	0.3481	0.8990	0.8930
39
0163	0.1280	0.9667	0.3799	0.9100	0.1220s	0.3437	0.9030	0.8975
40
0164	0.1476	0.9833	0.3794	0.9100	0.1220s	0.3435	0.9020	0.8964
41
0165	0.1469	0.9750	0.3800	0.9040	0.1216s	0.3454	0.9030	0.8976
42
0166	0.1667	0.9667	0.3828	0.9040	0.1226s	0.3485	0.9030	0.8974
43
0167	0.1249	0.9833	0.3834	0.9040	0.1222s	0.3495	0.9030	0.8977
44
0168	0.1275	0.9917	0.3827	0.9040	0.1221s	0.3497	0.9000	0.8944
45
0169	0.1321	0.9917	0.3832	0.9040	0.1223s	0.3511	0.8990	0.8930
46
0170	0.1490	1.0000	0.3845	0.8980	0.1215s	0.3521	0.8990	0.8930
47
0171	0.1263	0.9750	0.3815	0.8980	0.1222s	0.3480	0.9020	0.8962
48
0172	0.1567	0.9750	0.3757	0.9060	0.1224s	0.3421	0.9010	0.8956
49
0173	0.1455	0.9833	0.3758	0.9120	0.1222s	0.3452	0.9050	0.8997
50
0174	0.1340	0.9750	0.3763	0.9120	0.1216s	0.3468	0.9060	0.9010
51
0175	0.1679	0.9750	0.3766	0.9080	0.1217s	0.3480	0.9070	0.9017
52
0176	0.1307	0.9833	0.3789	0.9040	0.1217s	0.3508	0.9000	0.8940
53
0177	0.1303	0.9833	0.3852	0.9020	0.1223s	0.3572	0.8980	0.8919
54
0178	0.1351	0.9750	0.3955	0.8880	0.1216s	0.3657	0.8970	0.8910
55
0179	0.1481	0.9667	0.4032	0.8840	0.1218s	0.3702	0.8930	0.8869
56
0180	0.1466	1.0000	0.3967	0.8900	0.1218s	0.3623	0.8970	0.8911
57
0181	0.1318	0.9750	0.3857	0.8960	0.1218s	0.3491	0.9010	0.8954
58
0182	0.1358	0.9750	0.3762	0.9020	0.1220s	0.3385	0.9030	0.8977
59
0183	0.1355	0.9917	0.3713	0.9120	0.1043s	0.3331	0.9080	0.9031
60
0184	0.1287	0.9667	0.3707	0.9140	0.1214s	0.3320	0.9110	0.9067
61
0185	0.1250	1.0000	0.3704	0.9120	0.1225s	0.3329	0.9100	0.9056
62
0186	0.1358	0.9833	0.3713	0.9040	0.1210s	0.3364	0.9040	0.8991
63
0187	0.1328	0.9833	0.3787	0.8980	0.1221s	0.3461	0.9040	0.8994
64
0188	0.1412	0.9583	0.3950	0.8880	0.1227s	0.3635	0.8960	0.8911
65
0189	0.1323	0.9667	0.4089	0.8820	0.1223s	0.3768	0.8920	0.8870
66
0190	0.1425	0.9750	0.4108	0.8820	0.1219s	0.3767	0.8930	0.8877
67
0191	0.1628	0.9667	0.3958	0.8900	0.1223s	0.3603	0.8980	0.8933
68
0192	0.1220	0.9667	0.3791	0.8980	0.1220s	0.3405	0.9040	0.8992
69
0193	0.1432	0.9667	0.3708	0.9040	0.1217s	0.3294	0.9110	0.9066
70
0194	0.1487	0.9917	0.3672	0.9040	0.1216s	0.3263	0.9130	0.9089
71
0195	0.1209	0.9667	0.3641	0.9040	0.1222s	0.3258	0.9120	0.9079
72
0196	0.1385	0.9833	0.3652	0.9080	0.1238s	0.3305	0.9070	0.9023
73
0197	0.1400	0.9917	0.3715	0.9020	0.1221s	0.3400	0.9090	0.9046
74
0198	0.1104	1.0000	0.3835	0.8920	0.1224s	0.3535	0.9070	0.9021
75
0199	0.1374	0.9667	0.3943	0.8840	0.1220s	0.3644	0.9000	0.8942
76
0200	0.1194	0.9833	0.3993	0.8820	0.1221s	0.3699	0.8990	0.8928
77
0201	0.1235	0.9917	0.3979	0.8840	0.1222s	0.3694	0.8980	0.8917
78
0202	0.1561	0.9667	0.3788	0.8940	0.1223s	0.3507	0.9060	0.9011
79
0203	0.1459	0.9750	0.3639	0.9020	0.1221s	0.3335	0.9090	0.9041
80
0204	0.1253	0.9750	0.3611	0.9020	0.1217s	0.3278	0.9120	0.9080
81
0205	0.1280	0.9917	0.3617	0.9000	0.1221s	0.3273	0.9110	0.9072
82
0206	0.1626	0.9833	0.3618	0.9020	0.1220s	0.3301	0.9090	0.9046
83
0207	0.1452	0.9750	0.3686	0.9020	0.1096s	0.3412	0.9070	0.9020
84
0208	0.1266	0.9917	0.3845	0.8980	0.1215s	0.3596	0.9080	0.9030
85
0209	0.1719	0.9917	0.4068	0.8860	0.1226s	0.3810	0.8970	0.8901
86
0210	0.1276	0.9833	0.4172	0.8800	0.1220s	0.3892	0.8930	0.8861
87
0211	0.1546	0.9667	0.4080	0.8840	0.1044s	0.3782	0.8950	0.8886
88
0212	0.1355	0.9500	0.3848	0.9000	0.1042s	0.3537	0.9080	0.9027
89
0213	0.1234	0.9833	0.3727	0.9100	0.1043s	0.3365	0.9090	0.9041
90
0214	0.1275	0.9917	0.3733	0.9080	0.1047s	0.3312	0.9170	0.9136
91
0215	0.1451	0.9583	0.3745	0.9060	0.1157s	0.3320	0.9160	0.9125
92
0216	0.1779	0.9750	0.3771	0.9060	0.1195s	0.3375	0.9120	0.9075
93
0217	0.1252	0.9917	0.3908	0.8940	0.1219s	0.3513	0.9070	0.9016
94
0218	0.1358	0.9917	0.4077	0.8880	0.1171s	0.3690	0.8980	0.8913
95
0219	0.1325	0.9917	0.4217	0.8840	0.1195s	0.3829	0.8920	0.8846
96
0220	0.1422	0.9583	0.4207	0.8800	0.1046s	0.3831	0.8940	0.8870
97
0221	0.1587	0.9917	0.4107	0.8860	0.1218s	0.3714	0.8920	0.8853
98
0222	0.1276	0.9917	0.3944	0.8960	0.1220s	0.3533	0.9030	0.8972
99
0223	0.1356	0.9917	0.3854	0.9020	0.1223s	0.3415	0.9090	0.9041
100
0224	0.1218	0.9833	0.3806	0.9040	0.1195s	0.3355	0.9100	0.9054
101
0225	0.1266	0.9833	0.3771	0.9020	0.1204s	0.3324	0.9100	0.9057
102
0226	0.1279	0.9583	0.3759	0.9020	0.0979s	0.3331	0.9100	0.9056
103
0227	0.1268	0.9917	0.3792	0.9000	0.1071s	0.3392	0.9060	0.9009
104
0228	0.1289	0.9917	0.3849	0.9000	0.1195s	0.3456	0.9040	0.8984
105
0229	0.1302	0.9833	0.3922	0.8900	0.1141s	0.3525	0.9000	0.8936
106
0230	0.1491	0.9750	0.3931	0.8880	0.1220s	0.3546	0.9020	0.8958
107
0231	0.1455	0.9917	0.3874	0.8940	0.1223s	0.3497	0.9040	0.8980
108
0232	0.1203	0.9750	0.3791	0.9000	0.1219s	0.3413	0.9070	0.9019
109
0233	0.1353	0.9917	0.3711	0.9040	0.1224s	0.3315	0.9070	0.9025
110
0234	0.1214	0.9917	0.3680	0.9040	0.1229s	0.3280	0.9080	0.9039
111
0235	0.1226	0.9917	0.3670	0.9000	0.1000s	0.3276	0.9120	0.9082
112
0236	0.1287	0.9917	0.3699	0.9040	0.1107s	0.3314	0.9100	0.9056
113
0237	0.1236	0.9917	0.3787	0.9000	0.1222s	0.3408	0.9050	0.9004
114
0238	0.1306	0.9917	0.3891	0.8960	0.1225s	0.3507	0.9020	0.8970
115
0239	0.1413	0.9833	0.3942	0.8940	0.1041s	0.3555	0.8970	0.8913
116
0240	0.1448	0.9750	0.3884	0.8960	0.1182s	0.3498	0.9000	0.8941
117
0241	0.1238	0.9917	0.3840	0.8940	0.1195s	0.3466	0.9020	0.8963
118
0242	0.1249	0.9917	0.3836	0.8960	0.1219s	0.3463	0.9070	0.9018
119
0243	0.1248	0.9917	0.3828	0.9000	0.1223s	0.3458	0.9040	0.8997
120
0244	0.1480	0.9750	0.3786	0.9000	0.1217s	0.3395	0.9020	0.8977
121
0245	0.1496	0.9833	0.3749	0.8980	0.1222s	0.3335	0.9040	0.8995
122
0246	0.1364	0.9833	0.3737	0.9040	0.1223s	0.3324	0.9090	0.9045
123
0247	0.1454	0.9667	0.3791	0.9000	0.1233s	0.3380	0.9080	0.9030
124
0248	0.1124	0.9833	0.3900	0.8960	0.1221s	0.3486	0.8980	0.8922
125
0249	0.1278	0.9917	0.3936	0.8940	0.1221s	0.3528	0.8980	0.8926
126
0250	0.1475	0.9750	0.3912	0.8940	0.1218s	0.3509	0.9000	0.8949
127
0251	0.1291	0.9667	0.3838	0.9020	0.1217s	0.3442	0.9040	0.8989
128
0252	0.1358	0.9667	0.3777	0.9040	0.1218s	0.3386	0.9090	0.9043
129
0253	0.1292	0.9833	0.3744	0.9060	0.1228s	0.3359	0.9110	0.9065
130
0254	0.1417	1.0000	0.3719	0.9060	0.1224s	0.3340	0.9100	0.9055
131
0255	0.1354	0.9750	0.3741	0.9080	0.1219s	0.3367	0.9100	0.9053
132
0256	0.1376	0.9833	0.3769	0.9020	0.1218s	0.3410	0.9100	0.9053
133
0257	0.1289	0.9917	0.3782	0.9020	0.1041s	0.3438	0.9090	0.9040
134
0258	0.1428	0.9833	0.3800	0.9100	0.1216s	0.3465	0.9060	0.9008
135
0259	0.1411	0.9667	0.3842	0.9080	0.1210s	0.3508	0.9020	0.8969
136
0260	0.1364	0.9750	0.3842	0.9060	0.1105s	0.3501	0.9030	0.8980
137
0261	0.1323	0.9750	0.3789	0.9060	0.1043s	0.3437	0.9080	0.9038
138
0262	0.1370	1.0000	0.3760	0.9040	0.1224s	0.3398	0.9120	0.9082
139
0263	0.1364	0.9833	0.3743	0.9080	0.1225s	0.3365	0.9100	0.9061
140
0264	0.1315	0.9917	0.3742	0.9100	0.1071s	0.3348	0.9110	0.9065
141
0265	0.1207	0.9667	0.3762	0.9080	0.1219s	0.3365	0.9120	0.9071
142
0266	0.1482	0.9667	0.3811	0.9080	0.1044s	0.3421	0.9110	0.9062
143
0267	0.1081	0.9917	0.3871	0.9040	0.1044s	0.3486	0.9090	0.9043
144
0268	0.1326	0.9750	0.3894	0.9040	0.1221s	0.3529	0.9080	0.9027
145
0269	0.1356	0.9667	0.3889	0.9020	0.1222s	0.3529	0.9050	0.8997
146
0270	0.1344	0.9750	0.3855	0.9060	0.1222s	0.3493	0.9050	0.9001
147
0271	0.1120	0.9833	0.3814	0.9040	0.1219s	0.3451	0.9040	0.8993
148
0272	0.1350	0.9833	0.3800	0.8940	0.1220s	0.3419	0.9090	0.9046
149
0273	0.1560	0.9917	0.3808	0.8940	0.1219s	0.3426	0.9090	0.9048
150
0274	0.1209	0.9500	0.3807	0.8980	0.1216s	0.3441	0.9070	0.9024
151
0275	0.1424	0.9500	0.3832	0.9000	0.1220s	0.3500	0.9040	0.8989
152
0276	0.1162	0.9833	0.3912	0.8980	0.1229s	0.3602	0.9010	0.8956
153
0277	0.1349	0.9750	0.3947	0.8980	0.1222s	0.3650	0.9010	0.8951
154
0278	0.1282	0.9917	0.3948	0.8980	0.1226s	0.3659	0.9020	0.8963
155
0279	0.1481	0.9833	0.3924	0.8960	0.1173s	0.3646	0.9070	0.9018
156
0280	0.1173	0.9917	0.3860	0.8940	0.1221s	0.3592	0.9040	0.8989
157
0281	0.1399	0.9750	0.3782	0.9020	0.1218s	0.3515	0.9060	0.9010
158
0282	0.1296	1.0000	0.3751	0.9060	0.1233s	0.3482	0.9060	0.9009
159
0283	0.1362	0.9917	0.3786	0.9000	0.1223s	0.3511	0.9040	0.8988
160
0284	0.1261	0.9750	0.3836	0.8980	0.1048s	0.3552	0.9000	0.8948
161
0285	0.1479	0.9667	0.3907	0.8960	0.1217s	0.3634	0.8970	0.8919
162
0286	0.1360	0.9917	0.3924	0.8980	0.1220s	0.3656	0.8960	0.8906
163
0287	0.1311	0.9917	0.3869	0.8980	0.1222s	0.3604	0.8990	0.8936
164
0288	0.1182	0.9833	0.3854	0.8980	0.1220s	0.3604	0.8980	0.8923
165
0289	0.1332	0.9833	0.3861	0.9000	0.1206s	0.3633	0.8990	0.8931
166
0290	0.1359	0.9833	0.3836	0.9040	0.1217s	0.3626	0.9050	0.8991
167
0291	0.1307	0.9750	0.3835	0.9020	0.1217s	0.3653	0.9120	0.9066
168
0292	0.1534	0.9417	0.3801	0.9000	0.1223s	0.3638	0.9130	0.9081
169
0293	0.1365	0.9583	0.3760	0.9000	0.1206s	0.3606	0.9140	0.9096
170
0294	0.1282	0.9833	0.3732	0.9040	0.1053s	0.3592	0.9120	0.9077
171
0295	0.1173	0.9667	0.3677	0.9060	0.1037s	0.3526	0.9130	0.9086
172
0296	0.1320	0.9833	0.3672	0.9120	0.1039s	0.3504	0.9120	0.9074
173
0297	0.1167	0.9833	0.3744	0.9060	0.1222s	0.3570	0.9050	0.8999
174
0298	0.1226	0.9750	0.3875	0.8980	0.1219s	0.3695	0.9010	0.8960
175
0299	0.1518	0.9500	0.3944	0.8980	0.1182s	0.3772	0.8970	0.8918
176
0300	0.1531	0.9583	0.3914	0.8940	0.1229s	0.3767	0.8970	0.8915
177
0301	0.1370	0.9833	0.3852	0.8980	0.1051s	0.3729	0.9050	0.8998
178
0302	0.1085	0.9917	0.3800	0.9020	0.1213s	0.3686	0.9060	0.9010
179
0303	0.1529	0.9833	0.3749	0.9020	0.1217s	0.3619	0.9130	0.9086
180
0304	0.1276	0.9833	0.3706	0.9060	0.1218s	0.3540	0.9140	0.9096
181
0305	0.1312	0.9833	0.3696	0.9100	0.1224s	0.3502	0.9130	0.9086
182
0306	0.1143	0.9833	0.3708	0.9120	0.1071s	0.3484	0.9110	0.9066
183
0307	0.1193	0.9917	0.3797	0.9060	0.1221s	0.3533	0.9050	0.8998
184
0308	0.1378	0.9583	0.3859	0.9040	0.1048s	0.3574	0.9050	0.8996
185
0309	0.1318	0.9750	0.3903	0.9020	0.1227s	0.3613	0.9040	0.8985
186
0310	0.1323	0.9917	0.3904	0.9000	0.1158s	0.3601	0.9080	0.9027
187
0311	0.1491	0.9500	0.3869	0.9020	0.1222s	0.3559	0.9110	0.9059
188
0312	0.1545	0.9833	0.3818	0.9080	0.1215s	0.3507	0.9130	0.9082
189
0313	0.1463	0.9917	0.3755	0.9080	0.1218s	0.3444	0.9120	0.9076
190
0314	0.1296	0.9667	0.3730	0.9060	0.1224s	0.3412	0.9170	0.9132
191
0315	0.1555	0.9917	0.3704	0.9100	0.1220s	0.3355	0.9150	0.9112
192
0316	0.1398	0.9833	0.3684	0.9100	0.1177s	0.3304	0.9140	0.9096
193
0317	0.1364	0.9583	0.3714	0.9080	0.1221s	0.3309	0.9120	0.9073
194
0318	0.1363	0.9917	0.3789	0.9020	0.1225s	0.3387	0.9060	0.9006
195
0319	0.1133	0.9917	0.3886	0.8980	0.1221s	0.3497	0.9000	0.8946
196
0320	0.1489	0.9917	0.3921	0.8940	0.1227s	0.3549	0.9010	0.8958
197
0321	0.1484	0.9750	0.3910	0.8940	0.1045s	0.3557	0.9000	0.8947
198
0322	0.1283	0.9750	0.3850	0.8940	0.1215s	0.3507	0.9030	0.8975
199
Early stop! Min loss:0.3586958646774292,  Max accuracy:0.92
Early stop model validation loss:0.3586958646774292,  accuracy:0.916
Optimization Finished!
Total time elapsed: 39.1976s
test max acc:0.9170
Loading 121th epoch
stru_node_to_hop attention:tensor([[0.2490, 0.2519, 0.2497, 0.2494],
        [0.2502, 0.2499, 0.2500, 0.2500],
        [0.2469, 0.2519, 0.2507, 0.2505],
        [0.2487, 0.2512, 0.2501, 0.2500],
        [0.2491, 0.2509, 0.2501, 0.2499],
        [0.2501, 0.2507, 0.2497, 0.2495],
        [0.2486, 0.2507, 0.2504, 0.2503],
        [0.2498, 0.2504, 0.2500, 0.2498],
        [0.2484, 0.2508, 0.2505, 0.2504],
        [0.2493, 0.2505, 0.2502, 0.2501],
        [0.2502, 0.2499, 0.2500, 0.2499],
        [0.2497, 0.2501, 0.2501, 0.2501],
        [0.2501, 0.2501, 0.2499, 0.2499],
        [0.2498, 0.2507, 0.2499, 0.2497],
        [0.2498, 0.2502, 0.2501, 0.2499],
        [0.2497, 0.2510, 0.2498, 0.2494],
        [0.2486, 0.2507, 0.2504, 0.2502],
        [0.2497, 0.2507, 0.2499, 0.2498],
        [0.2498, 0.2501, 0.2501, 0.2500],
        [0.2501, 0.2505, 0.2498, 0.2496],
        [0.2498, 0.2500, 0.2501, 0.2501],
        [0.2480, 0.2518, 0.2503, 0.2499],
        [0.2497, 0.2502, 0.2501, 0.2500],
        [0.2497, 0.2501, 0.2501, 0.2501],
        [0.2503, 0.2498, 0.2499, 0.2499],
        [0.2475, 0.2515, 0.2506, 0.2504],
        [0.2503, 0.2500, 0.2499, 0.2498],
        [0.2488, 0.2507, 0.2504, 0.2502],
        [0.2494, 0.2502, 0.2502, 0.2502],
        [0.2494, 0.2505, 0.2501, 0.2500],
        [0.2484, 0.2509, 0.2504, 0.2503],
        [0.2485, 0.2509, 0.2504, 0.2502],
        [0.2499, 0.2502, 0.2500, 0.2499],
        [0.2490, 0.2505, 0.2503, 0.2502],
        [0.2484, 0.2512, 0.2503, 0.2501],
        [0.2488, 0.2507, 0.2502, 0.2503],
        [0.2503, 0.2500, 0.2500, 0.2498],
        [0.2508, 0.2495, 0.2498, 0.2499],
        [0.2497, 0.2502, 0.2501, 0.2501],
        [0.2503, 0.2502, 0.2498, 0.2497],
        [0.2497, 0.2501, 0.2501, 0.2501],
        [0.2494, 0.2505, 0.2501, 0.2500],
        [0.2495, 0.2506, 0.2500, 0.2499],
        [0.2502, 0.2499, 0.2500, 0.2499],
        [0.2487, 0.2505, 0.2505, 0.2504],
        [0.1993, 0.1947, 0.2741, 0.3319],
        [0.2497, 0.2501, 0.2501, 0.2501],
        [0.2480, 0.2512, 0.2505, 0.2503],
        [0.2504, 0.2500, 0.2499, 0.2498],
        [0.2495, 0.2502, 0.2502, 0.2501],
        [0.2493, 0.2510, 0.2500, 0.2497],
        [0.2499, 0.2502, 0.2500, 0.2499],
        [0.2501, 0.2499, 0.2500, 0.2500],
        [0.2501, 0.2502, 0.2499, 0.2498],
        [0.2479, 0.2513, 0.2505, 0.2503],
        [0.2482, 0.2509, 0.2504, 0.2505],
        [0.2494, 0.2507, 0.2501, 0.2499],
        [0.2496, 0.2501, 0.2501, 0.2502],
        [0.2484, 0.2510, 0.2505, 0.2502],
        [0.2481, 0.2518, 0.2502, 0.2499],
        [0.2468, 0.2516, 0.2510, 0.2506],
        [0.2495, 0.2503, 0.2501, 0.2501],
        [0.2489, 0.2505, 0.2503, 0.2502],
        [0.2489, 0.2517, 0.2500, 0.2493],
        [0.2500, 0.2500, 0.2500, 0.2500],
        [0.2488, 0.2501, 0.2505, 0.2506],
        [0.2489, 0.2514, 0.2501, 0.2496],
        [0.2491, 0.2500, 0.2504, 0.2505],
        [0.2498, 0.2502, 0.2501, 0.2500],
        [0.2489, 0.2504, 0.2504, 0.2503],
        [0.2481, 0.2513, 0.2504, 0.2502],
        [0.2502, 0.2498, 0.2500, 0.2500],
        [0.2500, 0.2503, 0.2499, 0.2497],
        [0.2485, 0.2511, 0.2504, 0.2500],
        [0.2498, 0.2501, 0.2501, 0.2500],
        [0.2495, 0.2502, 0.2502, 0.2501],
        [0.2495, 0.2508, 0.2500, 0.2497],
        [0.2520, 0.2484, 0.2497, 0.2499],
        [0.2494, 0.2504, 0.2501, 0.2501],
        [0.2492, 0.2503, 0.2503, 0.2503],
        [0.2500, 0.2506, 0.2500, 0.2494],
        [0.2488, 0.2512, 0.2502, 0.2499],
        [0.2493, 0.2504, 0.2501, 0.2501],
        [0.2501, 0.2501, 0.2499, 0.2499],
        [0.2496, 0.2502, 0.2501, 0.2501],
        [0.2501, 0.2499, 0.2500, 0.2499],
        [0.2490, 0.2504, 0.2503, 0.2504],
        [0.2484, 0.2511, 0.2504, 0.2501],
        [0.2497, 0.2502, 0.2501, 0.2500],
        [0.2506, 0.2499, 0.2498, 0.2497],
        [0.2493, 0.2504, 0.2502, 0.2502],
        [0.2500, 0.2500, 0.2500, 0.2500],
        [0.2499, 0.2500, 0.2500, 0.2500],
        [0.2491, 0.2505, 0.2502, 0.2502],
        [0.2498, 0.2501, 0.2500, 0.2500],
        [0.2500, 0.2500, 0.2500, 0.2500],
        [0.2486, 0.2509, 0.2503, 0.2502],
        [0.2507, 0.2497, 0.2498, 0.2498],
        [0.2489, 0.2510, 0.2501, 0.2500],
        [0.2500, 0.2501, 0.2500, 0.2499]], device='cuda:1')
fea_node_to_hop attention:tensor([[0.3311, 0.3332, 0.3358],
        [0.3332, 0.3333, 0.3335],
        [0.3301, 0.3335, 0.3364],
        [0.3321, 0.3334, 0.3345],
        [0.3334, 0.3327, 0.3339],
        [0.3316, 0.3339, 0.3345],
        [0.3259, 0.3359, 0.3382],
        [0.3309, 0.3339, 0.3352],
        [0.3290, 0.3358, 0.3352],
        [0.3314, 0.3337, 0.3350],
        [0.3326, 0.3335, 0.3339],
        [0.3326, 0.3339, 0.3335],
        [0.3329, 0.3335, 0.3336],
        [0.3311, 0.3335, 0.3354],
        [0.3301, 0.3343, 0.3355],
        [0.3283, 0.3349, 0.3368],
        [0.3299, 0.3344, 0.3358],
        [0.3327, 0.3335, 0.3339],
        [0.3331, 0.3334, 0.3335],
        [0.3316, 0.3335, 0.3349],
        [0.3337, 0.3330, 0.3333],
        [0.3310, 0.3340, 0.3350],
        [0.3296, 0.3349, 0.3355],
        [0.3331, 0.3334, 0.3335],
        [0.3330, 0.3331, 0.3339],
        [0.3285, 0.3348, 0.3367],
        [0.3329, 0.3331, 0.3340],
        [0.3312, 0.3338, 0.3350],
        [0.3298, 0.3342, 0.3360],
        [0.3308, 0.3349, 0.3344],
        [0.3309, 0.3338, 0.3353],
        [0.3287, 0.3341, 0.3372],
        [0.3329, 0.3333, 0.3337],
        [0.3303, 0.3348, 0.3350],
        [0.3339, 0.3335, 0.3326],
        [0.3298, 0.3343, 0.3359],
        [0.3327, 0.3332, 0.3341],
        [0.3322, 0.3333, 0.3346],
        [0.3332, 0.3336, 0.3332],
        [0.3310, 0.3345, 0.3345],
        [0.3325, 0.3335, 0.3340],
        [0.3320, 0.3342, 0.3338],
        [0.3313, 0.3339, 0.3348],
        [0.3339, 0.3330, 0.3331],
        [0.3319, 0.3348, 0.3333],
        [0.3283, 0.3514, 0.3204],
        [0.3325, 0.3337, 0.3337],
        [0.3278, 0.3355, 0.3367],
        [0.3315, 0.3338, 0.3347],
        [0.3319, 0.3339, 0.3342],
        [0.3320, 0.3337, 0.3343],
        [0.3327, 0.3336, 0.3338],
        [0.3334, 0.3334, 0.3333],
        [0.3308, 0.3341, 0.3351],
        [0.3336, 0.3326, 0.3339],
        [0.3309, 0.3352, 0.3340],
        [0.3323, 0.3339, 0.3339],
        [0.3312, 0.3338, 0.3349],
        [0.3322, 0.3336, 0.3341],
        [0.3330, 0.3321, 0.3349],
        [0.3279, 0.3355, 0.3366],
        [0.3324, 0.3340, 0.3336],
        [0.3302, 0.3342, 0.3355],
        [0.3292, 0.3355, 0.3353],
        [0.3331, 0.3336, 0.3334],
        [0.3304, 0.3347, 0.3349],
        [0.3323, 0.3333, 0.3344],
        [0.3317, 0.3337, 0.3346],
        [0.3325, 0.3333, 0.3342],
        [0.3312, 0.3334, 0.3354],
        [0.3302, 0.3345, 0.3352],
        [0.3336, 0.3333, 0.3331],
        [0.3322, 0.3334, 0.3345],
        [0.3291, 0.3342, 0.3367],
        [0.3335, 0.3332, 0.3333],
        [0.3326, 0.3325, 0.3349],
        [0.3306, 0.3348, 0.3346],
        [0.3297, 0.3343, 0.3359],
        [0.3319, 0.3341, 0.3340],
        [0.3305, 0.3347, 0.3348],
        [0.3309, 0.3352, 0.3339],
        [0.3297, 0.3352, 0.3351],
        [0.3310, 0.3340, 0.3350],
        [0.3331, 0.3332, 0.3337],
        [0.3315, 0.3344, 0.3342],
        [0.3312, 0.3335, 0.3354],
        [0.3318, 0.3351, 0.3331],
        [0.3306, 0.3339, 0.3355],
        [0.3322, 0.3333, 0.3345],
        [0.3294, 0.3354, 0.3352],
        [0.3316, 0.3341, 0.3343],
        [0.3332, 0.3334, 0.3334],
        [0.3333, 0.3332, 0.3335],
        [0.3302, 0.3354, 0.3344],
        [0.3332, 0.3335, 0.3334],
        [0.3333, 0.3333, 0.3334],
        [0.3314, 0.3339, 0.3347],
        [0.3319, 0.3339, 0.3342],
        [0.3309, 0.3338, 0.3353],
        [0.3323, 0.3338, 0.3339]], device='cuda:1')
perception attention:tensor([0.5000, 0.5000], device='cuda:1')
Test set results: loss= 0.3334 accuracy= 0.9120 F1_score= 0.9076
