# epoch	loss_train	acc_train	loss_val	acc_val	time	acc_test	f1_test
0001	1.7981	0.1917	1.6989	0.4780	0.1220s	1.6899	0.5230	0.4489
0
0002	1.6883	0.5167	1.5409	0.5660	0.1264s	1.5195	0.6080	0.5298
0
0003	1.5143	0.5667	1.3561	0.6780	0.1219s	1.3314	0.7220	0.6823
0
0004	1.3218	0.6583	1.1495	0.8460	0.1223s	1.1283	0.8580	0.8492
0
0005	1.1271	0.7417	0.9662	0.9000	0.1221s	0.9484	0.8820	0.8761
0
0006	0.9598	0.8083	0.8206	0.8640	0.1196s	0.8049	0.8620	0.8590
0
0007	0.8092	0.8917	0.6931	0.8860	0.1219s	0.6775	0.8750	0.8711
0
0008	0.6667	0.8750	0.5939	0.8980	0.1217s	0.5743	0.8940	0.8878
0
0009	0.5757	0.9083	0.5250	0.8960	0.1221s	0.5013	0.8980	0.8914
0
0010	0.4766	0.9167	0.4748	0.8940	0.1220s	0.4483	0.8990	0.8930
0
0011	0.4512	0.8833	0.4392	0.8940	0.1217s	0.4102	0.9000	0.8942
0
0012	0.4040	0.9250	0.4197	0.8920	0.1222s	0.3859	0.8960	0.8902
0
0013	0.3534	0.9750	0.4020	0.8940	0.1228s	0.3633	0.8970	0.8905
0
0014	0.3589	0.9583	0.3853	0.9040	0.1215s	0.3438	0.9100	0.9047
0
0015	0.2645	0.9583	0.3826	0.9000	0.1219s	0.3384	0.9070	0.9015
0
0016	0.2536	0.9500	0.3930	0.8920	0.1220s	0.3447	0.9020	0.8957
0
0017	0.2569	0.9500	0.4125	0.8780	0.1216s	0.3599	0.8930	0.8859
1
0018	0.2436	0.9417	0.4179	0.8780	0.1216s	0.3621	0.8900	0.8824
2
0019	0.2632	0.9500	0.4016	0.8980	0.1221s	0.3455	0.8990	0.8925
3
0020	0.2162	0.9417	0.3908	0.8980	0.1223s	0.3331	0.9010	0.8949
4
0021	0.2153	0.9750	0.3918	0.8980	0.1221s	0.3329	0.9020	0.8956
5
0022	0.2039	0.9333	0.3924	0.9000	0.1219s	0.3319	0.9020	0.8956
6
0023	0.2019	0.9833	0.3923	0.8980	0.1219s	0.3310	0.9000	0.8936
7
0024	0.1974	0.9583	0.3950	0.8940	0.1221s	0.3334	0.9030	0.8968
8
0025	0.1826	0.9917	0.4013	0.8920	0.1219s	0.3406	0.9040	0.8980
9
0026	0.1728	0.9583	0.4083	0.8880	0.1245s	0.3480	0.9040	0.8984
10
0027	0.1667	0.9750	0.4133	0.8860	0.1215s	0.3532	0.9040	0.8980
11
0028	0.1926	0.9833	0.4181	0.8920	0.1221s	0.3579	0.9010	0.8948
12
0029	0.1570	0.9500	0.4198	0.8920	0.1218s	0.3602	0.9000	0.8935
13
0030	0.1883	0.9833	0.4156	0.8900	0.1221s	0.3568	0.8990	0.8928
14
0031	0.1796	1.0000	0.4087	0.8920	0.1226s	0.3515	0.9030	0.8969
15
0032	0.1777	0.9583	0.4052	0.8960	0.1243s	0.3501	0.9020	0.8961
16
0033	0.1922	0.9500	0.4028	0.8980	0.1220s	0.3492	0.9010	0.8948
17
0034	0.1546	1.0000	0.4038	0.8960	0.1220s	0.3516	0.9010	0.8949
18
0035	0.1540	0.9917	0.4090	0.8920	0.1216s	0.3579	0.8960	0.8893
19
0036	0.1467	0.9750	0.4135	0.8860	0.1216s	0.3623	0.8950	0.8880
20
0037	0.1574	0.9750	0.4184	0.8800	0.1217s	0.3665	0.8900	0.8823
21
0038	0.1462	0.9917	0.4222	0.8780	0.1222s	0.3702	0.8870	0.8791
22
0039	0.1626	0.9833	0.4198	0.8780	0.1219s	0.3668	0.8880	0.8799
23
0040	0.1581	0.9750	0.4152	0.8880	0.1222s	0.3612	0.8930	0.8860
24
0041	0.1648	0.9833	0.4096	0.8900	0.1223s	0.3553	0.8980	0.8914
25
0042	0.1712	0.9917	0.4069	0.8900	0.1226s	0.3529	0.8990	0.8929
26
0043	0.1683	0.9833	0.4074	0.8900	0.1218s	0.3535	0.9000	0.8938
27
0044	0.1669	0.9583	0.4089	0.8920	0.1220s	0.3558	0.9010	0.8949
28
0045	0.1692	0.9917	0.4084	0.8880	0.1219s	0.3571	0.9000	0.8940
29
0046	0.1664	0.9833	0.4073	0.8860	0.1225s	0.3567	0.9010	0.8948
30
0047	0.1526	0.9667	0.4076	0.8840	0.1217s	0.3568	0.8940	0.8871
31
0048	0.1528	0.9750	0.4135	0.8840	0.1218s	0.3614	0.8910	0.8834
32
0049	0.1560	0.9833	0.4138	0.8840	0.1221s	0.3604	0.8920	0.8847
33
0050	0.1587	0.9750	0.4104	0.8840	0.1228s	0.3569	0.8870	0.8795
34
0051	0.1566	0.9667	0.4032	0.8860	0.1220s	0.3501	0.8910	0.8840
35
0052	0.1573	0.9833	0.3978	0.8840	0.1220s	0.3447	0.8950	0.8884
36
0053	0.1431	1.0000	0.3943	0.8880	0.1220s	0.3417	0.8950	0.8885
37
0054	0.1454	0.9750	0.3959	0.8900	0.1222s	0.3433	0.8950	0.8880
38
0055	0.1418	0.9833	0.4004	0.8880	0.1220s	0.3474	0.8920	0.8847
39
0056	0.1554	0.9583	0.3999	0.8900	0.1222s	0.3477	0.8940	0.8868
40
0057	0.1730	0.9583	0.3990	0.8860	0.1225s	0.3484	0.8960	0.8893
41
0058	0.1679	0.9750	0.3992	0.8880	0.1216s	0.3492	0.8950	0.8881
42
0059	0.1506	0.9667	0.3998	0.8880	0.1217s	0.3504	0.8960	0.8893
43
0060	0.1556	0.9917	0.3968	0.8940	0.1216s	0.3490	0.8980	0.8916
44
0061	0.1551	0.9833	0.3895	0.8980	0.1220s	0.3423	0.9020	0.8964
45
0062	0.1575	0.9750	0.3850	0.9000	0.1222s	0.3376	0.9010	0.8954
46
0063	0.1543	0.9750	0.3831	0.9060	0.1216s	0.3345	0.9020	0.8966
47
0064	0.1464	0.9667	0.3827	0.9080	0.1215s	0.3327	0.9020	0.8963
0
0065	0.1579	0.9750	0.3868	0.9020	0.1166s	0.3355	0.9000	0.8941
0
0066	0.1609	0.9917	0.3910	0.9000	0.1212s	0.3380	0.8950	0.8886
1
0067	0.1651	0.9750	0.3935	0.9020	0.1217s	0.3405	0.8940	0.8869
2
0068	0.1614	0.9750	0.3902	0.9020	0.1219s	0.3390	0.8980	0.8910
3
0069	0.1347	0.9833	0.3890	0.9000	0.1236s	0.3392	0.9020	0.8955
4
0070	0.1382	0.9917	0.3828	0.9020	0.1219s	0.3356	0.9060	0.9001
5
0071	0.1301	1.0000	0.3770	0.8980	0.1219s	0.3303	0.9050	0.8993
6
0072	0.1410	1.0000	0.3748	0.9000	0.1221s	0.3276	0.9050	0.8999
0
0073	0.1410	0.9667	0.3782	0.9060	0.1225s	0.3286	0.9040	0.8988
0
0074	0.1467	0.9667	0.3820	0.9060	0.1221s	0.3290	0.9030	0.8975
1
0075	0.1614	0.9833	0.3890	0.9040	0.1215s	0.3334	0.8980	0.8919
2
0076	0.1435	0.9667	0.3949	0.9000	0.1219s	0.3374	0.8950	0.8884
3
0077	0.1500	0.9750	0.3913	0.9000	0.1218s	0.3340	0.8960	0.8897
4
0078	0.1444	0.9917	0.3847	0.9020	0.1222s	0.3299	0.8980	0.8920
5
0079	0.1702	0.9583	0.3790	0.9040	0.1219s	0.3269	0.9010	0.8951
6
0080	0.1489	0.9500	0.3781	0.8980	0.1220s	0.3286	0.9070	0.9017
7
0081	0.1350	0.9833	0.3759	0.8960	0.1218s	0.3298	0.9070	0.9018
8
0082	0.1342	0.9917	0.3760	0.8960	0.1220s	0.3321	0.9060	0.9006
9
0083	0.1485	0.9667	0.3756	0.8940	0.1220s	0.3335	0.9070	0.9017
10
0084	0.1367	0.9833	0.3747	0.8980	0.1223s	0.3331	0.9060	0.9007
11
0085	0.1549	0.9500	0.3715	0.9040	0.1222s	0.3292	0.9070	0.9020
0
0086	0.1672	0.9833	0.3698	0.9020	0.1217s	0.3252	0.9010	0.8954
0
0087	0.1601	0.9750	0.3728	0.9040	0.1044s	0.3256	0.9000	0.8950
0
0088	0.1353	0.9750	0.3791	0.9040	0.1223s	0.3311	0.8990	0.8938
1
0089	0.1407	0.9917	0.3781	0.9040	0.1220s	0.3315	0.9000	0.8949
2
0090	0.1562	0.9917	0.3767	0.9000	0.1219s	0.3343	0.9010	0.8955
3
0091	0.1446	0.9750	0.3785	0.9000	0.1220s	0.3387	0.9040	0.8984
4
0092	0.1438	0.9917	0.3822	0.8940	0.1224s	0.3450	0.9050	0.8992
5
0093	0.1407	0.9750	0.3868	0.8960	0.1221s	0.3507	0.9020	0.8956
6
0094	0.1479	0.9917	0.3919	0.8860	0.1219s	0.3560	0.9020	0.8955
7
0095	0.1544	0.9833	0.3989	0.8900	0.1221s	0.3612	0.8960	0.8896
8
0096	0.1674	0.9750	0.3986	0.8880	0.1219s	0.3571	0.8890	0.8821
9
0097	0.1423	0.9917	0.3915	0.8960	0.1219s	0.3470	0.8950	0.8886
10
0098	0.1409	0.9750	0.3835	0.8960	0.1222s	0.3375	0.8980	0.8920
11
0099	0.1471	0.9583	0.3793	0.8980	0.1219s	0.3332	0.8990	0.8928
12
0100	0.1343	0.9833	0.3781	0.8980	0.1220s	0.3314	0.9010	0.8949
13
0101	0.1490	0.9833	0.3751	0.9000	0.1219s	0.3295	0.9060	0.9008
14
0102	0.1544	0.9833	0.3745	0.9020	0.1221s	0.3307	0.9050	0.8999
15
0103	0.1362	0.9917	0.3796	0.9000	0.1225s	0.3380	0.9080	0.9028
16
0104	0.1538	0.9667	0.3847	0.9020	0.1223s	0.3460	0.9050	0.8998
17
0105	0.1286	0.9833	0.3899	0.9000	0.1215s	0.3536	0.9000	0.8948
18
0106	0.1346	0.9667	0.3897	0.8980	0.1218s	0.3551	0.9020	0.8973
19
0107	0.1494	0.9833	0.3850	0.8980	0.1222s	0.3522	0.9020	0.8974
20
0108	0.1270	0.9833	0.3871	0.8980	0.1221s	0.3538	0.9020	0.8972
21
0109	0.1609	0.9750	0.3948	0.8980	0.1214s	0.3594	0.8970	0.8917
22
0110	0.1307	0.9917	0.4007	0.8940	0.1222s	0.3638	0.8950	0.8893
23
0111	0.1371	0.9667	0.4068	0.8960	0.1217s	0.3694	0.8950	0.8893
24
0112	0.1520	0.9667	0.4056	0.8940	0.1223s	0.3697	0.8990	0.8929
25
0113	0.1280	0.9917	0.3969	0.8860	0.1222s	0.3643	0.9050	0.8990
26
0114	0.1461	0.9833	0.3876	0.8900	0.1216s	0.3579	0.9110	0.9061
27
0115	0.1347	0.9667	0.3831	0.8960	0.1226s	0.3543	0.9120	0.9074
28
0116	0.1457	0.9583	0.3778	0.8960	0.1222s	0.3498	0.9110	0.9062
29
0117	0.1604	0.9583	0.3771	0.8980	0.1222s	0.3511	0.9110	0.9063
30
0118	0.1596	0.9833	0.3785	0.8980	0.1128s	0.3547	0.9100	0.9052
31
0119	0.1404	0.9917	0.3806	0.8980	0.1197s	0.3564	0.9050	0.8999
32
0120	0.1378	0.9750	0.3903	0.9020	0.1218s	0.3649	0.8990	0.8933
33
0121	0.1450	0.9667	0.4015	0.8960	0.1219s	0.3735	0.8980	0.8925
34
0122	0.1336	0.9917	0.4097	0.8880	0.1223s	0.3802	0.8980	0.8927
35
0123	0.1630	0.9583	0.4021	0.8940	0.1220s	0.3728	0.8970	0.8916
36
0124	0.1469	0.9833	0.3853	0.9000	0.1221s	0.3573	0.9070	0.9018
37
0125	0.1419	0.9833	0.3786	0.9000	0.1220s	0.3501	0.9100	0.9050
38
0126	0.1388	0.9917	0.3788	0.9000	0.1218s	0.3496	0.9080	0.9028
39
0127	0.1686	0.9667	0.3800	0.9000	0.1220s	0.3509	0.9050	0.9000
40
0128	0.1347	0.9750	0.3784	0.9020	0.1219s	0.3496	0.9070	0.9020
41
0129	0.1405	0.9833	0.3774	0.9020	0.1220s	0.3476	0.9080	0.9027
42
0130	0.1488	0.9750	0.3802	0.8980	0.1221s	0.3492	0.9060	0.9005
43
0131	0.1401	0.9833	0.3853	0.8940	0.1228s	0.3534	0.9050	0.8999
44
0132	0.1257	0.9917	0.3923	0.8940	0.1218s	0.3608	0.8990	0.8934
45
0133	0.1316	0.9667	0.3967	0.8960	0.1222s	0.3670	0.8970	0.8917
46
0134	0.1565	1.0000	0.3885	0.8980	0.1218s	0.3609	0.8990	0.8939
47
0135	0.1345	1.0000	0.3765	0.9040	0.1219s	0.3509	0.9030	0.8980
48
0136	0.1482	0.9667	0.3676	0.9100	0.1220s	0.3441	0.9060	0.9013
49
0137	0.1285	0.9750	0.3672	0.9060	0.1224s	0.3448	0.9080	0.9032
0
0138	0.1461	0.9917	0.3721	0.9040	0.1216s	0.3477	0.9020	0.8965
0
0139	0.1229	0.9833	0.3780	0.9000	0.1223s	0.3513	0.8960	0.8898
1
0140	0.1540	0.9750	0.3816	0.8980	0.1218s	0.3531	0.9010	0.8949
2
0141	0.1378	0.9667	0.3804	0.9020	0.1216s	0.3501	0.9040	0.8979
3
0142	0.1477	0.9917	0.3756	0.9060	0.1215s	0.3439	0.9080	0.9025
4
0143	0.1554	0.9833	0.3670	0.9120	0.1218s	0.3347	0.9100	0.9049
5
0144	0.1470	0.9833	0.3621	0.9100	0.1228s	0.3301	0.9120	0.9073
0
0145	0.1525	0.9917	0.3609	0.9100	0.1223s	0.3282	0.9090	0.9043
0
0146	0.1373	1.0000	0.3656	0.9100	0.1215s	0.3332	0.9020	0.8967
0
0147	0.1284	0.9583	0.3750	0.9060	0.1217s	0.3423	0.8970	0.8910
1
0148	0.1381	0.9833	0.3895	0.8960	0.1221s	0.3549	0.8920	0.8853
2
0149	0.1287	0.9750	0.4023	0.8880	0.1216s	0.3650	0.8910	0.8839
3
0150	0.1517	0.9833	0.3985	0.8980	0.1221s	0.3584	0.8910	0.8836
4
0151	0.1430	0.9667	0.3842	0.9020	0.1219s	0.3437	0.8980	0.8916
5
0152	0.1477	0.9583	0.3744	0.9060	0.1222s	0.3336	0.9100	0.9052
6
0153	0.1275	0.9750	0.3709	0.9120	0.1220s	0.3292	0.9130	0.9087
7
0154	0.1417	0.9833	0.3691	0.9120	0.1075s	0.3282	0.9130	0.9088
0
0155	0.1318	0.9667	0.3698	0.9080	0.1190s	0.3306	0.9070	0.9024
0
0156	0.1318	0.9917	0.3813	0.9020	0.1221s	0.3434	0.8970	0.8911
1
0157	0.1487	0.9583	0.4010	0.8880	0.1218s	0.3620	0.8890	0.8822
2
0158	0.1320	0.9500	0.4129	0.8800	0.1221s	0.3723	0.8840	0.8767
3
0159	0.1456	0.9833	0.4094	0.8840	0.1215s	0.3684	0.8850	0.8776
4
0160	0.1434	0.9667	0.3939	0.8920	0.1222s	0.3535	0.8900	0.8832
5
0161	0.1372	0.9667	0.3758	0.9020	0.1199s	0.3372	0.8990	0.8935
6
0162	0.1210	0.9917	0.3685	0.9120	0.1229s	0.3306	0.9110	0.9067
7
0163	0.1413	0.9833	0.3678	0.9140	0.1232s	0.3310	0.9130	0.9090
0
0164	0.1408	0.9833	0.3683	0.9080	0.1223s	0.3346	0.9130	0.9086
0
0165	0.1423	0.9583	0.3702	0.9060	0.1219s	0.3402	0.9070	0.9017
1
0166	0.1537	0.9750	0.3808	0.8960	0.1223s	0.3543	0.8980	0.8918
2
0167	0.1373	0.9833	0.3956	0.8920	0.1221s	0.3717	0.8920	0.8848
3
0168	0.1452	0.9917	0.3928	0.8940	0.1222s	0.3712	0.8910	0.8841
4
0169	0.1212	0.9833	0.3874	0.8920	0.1224s	0.3675	0.8910	0.8842
5
0170	0.1434	0.9833	0.3790	0.9000	0.1221s	0.3587	0.8960	0.8902
6
0171	0.1496	1.0000	0.3678	0.9060	0.1220s	0.3446	0.9040	0.8989
7
0172	0.1404	1.0000	0.3648	0.9080	0.1218s	0.3397	0.9100	0.9056
8
0173	0.1373	0.9917	0.3667	0.9100	0.1217s	0.3423	0.9130	0.9082
9
0174	0.1324	0.9917	0.3726	0.9060	0.1098s	0.3497	0.9120	0.9070
10
0175	0.1569	0.9667	0.3798	0.8960	0.1221s	0.3582	0.9110	0.9054
11
0176	0.1285	0.9917	0.3907	0.8900	0.1219s	0.3709	0.9010	0.8942
12
0177	0.1453	0.9917	0.3972	0.8900	0.1223s	0.3779	0.8980	0.8908
13
0178	0.1477	0.9833	0.3965	0.8880	0.1218s	0.3762	0.9000	0.8927
14
0179	0.1267	0.9917	0.3902	0.8960	0.1219s	0.3685	0.8980	0.8905
15
0180	0.1559	0.9667	0.3824	0.9020	0.1223s	0.3582	0.9060	0.9002
16
0181	0.1322	0.9667	0.3720	0.9040	0.1223s	0.3473	0.9070	0.9014
17
0182	0.1234	0.9833	0.3653	0.9100	0.1236s	0.3407	0.9100	0.9054
18
0183	0.1421	0.9583	0.3636	0.9140	0.1223s	0.3405	0.9090	0.9046
19
0184	0.1258	1.0000	0.3661	0.9060	0.1222s	0.3435	0.9080	0.9032
0
0185	0.1426	0.9917	0.3702	0.8980	0.1221s	0.3481	0.9060	0.9012
1
0186	0.1438	0.9750	0.3784	0.8980	0.1223s	0.3554	0.9070	0.9016
2
0187	0.1368	0.9833	0.3820	0.9000	0.1219s	0.3567	0.9060	0.8999
3
0188	0.1230	0.9917	0.3786	0.9000	0.1218s	0.3499	0.9050	0.8989
4
0189	0.1564	0.9833	0.3713	0.9000	0.1221s	0.3390	0.9080	0.9022
5
0190	0.1229	0.9750	0.3696	0.9000	0.1224s	0.3327	0.9070	0.9013
6
0191	0.1245	0.9833	0.3675	0.9020	0.1220s	0.3266	0.9090	0.9036
7
0192	0.1401	0.9917	0.3672	0.9060	0.1221s	0.3230	0.9120	0.9072
8
0193	0.1448	0.9750	0.3662	0.9060	0.1204s	0.3230	0.9110	0.9062
9
0194	0.1579	1.0000	0.3685	0.9020	0.1224s	0.3283	0.9040	0.8984
10
0195	0.1274	0.9917	0.3731	0.9040	0.1217s	0.3354	0.9010	0.8956
11
0196	0.1210	0.9750	0.3754	0.9040	0.1221s	0.3385	0.9000	0.8946
12
0197	0.1325	0.9917	0.3731	0.9020	0.1216s	0.3363	0.9030	0.8978
13
0198	0.1496	0.9500	0.3621	0.9080	0.1220s	0.3262	0.9060	0.9008
14
0199	0.1424	1.0000	0.3551	0.9140	0.1224s	0.3187	0.9120	0.9069
15
0200	0.1302	0.9917	0.3552	0.9060	0.1220s	0.3201	0.9100	0.9050
0
0201	0.1265	1.0000	0.3593	0.9000	0.1227s	0.3253	0.9060	0.9012
1
0202	0.1471	0.9417	0.3611	0.9000	0.1222s	0.3295	0.9070	0.9020
2
0203	0.1495	0.9750	0.3605	0.9020	0.1218s	0.3293	0.9110	0.9058
3
0204	0.1279	0.9833	0.3602	0.9020	0.1218s	0.3294	0.9090	0.9035
4
0205	0.1294	0.9917	0.3575	0.9100	0.1221s	0.3273	0.9080	0.9026
5
0206	0.1434	0.9833	0.3589	0.9060	0.1221s	0.3281	0.9080	0.9029
6
0207	0.1422	0.9667	0.3601	0.9060	0.1216s	0.3287	0.9060	0.9016
7
0208	0.1279	0.9750	0.3570	0.9080	0.1219s	0.3270	0.9070	0.9027
8
0209	0.1289	0.9667	0.3524	0.9080	0.1219s	0.3239	0.9070	0.9023
9
0210	0.1403	0.9667	0.3486	0.9140	0.1222s	0.3226	0.9130	0.9082
0
0211	0.1493	0.9917	0.3507	0.9120	0.1221s	0.3260	0.9120	0.9071
0
0212	0.1227	0.9750	0.3582	0.9020	0.1221s	0.3350	0.9090	0.9039
1
0213	0.1315	0.9833	0.3633	0.9000	0.1224s	0.3403	0.9090	0.9039
2
0214	0.1342	0.9917	0.3656	0.9000	0.1223s	0.3433	0.9100	0.9048
3
0215	0.1240	0.9917	0.3662	0.8980	0.1220s	0.3449	0.9100	0.9045
4
0216	0.1350	0.9833	0.3631	0.9040	0.1220s	0.3420	0.9090	0.9037
5
0217	0.1473	0.9833	0.3611	0.9100	0.1220s	0.3393	0.9070	0.9021
6
0218	0.1299	0.9833	0.3597	0.9140	0.1224s	0.3370	0.9090	0.9045
7
0219	0.1247	0.9750	0.3596	0.9160	0.1265s	0.3362	0.9090	0.9046
0
0220	0.1428	0.9750	0.3608	0.9100	0.1228s	0.3362	0.9060	0.9010
0
0221	0.1240	1.0000	0.3634	0.9060	0.1217s	0.3378	0.9070	0.9019
1
0222	0.1122	1.0000	0.3695	0.9000	0.1216s	0.3439	0.9030	0.8972
2
0223	0.1426	0.9833	0.3727	0.9000	0.1218s	0.3484	0.9010	0.8949
3
0224	0.1331	0.9833	0.3765	0.8960	0.1217s	0.3525	0.8960	0.8898
4
0225	0.1247	0.9833	0.3740	0.9000	0.1222s	0.3497	0.8990	0.8931
5
0226	0.1248	0.9833	0.3703	0.8960	0.1220s	0.3456	0.8990	0.8932
6
0227	0.1363	0.9833	0.3657	0.9020	0.1220s	0.3387	0.9040	0.8989
7
0228	0.1192	0.9917	0.3635	0.9020	0.1054s	0.3341	0.9050	0.8999
8
0229	0.1562	0.9750	0.3634	0.9040	0.1219s	0.3339	0.9060	0.9010
9
0230	0.1389	0.9833	0.3638	0.9040	0.1223s	0.3363	0.9080	0.9029
10
0231	0.1319	1.0000	0.3676	0.9080	0.1222s	0.3431	0.9110	0.9057
11
0232	0.1269	0.9750	0.3780	0.9040	0.1218s	0.3552	0.9060	0.8999
12
0233	0.1363	0.9750	0.3937	0.8900	0.1221s	0.3718	0.9030	0.8967
13
0234	0.1245	0.9750	0.3993	0.8880	0.1223s	0.3766	0.9030	0.8963
14
0235	0.1310	0.9833	0.3942	0.8900	0.1221s	0.3701	0.9030	0.8964
15
0236	0.1172	0.9833	0.3827	0.9020	0.1222s	0.3569	0.9000	0.8937
16
0237	0.1584	0.9333	0.3748	0.9020	0.1221s	0.3437	0.9020	0.8967
17
0238	0.1199	0.9750	0.3758	0.8940	0.1220s	0.3377	0.9030	0.8982
18
0239	0.1614	0.9833	0.3784	0.8940	0.1232s	0.3367	0.9020	0.8970
19
0240	0.1405	0.9750	0.3793	0.9000	0.1226s	0.3376	0.9030	0.8979
20
0241	0.1270	0.9833	0.3811	0.9000	0.1228s	0.3416	0.8990	0.8937
21
0242	0.1073	0.9917	0.3898	0.9040	0.1228s	0.3508	0.8990	0.8934
22
0243	0.1292	0.9833	0.3984	0.8980	0.1222s	0.3600	0.9040	0.8984
23
0244	0.1216	0.9833	0.4055	0.8960	0.1221s	0.3662	0.9030	0.8966
24
0245	0.1513	0.9750	0.4047	0.8960	0.1224s	0.3646	0.9020	0.8957
25
0246	0.1388	0.9917	0.3991	0.9000	0.1216s	0.3566	0.9020	0.8955
26
0247	0.1236	0.9750	0.3925	0.9000	0.1220s	0.3464	0.9020	0.8958
27
0248	0.1344	0.9583	0.3914	0.9000	0.1227s	0.3409	0.9030	0.8976
28
0249	0.1303	0.9750	0.3925	0.8980	0.1222s	0.3375	0.9030	0.8979
29
0250	0.1454	0.9917	0.3979	0.9020	0.1221s	0.3392	0.9020	0.8969
30
0251	0.1161	0.9833	0.4018	0.8980	0.1224s	0.3416	0.8970	0.8914
31
0252	0.1291	0.9833	0.3985	0.8980	0.1219s	0.3406	0.8980	0.8924
32
0253	0.1315	0.9750	0.3996	0.9020	0.1219s	0.3440	0.9020	0.8966
33
0254	0.1270	1.0000	0.4001	0.8980	0.1223s	0.3475	0.9000	0.8940
34
0255	0.1318	0.9833	0.3982	0.9000	0.1226s	0.3477	0.9040	0.8983
35
0256	0.1434	0.9667	0.3950	0.8940	0.1220s	0.3442	0.9060	0.9004
36
0257	0.1360	0.9667	0.3925	0.9020	0.1220s	0.3377	0.9040	0.8982
37
0258	0.1204	0.9917	0.3927	0.9020	0.1220s	0.3351	0.9050	0.8997
38
0259	0.1228	0.9750	0.3967	0.8980	0.1223s	0.3367	0.9050	0.8998
39
0260	0.1451	0.9833	0.3988	0.8980	0.1220s	0.3379	0.9020	0.8965
40
0261	0.1401	0.9917	0.3986	0.8980	0.1221s	0.3392	0.9070	0.9021
41
0262	0.1279	0.9750	0.3981	0.9000	0.1211s	0.3411	0.9090	0.9047
42
0263	0.1394	0.9667	0.3947	0.9000	0.1218s	0.3401	0.9090	0.9048
43
0264	0.1469	0.9833	0.3875	0.9020	0.1221s	0.3360	0.9090	0.9046
44
0265	0.1308	0.9833	0.3828	0.9000	0.1221s	0.3340	0.9060	0.9011
45
0266	0.1156	0.9750	0.3805	0.9020	0.1218s	0.3341	0.9060	0.9011
46
0267	0.1198	1.0000	0.3840	0.9020	0.1225s	0.3380	0.9020	0.8968
47
0268	0.1406	0.9667	0.3907	0.8920	0.1219s	0.3443	0.8990	0.8938
48
0269	0.1376	0.9750	0.3966	0.8900	0.1228s	0.3499	0.8970	0.8914
49
0270	0.1259	0.9750	0.3997	0.8900	0.1219s	0.3539	0.8980	0.8921
50
0271	0.1461	1.0000	0.4017	0.8880	0.1214s	0.3553	0.8980	0.8918
51
0272	0.1300	0.9833	0.3983	0.8860	0.1220s	0.3518	0.9030	0.8974
52
0273	0.1116	0.9917	0.3926	0.8920	0.1223s	0.3461	0.9030	0.8975
53
0274	0.1220	0.9583	0.3832	0.8960	0.1220s	0.3390	0.9060	0.9011
54
0275	0.1269	0.9917	0.3750	0.9100	0.1218s	0.3342	0.9110	0.9064
55
0276	0.1168	0.9667	0.3741	0.9100	0.1217s	0.3372	0.9070	0.9020
56
0277	0.1209	1.0000	0.3775	0.9040	0.1220s	0.3443	0.9030	0.8977
57
0278	0.1386	0.9833	0.3833	0.8980	0.1220s	0.3538	0.9000	0.8943
58
0279	0.1181	0.9833	0.3949	0.8940	0.1221s	0.3666	0.8960	0.8902
59
0280	0.1376	0.9750	0.4014	0.8880	0.1219s	0.3710	0.8950	0.8894
60
0281	0.1473	0.9917	0.4017	0.8880	0.1046s	0.3680	0.8980	0.8917
61
0282	0.1270	0.9750	0.4028	0.8880	0.1220s	0.3665	0.8960	0.8893
62
0283	0.1499	1.0000	0.3980	0.8960	0.1223s	0.3613	0.9010	0.8944
63
0284	0.1419	0.9750	0.3925	0.8940	0.1219s	0.3555	0.9020	0.8960
64
0285	0.1235	0.9917	0.3909	0.8940	0.1218s	0.3544	0.9020	0.8963
65
0286	0.1237	0.9833	0.3921	0.8900	0.1215s	0.3559	0.8980	0.8926
66
0287	0.1197	0.9833	0.3907	0.8920	0.1221s	0.3556	0.8970	0.8917
67
0288	0.1314	0.9833	0.3862	0.8880	0.1216s	0.3518	0.9020	0.8967
68
0289	0.1449	0.9833	0.3801	0.8980	0.1220s	0.3443	0.9010	0.8956
69
0290	0.1259	0.9833	0.3783	0.8980	0.1213s	0.3401	0.9030	0.8973
70
0291	0.1493	0.9667	0.3820	0.8940	0.1223s	0.3418	0.9050	0.8995
71
0292	0.1209	1.0000	0.3836	0.8960	0.1219s	0.3431	0.9030	0.8977
72
0293	0.1190	0.9833	0.3900	0.8920	0.1222s	0.3495	0.8980	0.8925
73
0294	0.1129	1.0000	0.3958	0.8900	0.1220s	0.3547	0.8930	0.8869
74
0295	0.1299	0.9750	0.3960	0.8900	0.1221s	0.3546	0.8960	0.8899
75
0296	0.1174	0.9917	0.3954	0.8900	0.1220s	0.3544	0.8980	0.8921
76
0297	0.1473	0.9750	0.3892	0.8940	0.1221s	0.3514	0.9020	0.8963
77
0298	0.1197	0.9917	0.3842	0.8960	0.1223s	0.3494	0.9030	0.8975
78
0299	0.1313	0.9917	0.3850	0.8980	0.1234s	0.3524	0.9010	0.8956
79
0300	0.1333	0.9833	0.3861	0.8980	0.1225s	0.3526	0.9030	0.8978
80
0301	0.1294	0.9917	0.3851	0.9020	0.1220s	0.3509	0.9060	0.9009
81
0302	0.1153	0.9833	0.3887	0.8980	0.1220s	0.3541	0.9040	0.8985
82
0303	0.1590	0.9917	0.3852	0.8980	0.1219s	0.3503	0.9010	0.8954
83
0304	0.1205	0.9750	0.3819	0.8980	0.1222s	0.3474	0.9040	0.8985
84
0305	0.1194	1.0000	0.3792	0.9020	0.1224s	0.3460	0.9070	0.9018
85
0306	0.1302	0.9833	0.3782	0.9020	0.1218s	0.3469	0.9070	0.9018
86
0307	0.1180	0.9500	0.3775	0.9020	0.1222s	0.3484	0.9100	0.9049
87
0308	0.1209	0.9750	0.3807	0.9000	0.1219s	0.3537	0.9060	0.9007
88
0309	0.1418	0.9833	0.3825	0.9020	0.1224s	0.3576	0.9060	0.9009
89
0310	0.1325	0.9917	0.3867	0.9000	0.1224s	0.3619	0.9030	0.8974
90
0311	0.1222	0.9833	0.3835	0.9020	0.1224s	0.3584	0.9070	0.9017
91
0312	0.1415	0.9917	0.3810	0.9000	0.1218s	0.3553	0.9070	0.9021
92
0313	0.1066	0.9917	0.3803	0.8980	0.1219s	0.3531	0.9060	0.9010
93
0314	0.1263	0.9750	0.3781	0.9020	0.1215s	0.3476	0.9080	0.9034
94
0315	0.1293	1.0000	0.3769	0.9040	0.1215s	0.3445	0.9080	0.9033
95
0316	0.1424	0.9833	0.3789	0.9020	0.1214s	0.3452	0.9060	0.9011
96
0317	0.1106	0.9917	0.3832	0.8960	0.1219s	0.3478	0.9040	0.8990
97
0318	0.1263	0.9667	0.3885	0.8900	0.1223s	0.3531	0.9040	0.8987
98
0319	0.1217	1.0000	0.3928	0.8900	0.1224s	0.3601	0.9030	0.8974
99
0320	0.1514	0.9500	0.3902	0.8960	0.1220s	0.3622	0.9000	0.8945
100
0321	0.1459	0.9833	0.3831	0.8960	0.1208s	0.3572	0.9030	0.8980
101
0322	0.1321	0.9917	0.3798	0.8960	0.1047s	0.3545	0.9040	0.8992
102
0323	0.0990	1.0000	0.3784	0.8960	0.1209s	0.3526	0.9060	0.9013
103
0324	0.1370	0.9917	0.3808	0.9000	0.1044s	0.3522	0.9030	0.8978
104
0325	0.1472	0.9750	0.3870	0.8960	0.1224s	0.3531	0.9060	0.9004
105
0326	0.1499	0.9667	0.3907	0.8960	0.1147s	0.3517	0.9030	0.8975
106
0327	0.1128	0.9917	0.4027	0.8960	0.1220s	0.3585	0.9000	0.8940
107
0328	0.1201	1.0000	0.4139	0.8900	0.1221s	0.3674	0.8970	0.8909
108
0329	0.1233	0.9750	0.4130	0.8940	0.1216s	0.3672	0.8980	0.8919
109
0330	0.1628	0.9917	0.3957	0.8980	0.1230s	0.3537	0.9030	0.8974
110
0331	0.1389	0.9917	0.3797	0.9040	0.1220s	0.3420	0.9090	0.9038
111
0332	0.1529	1.0000	0.3745	0.9000	0.1203s	0.3382	0.9110	0.9064
112
0333	0.1412	0.9750	0.3719	0.9040	0.1224s	0.3352	0.9100	0.9053
113
0334	0.1348	0.9500	0.3719	0.9040	0.1221s	0.3338	0.9090	0.9044
114
0335	0.1205	0.9917	0.3773	0.9080	0.1218s	0.3381	0.9080	0.9028
115
0336	0.1285	0.9917	0.3857	0.9000	0.1223s	0.3451	0.9010	0.8954
116
0337	0.1415	0.9667	0.3913	0.8980	0.1215s	0.3479	0.9020	0.8965
117
0338	0.1374	0.9917	0.3922	0.8980	0.1219s	0.3474	0.9030	0.8972
118
0339	0.1272	0.9917	0.3880	0.8940	0.1217s	0.3418	0.9050	0.8990
119
0340	0.1282	0.9917	0.3850	0.9000	0.1221s	0.3381	0.9060	0.9003
120
0341	0.1446	0.9917	0.3880	0.9000	0.1217s	0.3423	0.9100	0.9045
121
0342	0.1339	0.9917	0.3939	0.8960	0.1204s	0.3503	0.9110	0.9051
122
0343	0.1287	0.9917	0.3996	0.8960	0.1222s	0.3582	0.9070	0.9002
123
0344	0.1546	0.9667	0.3981	0.8960	0.1217s	0.3577	0.9040	0.8972
124
0345	0.1221	1.0000	0.3914	0.9000	0.1222s	0.3520	0.9050	0.8989
125
0346	0.1261	0.9750	0.3837	0.8980	0.1247s	0.3444	0.9060	0.9005
126
0347	0.1217	0.9917	0.3817	0.9000	0.1217s	0.3417	0.9070	0.9024
127
0348	0.1379	0.9833	0.3872	0.8960	0.1221s	0.3471	0.9010	0.8960
128
0349	0.1372	0.9917	0.3964	0.8960	0.1225s	0.3574	0.8980	0.8923
129
0350	0.1330	0.9917	0.4032	0.8940	0.1219s	0.3649	0.8970	0.8907
130
0351	0.1341	0.9917	0.4081	0.8880	0.1226s	0.3697	0.8990	0.8929
131
0352	0.1379	0.9667	0.4046	0.8940	0.1218s	0.3663	0.9020	0.8960
132
0353	0.1400	0.9917	0.3923	0.8980	0.1223s	0.3561	0.9050	0.8991
133
0354	0.1223	0.9833	0.3819	0.8980	0.1218s	0.3468	0.9120	0.9068
134
0355	0.1185	0.9833	0.3776	0.9020	0.1220s	0.3427	0.9160	0.9112
135
0356	0.1291	0.9750	0.3757	0.8980	0.1220s	0.3418	0.9110	0.9060
136
0357	0.1292	0.9750	0.3817	0.9020	0.1221s	0.3483	0.9080	0.9025
137
0358	0.1227	1.0000	0.3977	0.9000	0.1217s	0.3648	0.8970	0.8912
138
0359	0.1422	0.9917	0.4174	0.8880	0.1219s	0.3840	0.8870	0.8808
139
0360	0.1351	0.9750	0.4237	0.8860	0.1233s	0.3908	0.8890	0.8829
140
0361	0.1546	0.9417	0.4081	0.8880	0.1209s	0.3783	0.8940	0.8882
141
0362	0.1404	0.9750	0.3835	0.9020	0.1223s	0.3613	0.9010	0.8954
142
0363	0.1200	0.9833	0.3721	0.9040	0.1221s	0.3552	0.9080	0.9030
143
0364	0.1356	0.9750	0.3710	0.9020	0.1225s	0.3555	0.9070	0.9022
144
0365	0.1376	0.9833	0.3716	0.9040	0.1219s	0.3566	0.9050	0.9000
145
0366	0.1508	0.9833	0.3685	0.9080	0.1220s	0.3509	0.9070	0.9016
146
0367	0.1366	0.9833	0.3722	0.9040	0.1219s	0.3509	0.9050	0.8995
147
0368	0.1307	0.9917	0.3868	0.9060	0.1220s	0.3621	0.8990	0.8932
148
0369	0.1287	0.9917	0.4002	0.8980	0.1222s	0.3756	0.8950	0.8894
149
0370	0.1383	0.9667	0.4062	0.8880	0.1224s	0.3835	0.8910	0.8848
150
0371	0.1376	0.9833	0.4003	0.8900	0.1222s	0.3797	0.8950	0.8888
151
0372	0.1208	0.9833	0.3920	0.9000	0.1219s	0.3722	0.9000	0.8941
152
0373	0.1273	0.9833	0.3800	0.9060	0.1219s	0.3613	0.9060	0.9007
153
0374	0.1534	0.9667	0.3778	0.9080	0.1220s	0.3579	0.9060	0.9008
154
0375	0.1416	0.9750	0.3802	0.9060	0.1049s	0.3570	0.9090	0.9037
155
0376	0.1572	0.9917	0.3806	0.9060	0.1044s	0.3555	0.9080	0.9027
156
0377	0.1217	0.9583	0.3798	0.9060	0.1224s	0.3549	0.9080	0.9029
157
0378	0.1276	0.9833	0.3803	0.9060	0.1224s	0.3570	0.9060	0.9010
158
0379	0.1275	0.9833	0.3786	0.9040	0.1059s	0.3571	0.9060	0.9008
159
0380	0.1381	0.9667	0.3781	0.9040	0.1216s	0.3565	0.9040	0.8991
160
0381	0.1236	0.9917	0.3780	0.9040	0.1220s	0.3566	0.9040	0.8991
161
0382	0.1296	0.9833	0.3806	0.9020	0.1218s	0.3584	0.9030	0.8979
162
0383	0.1334	0.9750	0.3821	0.9020	0.1220s	0.3589	0.9010	0.8956
163
0384	0.1139	1.0000	0.3808	0.9000	0.1222s	0.3578	0.9050	0.8998
164
0385	0.1514	0.9750	0.3821	0.9020	0.1218s	0.3597	0.9080	0.9030
165
0386	0.1351	0.9583	0.3795	0.9040	0.1224s	0.3570	0.9120	0.9075
166
0387	0.1232	0.9750	0.3756	0.9080	0.1220s	0.3510	0.9130	0.9087
167
0388	0.1134	0.9917	0.3713	0.9080	0.1216s	0.3444	0.9140	0.9096
168
0389	0.1425	0.9750	0.3681	0.9060	0.1219s	0.3411	0.9120	0.9076
169
0390	0.1288	0.9833	0.3655	0.9080	0.1223s	0.3396	0.9120	0.9077
170
0391	0.1600	0.9750	0.3643	0.9060	0.1222s	0.3415	0.9090	0.9042
171
0392	0.1326	0.9833	0.3675	0.9060	0.1220s	0.3479	0.9070	0.9018
172
0393	0.1553	0.9500	0.3699	0.9060	0.1217s	0.3533	0.9070	0.9021
173
0394	0.1141	0.9833	0.3699	0.9120	0.1246s	0.3558	0.9050	0.8999
174
0395	0.1366	0.9750	0.3660	0.9080	0.1217s	0.3516	0.9100	0.9051
175
0396	0.1331	0.9833	0.3627	0.9060	0.1219s	0.3472	0.9080	0.9032
176
0397	0.1162	0.9833	0.3625	0.9080	0.1217s	0.3456	0.9090	0.9041
177
0398	0.1129	1.0000	0.3640	0.9040	0.1221s	0.3443	0.9100	0.9052
178
0399	0.1857	0.9500	0.3663	0.8980	0.1214s	0.3448	0.9120	0.9074
179
0400	0.1207	0.9833	0.3715	0.9020	0.1047s	0.3485	0.9070	0.9021
180
0401	0.1170	0.9917	0.3714	0.9020	0.1193s	0.3492	0.9050	0.9000
181
0402	0.1239	0.9833	0.3711	0.9020	0.1220s	0.3518	0.9070	0.9020
182
0403	0.1207	0.9583	0.3720	0.9040	0.1220s	0.3558	0.9060	0.9008
183
0404	0.1192	0.9917	0.3721	0.9040	0.1214s	0.3590	0.9020	0.8962
184
0405	0.1373	0.9833	0.3706	0.9060	0.1219s	0.3623	0.9040	0.8985
185
0406	0.1205	0.9750	0.3705	0.9000	0.1218s	0.3656	0.9090	0.9039
186
0407	0.1522	0.9667	0.3680	0.9020	0.1218s	0.3632	0.9080	0.9031
187
0408	0.1725	0.9833	0.3691	0.9020	0.1223s	0.3591	0.9050	0.9003
188
0409	0.1301	0.9833	0.3736	0.9000	0.1221s	0.3569	0.9120	0.9081
189
0410	0.1552	0.9583	0.3793	0.8960	0.1220s	0.3554	0.9070	0.9028
190
0411	0.1315	0.9833	0.3801	0.9020	0.1070s	0.3539	0.9100	0.9054
191
0412	0.1522	0.9917	0.3786	0.9040	0.1221s	0.3520	0.9100	0.9051
192
0413	0.1422	0.9750	0.3752	0.9040	0.1223s	0.3515	0.9110	0.9061
193
0414	0.1345	0.9833	0.3725	0.9020	0.1216s	0.3516	0.9130	0.9080
194
0415	0.1466	0.9667	0.3721	0.9000	0.1217s	0.3558	0.9120	0.9070
195
0416	0.1150	0.9750	0.3725	0.8980	0.1216s	0.3580	0.9100	0.9047
196
0417	0.1318	0.9750	0.3719	0.8960	0.1219s	0.3582	0.9090	0.9037
197
0418	0.1257	0.9917	0.3730	0.8960	0.1221s	0.3597	0.9090	0.9038
198
0419	0.1456	0.9667	0.3721	0.8960	0.1218s	0.3583	0.9060	0.9006
199
Early stop! Min loss:0.34860509634017944,  Max accuracy:0.916
Early stop model validation loss:0.34860509634017944,  accuracy:0.914
Optimization Finished!
Total time elapsed: 51.5932s
test max acc:0.9160
Loading 209th epoch
stru_node_to_hop attention:tensor([[0.2540, 0.2509, 0.2480, 0.2470],
        [0.2502, 0.2497, 0.2500, 0.2500],
        [0.2470, 0.2514, 0.2508, 0.2507],
        [0.2493, 0.2515, 0.2498, 0.2494],
        [0.2485, 0.2500, 0.2507, 0.2508],
        [0.2520, 0.2497, 0.2492, 0.2491],
        [0.2502, 0.2500, 0.2500, 0.2499],
        [0.2488, 0.2508, 0.2503, 0.2501],
        [0.2502, 0.2506, 0.2497, 0.2495],
        [0.2487, 0.2505, 0.2504, 0.2504],
        [0.2500, 0.2501, 0.2500, 0.2499],
        [0.2486, 0.2504, 0.2505, 0.2506],
        [0.2496, 0.2502, 0.2501, 0.2501],
        [0.2501, 0.2512, 0.2497, 0.2490],
        [0.2516, 0.2501, 0.2494, 0.2489],
        [0.2501, 0.2510, 0.2497, 0.2492],
        [0.2487, 0.2506, 0.2505, 0.2502],
        [0.2478, 0.2516, 0.2505, 0.2501],
        [0.2504, 0.2499, 0.2499, 0.2499],
        [0.2503, 0.2502, 0.2498, 0.2496],
        [0.2500, 0.2500, 0.2500, 0.2500],
        [0.2483, 0.2513, 0.2503, 0.2501],
        [0.2504, 0.2497, 0.2500, 0.2499],
        [0.2482, 0.2511, 0.2503, 0.2503],
        [0.2499, 0.2500, 0.2501, 0.2500],
        [0.2485, 0.2514, 0.2502, 0.2499],
        [0.2498, 0.2502, 0.2500, 0.2500],
        [0.2500, 0.2502, 0.2500, 0.2499],
        [0.2496, 0.2500, 0.2502, 0.2502],
        [0.2488, 0.2508, 0.2503, 0.2502],
        [0.2470, 0.2516, 0.2508, 0.2505],
        [0.2485, 0.2504, 0.2506, 0.2505],
        [0.2492, 0.2506, 0.2502, 0.2500],
        [0.2492, 0.2503, 0.2503, 0.2502],
        [0.2482, 0.2513, 0.2505, 0.2501],
        [0.2499, 0.2501, 0.2500, 0.2500],
        [0.2491, 0.2506, 0.2502, 0.2501],
        [0.2483, 0.2503, 0.2506, 0.2507],
        [0.2500, 0.2500, 0.2500, 0.2500],
        [0.2505, 0.2500, 0.2497, 0.2497],
        [0.2504, 0.2497, 0.2500, 0.2499],
        [0.2500, 0.2503, 0.2500, 0.2498],
        [0.2496, 0.2507, 0.2499, 0.2497],
        [0.2494, 0.2504, 0.2501, 0.2501],
        [0.2487, 0.2507, 0.2503, 0.2502],
        [0.1578, 0.1981, 0.2757, 0.3684],
        [0.2495, 0.2503, 0.2502, 0.2500],
        [0.2480, 0.2515, 0.2504, 0.2501],
        [0.2507, 0.2500, 0.2497, 0.2496],
        [0.2502, 0.2499, 0.2500, 0.2500],
        [0.2482, 0.2504, 0.2506, 0.2508],
        [0.2500, 0.2500, 0.2500, 0.2500],
        [0.2500, 0.2500, 0.2500, 0.2500],
        [0.2495, 0.2502, 0.2502, 0.2501],
        [0.2477, 0.2514, 0.2505, 0.2504],
        [0.2493, 0.2504, 0.2501, 0.2502],
        [0.2496, 0.2502, 0.2502, 0.2499],
        [0.2497, 0.2503, 0.2501, 0.2499],
        [0.2472, 0.2515, 0.2508, 0.2506],
        [0.2500, 0.2505, 0.2499, 0.2497],
        [0.2477, 0.2512, 0.2507, 0.2504],
        [0.2504, 0.2500, 0.2498, 0.2498],
        [0.2492, 0.2509, 0.2500, 0.2499],
        [0.2499, 0.2488, 0.2504, 0.2510],
        [0.2499, 0.2501, 0.2500, 0.2500],
        [0.2494, 0.2502, 0.2502, 0.2502],
        [0.2496, 0.2514, 0.2498, 0.2492],
        [0.2486, 0.2500, 0.2506, 0.2507],
        [0.2501, 0.2499, 0.2500, 0.2500],
        [0.2484, 0.2508, 0.2504, 0.2504],
        [0.2492, 0.2506, 0.2501, 0.2501],
        [0.2491, 0.2503, 0.2502, 0.2503],
        [0.2500, 0.2502, 0.2500, 0.2499],
        [0.2485, 0.2516, 0.2501, 0.2497],
        [0.2489, 0.2504, 0.2504, 0.2503],
        [0.2493, 0.2504, 0.2502, 0.2501],
        [0.2491, 0.2511, 0.2501, 0.2498],
        [0.2537, 0.2474, 0.2493, 0.2496],
        [0.2494, 0.2503, 0.2502, 0.2501],
        [0.2493, 0.2501, 0.2503, 0.2503],
        [0.2499, 0.2503, 0.2500, 0.2498],
        [0.2486, 0.2511, 0.2503, 0.2501],
        [0.2500, 0.2498, 0.2501, 0.2500],
        [0.2489, 0.2504, 0.2504, 0.2503],
        [0.2496, 0.2503, 0.2501, 0.2500],
        [0.2494, 0.2504, 0.2502, 0.2501],
        [0.2483, 0.2508, 0.2504, 0.2505],
        [0.2480, 0.2511, 0.2506, 0.2503],
        [0.2496, 0.2504, 0.2500, 0.2499],
        [0.2505, 0.2498, 0.2499, 0.2497],
        [0.2489, 0.2505, 0.2503, 0.2503],
        [0.2504, 0.2499, 0.2498, 0.2499],
        [0.2494, 0.2504, 0.2501, 0.2501],
        [0.2489, 0.2506, 0.2503, 0.2502],
        [0.2492, 0.2504, 0.2502, 0.2502],
        [0.2501, 0.2500, 0.2500, 0.2499],
        [0.2499, 0.2502, 0.2500, 0.2500],
        [0.2514, 0.2496, 0.2496, 0.2494],
        [0.2487, 0.2508, 0.2503, 0.2503],
        [0.2511, 0.2498, 0.2496, 0.2495]], device='cuda:1')
fea_node_to_hop attention:tensor([[0.3297, 0.3340, 0.3363],
        [0.3338, 0.3332, 0.3330],
        [0.3293, 0.3345, 0.3362],
        [0.3337, 0.3323, 0.3340],
        [0.3330, 0.3329, 0.3341],
        [0.3294, 0.3357, 0.3349],
        [0.3313, 0.3331, 0.3356],
        [0.3305, 0.3339, 0.3357],
        [0.3305, 0.3345, 0.3351],
        [0.3311, 0.3339, 0.3349],
        [0.3324, 0.3335, 0.3341],
        [0.3308, 0.3350, 0.3342],
        [0.3325, 0.3335, 0.3340],
        [0.3289, 0.3338, 0.3373],
        [0.3297, 0.3348, 0.3355],
        [0.3293, 0.3351, 0.3356],
        [0.3306, 0.3330, 0.3363],
        [0.3310, 0.3333, 0.3357],
        [0.3338, 0.3333, 0.3329],
        [0.3313, 0.3333, 0.3354],
        [0.3332, 0.3332, 0.3335],
        [0.3327, 0.3333, 0.3339],
        [0.3302, 0.3345, 0.3353],
        [0.3332, 0.3330, 0.3338],
        [0.3323, 0.3339, 0.3338],
        [0.3304, 0.3335, 0.3361],
        [0.3328, 0.3334, 0.3338],
        [0.3296, 0.3353, 0.3350],
        [0.3308, 0.3335, 0.3357],
        [0.3305, 0.3344, 0.3351],
        [0.3294, 0.3349, 0.3357],
        [0.3319, 0.3332, 0.3349],
        [0.3313, 0.3335, 0.3352],
        [0.3312, 0.3345, 0.3343],
        [0.3332, 0.3348, 0.3321],
        [0.3315, 0.3337, 0.3348],
        [0.3320, 0.3340, 0.3341],
        [0.3330, 0.3331, 0.3339],
        [0.3337, 0.3331, 0.3333],
        [0.3314, 0.3344, 0.3343],
        [0.3314, 0.3343, 0.3343],
        [0.3296, 0.3345, 0.3359],
        [0.3301, 0.3337, 0.3362],
        [0.3321, 0.3338, 0.3341],
        [0.3317, 0.3349, 0.3334],
        [0.3072, 0.3723, 0.3204],
        [0.3311, 0.3341, 0.3348],
        [0.3269, 0.3356, 0.3375],
        [0.3307, 0.3340, 0.3353],
        [0.3335, 0.3332, 0.3333],
        [0.3322, 0.3335, 0.3343],
        [0.3333, 0.3332, 0.3335],
        [0.3332, 0.3334, 0.3334],
        [0.3313, 0.3333, 0.3353],
        [0.3344, 0.3314, 0.3342],
        [0.3328, 0.3336, 0.3336],
        [0.3319, 0.3335, 0.3346],
        [0.3315, 0.3332, 0.3353],
        [0.3346, 0.3301, 0.3353],
        [0.3295, 0.3357, 0.3348],
        [0.3280, 0.3358, 0.3362],
        [0.3339, 0.3323, 0.3338],
        [0.3318, 0.3340, 0.3342],
        [0.3354, 0.3322, 0.3324],
        [0.3332, 0.3333, 0.3335],
        [0.3349, 0.3322, 0.3329],
        [0.3299, 0.3352, 0.3349],
        [0.3320, 0.3335, 0.3345],
        [0.3333, 0.3333, 0.3334],
        [0.3290, 0.3353, 0.3357],
        [0.3326, 0.3334, 0.3340],
        [0.3322, 0.3339, 0.3339],
        [0.3324, 0.3333, 0.3342],
        [0.3293, 0.3353, 0.3354],
        [0.3313, 0.3342, 0.3345],
        [0.3313, 0.3336, 0.3351],
        [0.3314, 0.3340, 0.3346],
        [0.3287, 0.3345, 0.3368],
        [0.3341, 0.3323, 0.3337],
        [0.3310, 0.3340, 0.3350],
        [0.3306, 0.3347, 0.3347],
        [0.3315, 0.3340, 0.3345],
        [0.3311, 0.3346, 0.3343],
        [0.3315, 0.3343, 0.3342],
        [0.3325, 0.3332, 0.3343],
        [0.3278, 0.3348, 0.3374],
        [0.3322, 0.3340, 0.3338],
        [0.3321, 0.3329, 0.3350],
        [0.3288, 0.3345, 0.3367],
        [0.3312, 0.3339, 0.3349],
        [0.3317, 0.3345, 0.3339],
        [0.3350, 0.3325, 0.3325],
        [0.3322, 0.3338, 0.3340],
        [0.3320, 0.3339, 0.3340],
        [0.3329, 0.3333, 0.3338],
        [0.3330, 0.3334, 0.3336],
        [0.3326, 0.3334, 0.3340],
        [0.3313, 0.3335, 0.3352],
        [0.3326, 0.3329, 0.3345],
        [0.3336, 0.3329, 0.3335]], device='cuda:1')
perception attention:tensor([0.5000, 0.5000], device='cuda:1')
Test set results: loss= 0.3226 accuracy= 0.9130 F1_score= 0.9082
