# epoch	loss_train	acc_train	loss_val	acc_val	time	acc_test	f1_test
0001	1.7967	0.2000	1.6872	0.5500	0.1220s	1.6728	0.5820	0.4623
0
0002	1.6792	0.4917	1.5340	0.4820	0.1046s	1.5043	0.4920	0.3665
0
0003	1.5072	0.5083	1.3546	0.5420	0.1206s	1.3251	0.5610	0.4577
0
0004	1.3501	0.6083	1.1613	0.7020	0.1226s	1.1381	0.7320	0.7022
0
0005	1.1611	0.7167	0.9922	0.8440	0.1220s	0.9738	0.8470	0.8333
0
0006	0.9804	0.8750	0.8562	0.8500	0.1222s	0.8406	0.8540	0.8471
0
0007	0.8451	0.8000	0.7367	0.8760	0.1219s	0.7245	0.8610	0.8559
0
0008	0.7394	0.8583	0.6320	0.8780	0.1217s	0.6175	0.8890	0.8838
0
0009	0.6224	0.8833	0.5572	0.8960	0.1223s	0.5393	0.8950	0.8886
0
0010	0.5343	0.8333	0.5042	0.9000	0.1223s	0.4845	0.8980	0.8913
0
0011	0.4586	0.9333	0.4608	0.8980	0.1219s	0.4396	0.9000	0.8940
0
0012	0.4300	0.9167	0.4267	0.8980	0.1220s	0.4047	0.9030	0.8973
0
0013	0.3508	0.9167	0.4043	0.8980	0.1223s	0.3810	0.8980	0.8929
0
0014	0.3399	0.9083	0.3893	0.8960	0.1218s	0.3638	0.9070	0.9017
0
0015	0.3383	0.8833	0.3864	0.9000	0.1222s	0.3581	0.9000	0.8941
0
0016	0.2452	0.9417	0.3964	0.8860	0.1218s	0.3649	0.8890	0.8813
0
0017	0.2364	0.9583	0.4034	0.8880	0.1226s	0.3681	0.8900	0.8818
1
0018	0.2407	0.9833	0.3935	0.8940	0.1219s	0.3590	0.8950	0.8873
2
0019	0.2292	0.9833	0.3824	0.8980	0.1224s	0.3490	0.8970	0.8900
3
0020	0.2276	0.9583	0.3738	0.9040	0.1218s	0.3411	0.9000	0.8931
0
0021	0.2043	0.9500	0.3731	0.8980	0.1215s	0.3402	0.8970	0.8903
0
0022	0.2267	0.9583	0.3754	0.9000	0.1222s	0.3417	0.8950	0.8882
0
0023	0.1644	0.9750	0.3823	0.8900	0.1225s	0.3480	0.8920	0.8851
1
0024	0.1912	0.9750	0.3854	0.8900	0.1217s	0.3510	0.8920	0.8847
2
0025	0.1951	0.9583	0.3817	0.9000	0.1221s	0.3464	0.8950	0.8881
3
0026	0.1793	0.9667	0.3796	0.9020	0.1215s	0.3447	0.8970	0.8907
4
0027	0.1961	0.9500	0.3831	0.8940	0.1222s	0.3476	0.8970	0.8908
5
0028	0.1879	0.9750	0.3876	0.8940	0.1220s	0.3529	0.9010	0.8952
6
0029	0.1737	0.9833	0.3910	0.8920	0.1216s	0.3577	0.9030	0.8973
7
0030	0.1728	0.9667	0.3958	0.8880	0.1221s	0.3636	0.9000	0.8940
8
0031	0.1639	0.9833	0.4012	0.8860	0.1220s	0.3712	0.8950	0.8883
9
0032	0.1684	0.9667	0.4036	0.8880	0.1218s	0.3758	0.8920	0.8847
10
0033	0.1843	0.9583	0.4031	0.8900	0.1222s	0.3772	0.8880	0.8807
11
0034	0.1809	0.9667	0.3992	0.8960	0.1224s	0.3726	0.8900	0.8832
12
0035	0.1678	0.9417	0.4003	0.8940	0.1226s	0.3721	0.8940	0.8874
13
0036	0.1889	0.9583	0.4024	0.8920	0.1219s	0.3715	0.8950	0.8888
14
0037	0.1454	0.9750	0.4062	0.8900	0.1232s	0.3740	0.8960	0.8896
15
0038	0.1526	0.9750	0.4087	0.8880	0.1223s	0.3765	0.8980	0.8915
16
0039	0.1482	1.0000	0.4108	0.8880	0.1224s	0.3792	0.8970	0.8906
17
0040	0.1839	0.9250	0.4102	0.8920	0.1218s	0.3792	0.8970	0.8905
18
0041	0.1682	0.9667	0.4044	0.8900	0.1218s	0.3762	0.9000	0.8932
19
0042	0.1653	0.9833	0.3994	0.8900	0.1217s	0.3738	0.8970	0.8903
20
0043	0.1684	0.9583	0.3972	0.8920	0.1220s	0.3738	0.8930	0.8860
21
0044	0.1599	0.9750	0.3940	0.8960	0.1220s	0.3725	0.8910	0.8839
22
0045	0.1568	0.9833	0.3929	0.8920	0.1223s	0.3729	0.8920	0.8848
23
0046	0.1778	0.9750	0.3897	0.8920	0.1224s	0.3707	0.8940	0.8873
24
0047	0.1550	0.9833	0.3866	0.8940	0.1222s	0.3678	0.8970	0.8908
25
0048	0.1748	0.9750	0.3837	0.9000	0.1220s	0.3649	0.8950	0.8887
26
0049	0.1657	0.9667	0.3805	0.9000	0.1229s	0.3630	0.8970	0.8913
27
0050	0.1764	0.9833	0.3790	0.9000	0.1220s	0.3616	0.8970	0.8913
28
0051	0.1567	0.9750	0.3810	0.8940	0.1220s	0.3629	0.8970	0.8911
29
0052	0.1932	0.9667	0.3866	0.8920	0.1220s	0.3678	0.8950	0.8891
30
0053	0.1488	0.9833	0.3920	0.8860	0.1218s	0.3720	0.8900	0.8835
31
0054	0.1780	0.9750	0.3881	0.8900	0.1227s	0.3670	0.8970	0.8906
32
0055	0.1399	0.9750	0.3871	0.8960	0.1050s	0.3646	0.8990	0.8927
33
0056	0.1734	0.9583	0.3827	0.8960	0.1198s	0.3600	0.8990	0.8926
34
0057	0.1727	0.9750	0.3793	0.8960	0.1219s	0.3565	0.8990	0.8929
35
0058	0.1607	0.9917	0.3752	0.9000	0.1223s	0.3521	0.8980	0.8920
36
0059	0.1617	0.9833	0.3741	0.8980	0.1215s	0.3518	0.8970	0.8909
37
0060	0.1610	0.9833	0.3763	0.8940	0.1223s	0.3531	0.8940	0.8879
38
0061	0.1504	0.9750	0.3802	0.8920	0.1233s	0.3552	0.8980	0.8919
39
0062	0.1398	0.9833	0.3856	0.8960	0.1215s	0.3581	0.8980	0.8919
40
0063	0.1363	1.0000	0.3923	0.8900	0.1226s	0.3634	0.8920	0.8855
41
0064	0.1478	0.9833	0.3935	0.8920	0.1221s	0.3640	0.8930	0.8868
42
0065	0.1562	0.9667	0.3880	0.8920	0.1211s	0.3596	0.8930	0.8867
43
0066	0.1400	0.9917	0.3784	0.8960	0.1220s	0.3517	0.8980	0.8922
44
0067	0.1448	0.9500	0.3707	0.9020	0.1222s	0.3463	0.8990	0.8934
45
0068	0.1572	0.9750	0.3698	0.9040	0.1225s	0.3470	0.8990	0.8933
0
0069	0.1817	0.9500	0.3730	0.9040	0.1195s	0.3499	0.9000	0.8943
0
0070	0.1699	0.9750	0.3777	0.8980	0.1225s	0.3528	0.8990	0.8931
0
0071	0.1460	0.9833	0.3833	0.8960	0.1219s	0.3572	0.8970	0.8908
1
0072	0.1434	0.9667	0.3897	0.8940	0.1221s	0.3616	0.8980	0.8920
2
0073	0.1542	0.9667	0.3945	0.9040	0.1220s	0.3637	0.8970	0.8908
3
0074	0.1483	0.9833	0.3959	0.9000	0.1217s	0.3642	0.8940	0.8879
0
0075	0.1332	0.9833	0.3897	0.9040	0.1222s	0.3588	0.8980	0.8923
1
0076	0.1560	0.9417	0.3836	0.9080	0.1218s	0.3542	0.9000	0.8947
0
0077	0.1490	0.9917	0.3797	0.9060	0.1248s	0.3529	0.8990	0.8934
0
0078	0.1495	0.9500	0.3760	0.9040	0.1223s	0.3519	0.9040	0.8985
1
0079	0.1577	0.9500	0.3752	0.9040	0.1210s	0.3540	0.9040	0.8984
2
0080	0.1665	0.9667	0.3803	0.9020	0.1218s	0.3618	0.9060	0.9004
3
0081	0.1641	0.9833	0.3908	0.8920	0.1221s	0.3721	0.9020	0.8958
4
0082	0.1399	0.9750	0.3971	0.8960	0.1225s	0.3762	0.9010	0.8945
5
0083	0.1375	0.9750	0.3993	0.8920	0.1220s	0.3770	0.9000	0.8933
6
0084	0.1585	0.9833	0.3953	0.8940	0.1224s	0.3722	0.9020	0.8955
7
0085	0.1626	0.9667	0.3819	0.9040	0.1223s	0.3584	0.9030	0.8970
8
0086	0.1523	0.9583	0.3739	0.9040	0.1216s	0.3474	0.9050	0.8996
9
0087	0.1440	0.9833	0.3716	0.9100	0.1216s	0.3441	0.9130	0.9088
10
0088	0.1396	0.9833	0.3720	0.9080	0.1219s	0.3452	0.9110	0.9067
0
0089	0.1734	0.9917	0.3717	0.9060	0.1224s	0.3481	0.9060	0.9012
1
0090	0.1551	0.9917	0.3739	0.9080	0.1219s	0.3521	0.9010	0.8956
2
0091	0.1424	0.9667	0.3816	0.9020	0.1219s	0.3609	0.9000	0.8938
3
0092	0.1767	0.9583	0.3896	0.8980	0.1221s	0.3684	0.8990	0.8929
4
0093	0.1481	0.9750	0.3937	0.8940	0.1224s	0.3712	0.9020	0.8960
5
0094	0.1444	0.9750	0.3893	0.9000	0.1254s	0.3653	0.9010	0.8951
6
0095	0.1596	0.9667	0.3807	0.9000	0.1124s	0.3563	0.9010	0.8951
7
0096	0.1254	0.9750	0.3732	0.9020	0.1221s	0.3479	0.9050	0.9000
8
0097	0.1414	0.9667	0.3698	0.9040	0.1223s	0.3430	0.9020	0.8967
9
0098	0.1544	0.9750	0.3727	0.9020	0.1223s	0.3434	0.9070	0.9022
0
0099	0.1321	0.9833	0.3774	0.9020	0.1221s	0.3459	0.9030	0.8979
1
0100	0.1401	0.9750	0.3845	0.9000	0.1221s	0.3512	0.9030	0.8977
2
0101	0.1482	0.9917	0.3835	0.9000	0.1223s	0.3506	0.9050	0.8999
3
0102	0.1293	0.9750	0.3790	0.8980	0.1219s	0.3479	0.9050	0.8999
4
0103	0.1361	0.9833	0.3765	0.9020	0.1219s	0.3473	0.9050	0.8999
5
0104	0.1494	0.9667	0.3768	0.9000	0.1224s	0.3488	0.9050	0.8998
6
0105	0.1379	0.9833	0.3782	0.9020	0.1222s	0.3515	0.9080	0.9030
7
0106	0.1374	0.9833	0.3809	0.8980	0.1224s	0.3540	0.9090	0.9040
8
0107	0.1430	0.9750	0.3837	0.8980	0.1217s	0.3556	0.9070	0.9019
9
0108	0.1311	0.9500	0.3855	0.8980	0.1223s	0.3563	0.9050	0.8995
10
0109	0.1408	0.9833	0.3864	0.9020	0.1218s	0.3570	0.9040	0.8987
11
0110	0.1376	0.9917	0.3851	0.9000	0.1221s	0.3575	0.9030	0.8978
12
0111	0.1458	0.9667	0.3826	0.9040	0.1225s	0.3557	0.9030	0.8982
13
0112	0.1237	1.0000	0.3845	0.9040	0.1222s	0.3582	0.9040	0.8991
14
0113	0.1335	0.9833	0.3847	0.9040	0.1221s	0.3576	0.9060	0.9016
15
0114	0.1331	0.9917	0.3872	0.9040	0.1221s	0.3604	0.9030	0.8981
16
0115	0.1311	1.0000	0.3892	0.9020	0.1045s	0.3624	0.9040	0.8991
17
0116	0.1388	1.0000	0.3911	0.9020	0.1222s	0.3658	0.9040	0.8991
18
0117	0.1600	0.9667	0.3901	0.9020	0.1228s	0.3663	0.9030	0.8976
19
0118	0.1404	0.9750	0.3879	0.9020	0.1221s	0.3660	0.9020	0.8964
20
0119	0.1422	0.9750	0.3833	0.9020	0.1222s	0.3618	0.9020	0.8969
21
0120	0.1386	0.9750	0.3765	0.9040	0.1228s	0.3541	0.9070	0.9025
22
0121	0.1290	0.9833	0.3728	0.9020	0.1218s	0.3487	0.9070	0.9028
23
0122	0.1479	0.9750	0.3717	0.9040	0.1219s	0.3454	0.9070	0.9024
24
0123	0.1236	0.9917	0.3737	0.9020	0.1222s	0.3471	0.9090	0.9045
25
0124	0.1205	1.0000	0.3799	0.9040	0.1223s	0.3526	0.9060	0.9012
26
0125	0.1499	0.9917	0.3866	0.9040	0.1228s	0.3593	0.9060	0.9010
27
0126	0.1289	0.9667	0.3897	0.9020	0.1223s	0.3639	0.9020	0.8966
28
0127	0.1800	0.9417	0.3912	0.9040	0.1220s	0.3657	0.9020	0.8970
29
0128	0.1527	0.9917	0.3913	0.9020	0.1217s	0.3650	0.9040	0.8990
30
0129	0.1513	0.9667	0.3875	0.8980	0.1215s	0.3592	0.9050	0.9001
31
0130	0.1451	0.9917	0.3795	0.9000	0.1221s	0.3483	0.9040	0.8995
32
0131	0.1527	0.9833	0.3753	0.9000	0.1073s	0.3420	0.9060	0.9016
33
0132	0.1322	0.9917	0.3726	0.9020	0.1209s	0.3389	0.9090	0.9047
34
0133	0.1382	0.9750	0.3722	0.9040	0.1226s	0.3398	0.9100	0.9055
35
0134	0.1282	0.9833	0.3751	0.9020	0.1221s	0.3436	0.9120	0.9075
36
0135	0.1286	0.9917	0.3799	0.8980	0.1226s	0.3493	0.9120	0.9073
37
0136	0.1466	0.9667	0.3786	0.8980	0.1221s	0.3455	0.9130	0.9084
38
0137	0.1473	0.9583	0.3760	0.9020	0.1222s	0.3400	0.9140	0.9096
39
0138	0.1404	0.9917	0.3747	0.9040	0.1217s	0.3363	0.9150	0.9107
40
0139	0.1507	0.9750	0.3776	0.9060	0.1215s	0.3372	0.9130	0.9088
41
0140	0.1490	0.9917	0.3834	0.9060	0.1215s	0.3411	0.9090	0.9045
42
0141	0.1369	1.0000	0.3880	0.9060	0.1222s	0.3459	0.9080	0.9030
43
0142	0.1292	0.9667	0.3905	0.9020	0.1222s	0.3510	0.9060	0.9007
44
0143	0.1238	0.9833	0.3923	0.9020	0.1219s	0.3560	0.9050	0.8996
45
0144	0.1507	0.9833	0.3888	0.9000	0.1258s	0.3563	0.9050	0.8996
46
0145	0.1322	0.9917	0.3835	0.9000	0.1226s	0.3551	0.9090	0.9038
47
0146	0.1344	0.9917	0.3757	0.8980	0.1223s	0.3483	0.9130	0.9080
48
0147	0.1327	0.9667	0.3740	0.9020	0.1222s	0.3453	0.9120	0.9071
49
0148	0.1365	0.9833	0.3735	0.9060	0.1224s	0.3415	0.9130	0.9086
50
0149	0.1487	0.9750	0.3756	0.9060	0.1219s	0.3399	0.9090	0.9045
51
0150	0.1471	0.9667	0.3810	0.9040	0.1222s	0.3426	0.9100	0.9056
52
0151	0.1314	0.9833	0.3834	0.9000	0.1221s	0.3445	0.9100	0.9054
53
0152	0.1385	0.9833	0.3843	0.8980	0.1216s	0.3460	0.9080	0.9031
54
0153	0.1241	0.9750	0.3812	0.9020	0.1051s	0.3466	0.9040	0.8987
55
0154	0.1295	0.9583	0.3803	0.8980	0.1223s	0.3502	0.9030	0.8974
56
0155	0.1488	0.9833	0.3771	0.8940	0.1223s	0.3502	0.9040	0.8983
57
0156	0.1342	0.9750	0.3730	0.8960	0.1226s	0.3467	0.9050	0.8996
58
0157	0.1542	0.9583	0.3694	0.8980	0.1223s	0.3413	0.9060	0.9015
59
0158	0.1213	0.9750	0.3687	0.9020	0.1218s	0.3376	0.9100	0.9056
0
0159	0.1546	0.9417	0.3703	0.8980	0.1220s	0.3352	0.9090	0.9046
0
0160	0.1373	0.9833	0.3734	0.9020	0.1220s	0.3370	0.9070	0.9024
1
0161	0.1424	0.9500	0.3755	0.9000	0.1193s	0.3406	0.9070	0.9019
2
0162	0.1336	1.0000	0.3787	0.9000	0.1226s	0.3473	0.9060	0.9007
3
0163	0.1374	0.9583	0.3855	0.8940	0.1227s	0.3566	0.8990	0.8929
4
0164	0.1683	0.9833	0.3902	0.8900	0.1224s	0.3635	0.8980	0.8920
5
0165	0.1464	0.9667	0.3856	0.8920	0.1226s	0.3610	0.8990	0.8934
6
0166	0.1342	0.9917	0.3819	0.8920	0.1217s	0.3588	0.8990	0.8935
7
0167	0.1481	0.9917	0.3798	0.8980	0.1221s	0.3552	0.9000	0.8946
8
0168	0.1457	0.9750	0.3780	0.8980	0.1219s	0.3509	0.9020	0.8967
9
0169	0.1336	0.9833	0.3752	0.8980	0.1223s	0.3453	0.9040	0.8990
10
0170	0.1512	0.9583	0.3754	0.8980	0.1221s	0.3434	0.9040	0.8990
11
0171	0.1387	0.9583	0.3791	0.8980	0.1042s	0.3449	0.9020	0.8969
12
0172	0.1299	0.9833	0.3835	0.8960	0.1220s	0.3486	0.9030	0.8975
13
0173	0.1384	0.9667	0.3870	0.8960	0.1222s	0.3532	0.9020	0.8968
14
0174	0.1283	0.9917	0.3915	0.8920	0.1220s	0.3595	0.9010	0.8953
15
0175	0.1257	0.9833	0.3918	0.8920	0.1248s	0.3609	0.8990	0.8934
16
0176	0.1607	0.9917	0.3891	0.8920	0.1224s	0.3581	0.9040	0.8988
17
0177	0.1536	0.9667	0.3790	0.8940	0.1221s	0.3469	0.9080	0.9032
18
0178	0.1564	0.9833	0.3744	0.8980	0.1223s	0.3396	0.9100	0.9056
19
0179	0.1399	0.9917	0.3729	0.9000	0.1425s	0.3356	0.9110	0.9066
20
0180	0.1380	0.9833	0.3758	0.9000	0.1227s	0.3369	0.9080	0.9032
21
0181	0.1403	0.9833	0.3844	0.8960	0.1222s	0.3444	0.9010	0.8953
22
0182	0.1332	0.9750	0.3922	0.8940	0.1061s	0.3535	0.8970	0.8912
23
0183	0.1263	0.9833	0.4004	0.8920	0.1197s	0.3619	0.8950	0.8892
24
0184	0.1381	0.9833	0.4050	0.8900	0.1219s	0.3664	0.8950	0.8893
25
0185	0.1412	0.9917	0.3995	0.8940	0.1222s	0.3574	0.8990	0.8932
26
0186	0.1461	0.9833	0.3955	0.8980	0.1221s	0.3498	0.8980	0.8918
27
0187	0.1383	0.9750	0.3889	0.9000	0.1219s	0.3399	0.9080	0.9031
28
0188	0.1388	0.9750	0.3854	0.9040	0.1219s	0.3340	0.9130	0.9086
29
0189	0.1174	1.0000	0.3854	0.9040	0.1219s	0.3332	0.9120	0.9077
30
0190	0.1330	0.9833	0.3868	0.9040	0.1223s	0.3352	0.9130	0.9088
31
0191	0.1286	0.9917	0.3912	0.9020	0.1220s	0.3412	0.9090	0.9044
32
0192	0.1202	1.0000	0.3987	0.8980	0.1219s	0.3495	0.9010	0.8954
33
0193	0.1521	0.9667	0.4047	0.9000	0.1226s	0.3538	0.8970	0.8915
34
0194	0.1651	0.9667	0.4015	0.9000	0.1237s	0.3505	0.9000	0.8949
35
0195	0.1437	0.9833	0.3945	0.9040	0.1219s	0.3428	0.9060	0.9012
36
0196	0.1192	0.9833	0.3918	0.9020	0.1223s	0.3422	0.9080	0.9030
37
0197	0.1360	0.9833	0.3930	0.9040	0.1218s	0.3437	0.9100	0.9052
38
0198	0.1442	0.9833	0.3957	0.9040	0.1226s	0.3465	0.9090	0.9041
39
0199	0.1307	0.9833	0.4009	0.9020	0.1222s	0.3517	0.9070	0.9021
40
0200	0.1179	0.9917	0.4040	0.9020	0.1222s	0.3562	0.9070	0.9022
41
0201	0.1653	0.9667	0.4037	0.9020	0.1217s	0.3589	0.9030	0.8977
42
0202	0.1279	0.9917	0.3995	0.9020	0.1224s	0.3577	0.9050	0.8996
43
0203	0.1313	0.9917	0.4019	0.9000	0.1220s	0.3619	0.8990	0.8932
44
0204	0.1198	0.9667	0.4043	0.8940	0.1215s	0.3654	0.8980	0.8926
45
0205	0.1205	0.9833	0.4065	0.8940	0.1222s	0.3692	0.8960	0.8907
46
0206	0.1386	0.9750	0.4007	0.8940	0.1224s	0.3642	0.8970	0.8916
47
0207	0.1409	0.9833	0.3988	0.9000	0.1222s	0.3635	0.9000	0.8946
48
0208	0.1507	0.9667	0.3961	0.9000	0.1217s	0.3618	0.9010	0.8954
49
0209	0.1666	0.9667	0.3991	0.8980	0.1217s	0.3658	0.9070	0.9014
50
0210	0.1209	0.9833	0.3996	0.8960	0.1220s	0.3648	0.9070	0.9014
51
0211	0.1165	0.9917	0.3951	0.9020	0.1225s	0.3587	0.9080	0.9025
52
0212	0.1286	0.9917	0.3915	0.9020	0.1219s	0.3533	0.9090	0.9035
53
0213	0.1409	0.9833	0.3895	0.9040	0.1233s	0.3510	0.9090	0.9035
54
0214	0.1083	0.9917	0.3884	0.9040	0.1222s	0.3499	0.9080	0.9024
55
0215	0.1412	0.9917	0.3859	0.9040	0.1208s	0.3483	0.9070	0.9015
56
0216	0.1463	0.9750	0.3836	0.9060	0.1214s	0.3477	0.9110	0.9060
57
0217	0.1208	0.9833	0.3839	0.9060	0.1220s	0.3500	0.9090	0.9041
58
0218	0.1358	0.9917	0.3830	0.9020	0.1221s	0.3500	0.9120	0.9073
59
0219	0.1436	0.9917	0.3822	0.9040	0.1221s	0.3489	0.9120	0.9073
60
0220	0.1190	1.0000	0.3810	0.9040	0.1219s	0.3458	0.9100	0.9050
61
0221	0.1228	0.9917	0.3831	0.9060	0.1167s	0.3455	0.9070	0.9019
62
0222	0.1528	0.9750	0.3853	0.9080	0.1221s	0.3469	0.9090	0.9039
63
0223	0.1390	0.9833	0.3890	0.9080	0.1207s	0.3485	0.9050	0.8997
64
0224	0.1142	0.9917	0.3925	0.9040	0.1220s	0.3511	0.9050	0.8997
65
0225	0.1508	0.9667	0.3953	0.9040	0.1219s	0.3546	0.9040	0.8984
66
0226	0.1587	0.9667	0.3926	0.9020	0.1223s	0.3544	0.9080	0.9024
67
0227	0.1456	1.0000	0.3838	0.9040	0.1220s	0.3501	0.9090	0.9040
68
0228	0.1353	0.9833	0.3766	0.9100	0.1219s	0.3469	0.9090	0.9043
69
0229	0.1391	0.9833	0.3746	0.9100	0.1220s	0.3479	0.9110	0.9063
0
0230	0.1364	1.0000	0.3747	0.9080	0.1223s	0.3489	0.9090	0.9042
0
0231	0.1438	0.9667	0.3752	0.9080	0.1224s	0.3502	0.9050	0.9000
1
0232	0.1293	0.9917	0.3785	0.9040	0.1232s	0.3552	0.9060	0.9010
2
0233	0.1382	0.9750	0.3849	0.8940	0.1226s	0.3614	0.9000	0.8940
3
0234	0.1266	0.9917	0.3897	0.8960	0.1224s	0.3644	0.9030	0.8969
4
0235	0.1427	0.9750	0.3906	0.8980	0.1220s	0.3645	0.9040	0.8982
5
0236	0.1325	0.9583	0.3877	0.9020	0.1223s	0.3607	0.9050	0.8993
6
0237	0.1344	0.9833	0.3853	0.9060	0.1219s	0.3565	0.9060	0.9003
7
0238	0.1132	0.9917	0.3829	0.9060	0.1220s	0.3511	0.9060	0.9006
8
0239	0.1426	0.9917	0.3814	0.9020	0.1221s	0.3481	0.9060	0.9004
9
0240	0.1134	0.9917	0.3796	0.9040	0.1223s	0.3451	0.9100	0.9053
10
0241	0.1416	0.9833	0.3782	0.9040	0.1222s	0.3443	0.9110	0.9063
11
0242	0.1190	0.9833	0.3784	0.9080	0.1211s	0.3490	0.9070	0.9021
12
0243	0.1314	0.9917	0.3792	0.9060	0.1222s	0.3550	0.9030	0.8973
13
0244	0.1456	0.9750	0.3789	0.9040	0.1221s	0.3578	0.9040	0.8984
14
0245	0.1305	0.9750	0.3809	0.9020	0.1222s	0.3619	0.9050	0.8993
15
0246	0.1403	0.9750	0.3766	0.9020	0.1223s	0.3567	0.9060	0.9003
16
0247	0.1526	0.9750	0.3717	0.9040	0.1223s	0.3489	0.9070	0.9014
17
0248	0.1363	0.9833	0.3699	0.9020	0.1209s	0.3442	0.9060	0.9005
18
0249	0.1494	0.9667	0.3656	0.9100	0.1221s	0.3367	0.9090	0.9041
19
0250	0.1340	0.9917	0.3649	0.9040	0.1222s	0.3344	0.9080	0.9032
0
0251	0.1276	0.9750	0.3647	0.9080	0.1224s	0.3353	0.9060	0.9011
0
0252	0.1233	0.9750	0.3648	0.9060	0.1219s	0.3377	0.9100	0.9052
0
0253	0.1255	0.9917	0.3709	0.9020	0.1221s	0.3454	0.9070	0.9020
1
0254	0.1312	0.9500	0.3762	0.9000	0.1221s	0.3521	0.9080	0.9026
2
0255	0.1284	0.9917	0.3834	0.8980	0.1225s	0.3606	0.9040	0.8983
3
0256	0.1591	0.9917	0.3828	0.9040	0.1220s	0.3609	0.9040	0.8983
4
0257	0.1402	0.9667	0.3752	0.9080	0.1219s	0.3538	0.9050	0.8996
5
0258	0.1417	0.9583	0.3657	0.9080	0.1224s	0.3423	0.9080	0.9033
6
0259	0.1181	0.9750	0.3605	0.9100	0.1222s	0.3324	0.9070	0.9021
7
0260	0.1190	0.9667	0.3608	0.9040	0.1222s	0.3283	0.9080	0.9036
0
0261	0.1444	0.9750	0.3651	0.9060	0.1045s	0.3294	0.9050	0.9007
1
0262	0.1569	0.9750	0.3651	0.9040	0.1072s	0.3296	0.9020	0.8974
2
0263	0.1325	1.0000	0.3650	0.9060	0.1221s	0.3312	0.9030	0.8977
3
0264	0.1282	0.9667	0.3669	0.9100	0.1222s	0.3364	0.9080	0.9025
4
0265	0.1401	0.9833	0.3755	0.9020	0.1218s	0.3467	0.9030	0.8970
0
0266	0.1359	0.9750	0.3817	0.9040	0.1224s	0.3542	0.9010	0.8945
1
0267	0.1332	0.9917	0.3786	0.9060	0.1224s	0.3514	0.9050	0.8992
2
0268	0.1347	0.9917	0.3772	0.9040	0.1229s	0.3486	0.9030	0.8973
3
0269	0.1256	1.0000	0.3723	0.9120	0.1222s	0.3408	0.9030	0.8975
4
0270	0.1305	0.9833	0.3701	0.9100	0.1221s	0.3364	0.9060	0.9006
0
0271	0.1274	0.9833	0.3673	0.9120	0.1220s	0.3318	0.9100	0.9057
1
0272	0.1296	0.9667	0.3666	0.9080	0.1220s	0.3309	0.9120	0.9079
0
0273	0.1296	0.9833	0.3654	0.9140	0.1221s	0.3300	0.9120	0.9075
1
0274	0.1221	1.0000	0.3676	0.9120	0.1220s	0.3352	0.9080	0.9027
0
0275	0.1306	1.0000	0.3758	0.9140	0.1216s	0.3452	0.9070	0.9015
1
0276	0.1383	0.9750	0.3855	0.9060	0.1222s	0.3545	0.9030	0.8972
0
0277	0.1376	0.9667	0.3871	0.9060	0.1217s	0.3555	0.9010	0.8948
1
0278	0.1252	0.9750	0.3790	0.9160	0.1086s	0.3457	0.9050	0.8993
2
0279	0.1179	0.9917	0.3743	0.9140	0.1218s	0.3384	0.9060	0.9007
0
0280	0.1276	0.9833	0.3744	0.9040	0.1220s	0.3346	0.9080	0.9033
1
0281	0.1244	0.9583	0.3769	0.9040	0.1218s	0.3333	0.9100	0.9059
2
0282	0.1309	0.9833	0.3787	0.9060	0.1219s	0.3342	0.9090	0.9048
3
0283	0.1403	0.9750	0.3774	0.9080	0.1218s	0.3344	0.9120	0.9080
4
0284	0.1320	0.9833	0.3777	0.9120	0.1214s	0.3374	0.9080	0.9032
5
0285	0.1316	0.9833	0.3807	0.9040	0.1222s	0.3423	0.9070	0.9017
6
0286	0.1369	0.9750	0.3815	0.9080	0.1046s	0.3434	0.9080	0.9024
7
0287	0.1210	1.0000	0.3811	0.9100	0.1226s	0.3420	0.9060	0.9007
8
0288	0.1506	0.9917	0.3810	0.9060	0.1234s	0.3407	0.9070	0.9019
9
0289	0.1454	0.9917	0.3813	0.9020	0.1225s	0.3387	0.9060	0.9011
10
0290	0.1341	0.9750	0.3807	0.9040	0.1221s	0.3369	0.9060	0.9015
11
0291	0.1405	0.9583	0.3810	0.9060	0.1220s	0.3379	0.9080	0.9036
12
0292	0.1318	1.0000	0.3808	0.9080	0.1222s	0.3414	0.9080	0.9032
13
0293	0.1493	0.9667	0.3803	0.9100	0.1216s	0.3434	0.9090	0.9043
14
0294	0.1434	0.9750	0.3829	0.9040	0.1219s	0.3478	0.9080	0.9035
15
0295	0.1370	0.9917	0.3838	0.9020	0.1130s	0.3505	0.9090	0.9044
16
0296	0.1366	0.9583	0.3822	0.9080	0.1216s	0.3488	0.9070	0.9022
17
0297	0.1306	0.9833	0.3814	0.9060	0.1219s	0.3462	0.9070	0.9020
18
0298	0.1149	0.9917	0.3815	0.9120	0.1219s	0.3444	0.9070	0.9018
19
0299	0.1401	1.0000	0.3812	0.9100	0.1218s	0.3431	0.9070	0.9019
20
0300	0.1210	0.9833	0.3806	0.9060	0.1218s	0.3434	0.9080	0.9030
21
0301	0.1304	0.9833	0.3796	0.9040	0.1220s	0.3432	0.9050	0.8997
22
0302	0.1369	0.9667	0.3766	0.9080	0.1221s	0.3406	0.9090	0.9041
23
0303	0.1403	0.9917	0.3750	0.9100	0.1219s	0.3394	0.9110	0.9063
24
0304	0.1570	0.9917	0.3741	0.9100	0.1223s	0.3392	0.9100	0.9054
25
0305	0.1408	0.9583	0.3743	0.9080	0.1222s	0.3405	0.9100	0.9055
26
0306	0.1141	0.9833	0.3753	0.9080	0.1224s	0.3415	0.9100	0.9053
27
0307	0.1394	0.9667	0.3749	0.9100	0.1226s	0.3408	0.9090	0.9044
28
0308	0.1205	0.9917	0.3769	0.9120	0.1219s	0.3430	0.9110	0.9064
29
0309	0.1174	0.9917	0.3846	0.9100	0.1217s	0.3497	0.9100	0.9051
30
0310	0.1178	0.9917	0.3922	0.9040	0.1219s	0.3559	0.9050	0.8999
31
0311	0.1443	0.9583	0.3947	0.9060	0.1221s	0.3578	0.9040	0.8992
32
0312	0.1383	0.9750	0.3888	0.9080	0.1221s	0.3528	0.9070	0.9022
33
0313	0.1300	0.9583	0.3801	0.9100	0.1222s	0.3459	0.9100	0.9054
34
0314	0.1441	0.9583	0.3753	0.9100	0.1219s	0.3423	0.9080	0.9034
35
0315	0.1345	0.9750	0.3742	0.9120	0.1221s	0.3425	0.9100	0.9055
36
0316	0.1485	0.9583	0.3797	0.9100	0.1219s	0.3496	0.9100	0.9054
37
0317	0.1308	0.9917	0.3877	0.9020	0.1219s	0.3587	0.9100	0.9049
38
0318	0.1315	0.9917	0.3971	0.8980	0.1220s	0.3692	0.9110	0.9059
39
0319	0.1436	1.0000	0.4014	0.8980	0.1219s	0.3738	0.9100	0.9046
40
0320	0.1334	1.0000	0.3997	0.8960	0.1219s	0.3730	0.9080	0.9023
41
0321	0.1568	0.9750	0.3898	0.8980	0.1214s	0.3635	0.9100	0.9047
42
0322	0.1328	0.9750	0.3848	0.9060	0.1224s	0.3581	0.9100	0.9053
43
0323	0.1463	0.9583	0.3811	0.9060	0.1220s	0.3541	0.9120	0.9079
44
0324	0.1386	0.9750	0.3810	0.9040	0.1219s	0.3532	0.9100	0.9056
45
0325	0.1167	1.0000	0.3833	0.9060	0.1218s	0.3540	0.9090	0.9044
46
0326	0.1201	0.9833	0.3846	0.9060	0.1231s	0.3553	0.9110	0.9066
47
0327	0.1243	0.9750	0.3863	0.9060	0.1220s	0.3578	0.9110	0.9064
48
0328	0.1291	1.0000	0.3918	0.9020	0.1223s	0.3648	0.9090	0.9039
49
0329	0.1480	0.9917	0.3939	0.9020	0.1222s	0.3676	0.9060	0.9008
50
0330	0.1172	0.9833	0.3978	0.9020	0.1225s	0.3699	0.9050	0.8997
51
0331	0.1305	0.9667	0.3990	0.9000	0.1218s	0.3713	0.9120	0.9069
52
0332	0.1282	0.9750	0.4010	0.8980	0.1246s	0.3737	0.9120	0.9069
53
0333	0.1313	0.9917	0.3939	0.9000	0.1218s	0.3680	0.9120	0.9069
54
0334	0.1203	0.9750	0.3928	0.9000	0.1223s	0.3675	0.9120	0.9072
55
0335	0.1155	1.0000	0.3926	0.8960	0.1221s	0.3676	0.9110	0.9063
56
0336	0.1234	0.9833	0.3948	0.8960	0.1220s	0.3699	0.9090	0.9042
57
0337	0.1597	0.9917	0.3903	0.8980	0.1224s	0.3647	0.9110	0.9064
58
0338	0.1341	0.9833	0.3888	0.8980	0.1219s	0.3617	0.9110	0.9061
59
0339	0.1359	0.9833	0.3885	0.8980	0.1221s	0.3593	0.9110	0.9062
60
0340	0.1383	0.9583	0.3944	0.9020	0.1220s	0.3629	0.9080	0.9030
61
0341	0.1289	0.9917	0.4063	0.8980	0.1223s	0.3720	0.9020	0.8971
62
0342	0.1475	0.9667	0.4163	0.9020	0.1221s	0.3794	0.9000	0.8948
63
0343	0.1431	0.9917	0.4163	0.8960	0.1213s	0.3784	0.9110	0.9058
64
0344	0.1429	0.9500	0.4105	0.8960	0.1220s	0.3727	0.9090	0.9033
65
0345	0.1191	0.9750	0.4057	0.8960	0.1222s	0.3701	0.9100	0.9049
66
0346	0.1274	0.9750	0.3969	0.9080	0.1218s	0.3635	0.9110	0.9058
67
0347	0.1407	0.9917	0.3870	0.9060	0.1219s	0.3544	0.9140	0.9097
68
0348	0.1226	0.9750	0.3823	0.9040	0.1217s	0.3503	0.9150	0.9109
69
0349	0.1493	0.9833	0.3782	0.9000	0.1051s	0.3464	0.9160	0.9119
70
0350	0.1683	0.9667	0.3823	0.9000	0.1215s	0.3493	0.9060	0.9007
71
0351	0.1321	1.0000	0.4005	0.8980	0.1221s	0.3670	0.9020	0.8974
72
0352	0.1333	0.9750	0.4129	0.8940	0.1222s	0.3801	0.8930	0.8878
73
0353	0.1405	0.9583	0.4138	0.8980	0.1221s	0.3811	0.8980	0.8927
74
0354	0.1291	0.9917	0.4025	0.9020	0.1217s	0.3708	0.9040	0.8985
75
0355	0.1508	0.9917	0.3910	0.9080	0.1221s	0.3607	0.9130	0.9077
76
0356	0.1442	0.9833	0.3866	0.9060	0.1221s	0.3573	0.9140	0.9088
77
0357	0.1292	0.9750	0.3889	0.9020	0.1221s	0.3612	0.9100	0.9052
78
0358	0.1198	0.9500	0.3944	0.9080	0.1219s	0.3676	0.9080	0.9032
79
0359	0.1590	0.9750	0.3967	0.9080	0.1220s	0.3690	0.9020	0.8965
80
0360	0.1330	0.9750	0.3953	0.9080	0.1222s	0.3651	0.9010	0.8955
81
0361	0.1497	0.9917	0.3978	0.9080	0.1218s	0.3652	0.9030	0.8976
82
0362	0.1203	1.0000	0.4084	0.9000	0.1206s	0.3738	0.8960	0.8903
83
0363	0.1502	0.9667	0.4157	0.8960	0.1223s	0.3790	0.8930	0.8875
84
0364	0.1419	0.9500	0.4123	0.8940	0.1233s	0.3758	0.8920	0.8864
85
0365	0.1304	0.9667	0.4005	0.8980	0.1223s	0.3659	0.9020	0.8966
86
0366	0.1459	0.9917	0.3918	0.9020	0.1224s	0.3592	0.9030	0.8976
87
0367	0.1449	0.9750	0.3870	0.9060	0.1219s	0.3568	0.9020	0.8967
88
0368	0.1278	0.9917	0.3874	0.9020	0.1217s	0.3590	0.9000	0.8946
89
0369	0.1290	0.9917	0.3889	0.9020	0.1222s	0.3608	0.8990	0.8937
90
0370	0.1218	0.9833	0.3901	0.9040	0.1223s	0.3615	0.9010	0.8955
91
0371	0.1296	0.9833	0.3939	0.9020	0.1222s	0.3654	0.8990	0.8933
92
0372	0.1509	0.9750	0.3983	0.8960	0.1220s	0.3671	0.8990	0.8933
93
0373	0.1263	1.0000	0.3997	0.9000	0.1221s	0.3663	0.9010	0.8955
94
0374	0.1195	1.0000	0.3960	0.9080	0.1219s	0.3609	0.9010	0.8958
95
0375	0.1410	0.9667	0.3895	0.9080	0.1217s	0.3543	0.8980	0.8923
96
0376	0.1215	0.9917	0.3857	0.9100	0.1222s	0.3494	0.8980	0.8921
97
0377	0.1248	0.9667	0.3833	0.9040	0.1220s	0.3465	0.9020	0.8967
98
0378	0.1334	0.9750	0.3812	0.9080	0.1221s	0.3460	0.9030	0.8979
99
0379	0.1223	0.9917	0.3794	0.9080	0.1225s	0.3465	0.9050	0.9000
100
0380	0.1328	0.9833	0.3796	0.9080	0.1223s	0.3488	0.9070	0.9019
101
0381	0.1271	0.9750	0.3815	0.9100	0.1219s	0.3527	0.9020	0.8969
102
0382	0.1356	0.9917	0.3852	0.9080	0.1219s	0.3577	0.9000	0.8945
103
0383	0.1392	0.9917	0.3841	0.9100	0.1227s	0.3565	0.9010	0.8954
104
0384	0.1423	0.9583	0.3813	0.9100	0.1213s	0.3533	0.9030	0.8977
105
0385	0.1528	0.9833	0.3760	0.9080	0.1221s	0.3483	0.9080	0.9029
106
0386	0.1294	0.9667	0.3723	0.9100	0.1219s	0.3445	0.9100	0.9050
107
0387	0.1377	0.9583	0.3686	0.9080	0.1227s	0.3404	0.9110	0.9059
108
0388	0.1283	0.9917	0.3680	0.9080	0.1224s	0.3386	0.9130	0.9083
109
0389	0.1218	0.9917	0.3674	0.9060	0.1224s	0.3373	0.9120	0.9074
110
0390	0.1392	0.9667	0.3666	0.9060	0.1225s	0.3361	0.9110	0.9063
111
0391	0.1279	0.9667	0.3668	0.9100	0.1223s	0.3367	0.9100	0.9053
112
0392	0.1510	0.9917	0.3678	0.9140	0.1219s	0.3393	0.9060	0.9012
113
0393	0.1270	0.9667	0.3693	0.9080	0.1220s	0.3430	0.9060	0.9012
114
0394	0.1535	0.9750	0.3741	0.9100	0.1220s	0.3499	0.9060	0.9011
115
0395	0.1354	0.9833	0.3759	0.9080	0.1214s	0.3521	0.9050	0.8997
116
0396	0.1263	0.9667	0.3752	0.9080	0.1223s	0.3511	0.9050	0.8994
117
0397	0.1340	0.9833	0.3764	0.9120	0.1219s	0.3509	0.9060	0.9004
118
0398	0.1196	1.0000	0.3754	0.9060	0.1221s	0.3484	0.9060	0.9007
119
0399	0.1326	0.9667	0.3755	0.9080	0.1223s	0.3466	0.9040	0.8986
120
0400	0.1293	0.9750	0.3731	0.9040	0.1220s	0.3440	0.9060	0.9006
121
0401	0.1161	0.9833	0.3712	0.9040	0.1218s	0.3433	0.9090	0.9038
122
0402	0.1449	0.9917	0.3706	0.9020	0.1231s	0.3449	0.9090	0.9037
123
0403	0.1108	0.9667	0.3702	0.9060	0.1221s	0.3472	0.9030	0.8971
124
0404	0.1212	0.9667	0.3672	0.9060	0.1202s	0.3460	0.9060	0.9006
125
0405	0.1262	0.9833	0.3649	0.9020	0.1218s	0.3443	0.9050	0.8997
126
0406	0.1422	0.9833	0.3696	0.9060	0.1216s	0.3497	0.9070	0.9025
127
0407	0.1188	0.9833	0.3767	0.9020	0.1204s	0.3567	0.9030	0.8986
128
0408	0.1171	0.9667	0.3783	0.9020	0.1221s	0.3583	0.9020	0.8972
129
0409	0.1409	0.9750	0.3800	0.9020	0.1186s	0.3582	0.9050	0.8994
130
0410	0.1232	0.9750	0.3842	0.9000	0.1184s	0.3602	0.9040	0.8984
131
0411	0.1337	0.9917	0.3863	0.9100	0.1221s	0.3597	0.9040	0.8980
132
0412	0.1351	0.9750	0.3888	0.9040	0.1222s	0.3601	0.9050	0.8995
133
0413	0.1452	0.9667	0.3786	0.9060	0.1217s	0.3506	0.9070	0.9022
134
0414	0.1228	1.0000	0.3701	0.9100	0.1227s	0.3415	0.9120	0.9077
135
0415	0.1353	1.0000	0.3674	0.9060	0.1220s	0.3394	0.9090	0.9044
136
0416	0.1215	0.9833	0.3673	0.9060	0.1112s	0.3408	0.9080	0.9036
137
0417	0.1460	0.9750	0.3716	0.9060	0.1224s	0.3485	0.9020	0.8968
138
0418	0.1346	0.9833	0.3832	0.8960	0.1217s	0.3643	0.8960	0.8908
139
0419	0.1227	0.9917	0.3978	0.8940	0.1219s	0.3798	0.8910	0.8856
140
0420	0.1504	0.9833	0.3987	0.8940	0.1223s	0.3789	0.8920	0.8855
141
0421	0.1277	0.9750	0.3914	0.8960	0.1223s	0.3686	0.8990	0.8928
142
0422	0.1325	0.9667	0.3872	0.9000	0.1197s	0.3611	0.9010	0.8950
143
0423	0.1337	0.9333	0.3800	0.9000	0.1226s	0.3508	0.9040	0.8987
144
0424	0.1437	0.9833	0.3750	0.9020	0.1226s	0.3446	0.9080	0.9031
145
0425	0.1410	0.9750	0.3736	0.9020	0.1223s	0.3408	0.9100	0.9054
146
0426	0.1293	0.9917	0.3743	0.9040	0.1221s	0.3411	0.9090	0.9042
147
0427	0.1347	0.9917	0.3738	0.9020	0.1220s	0.3401	0.9080	0.9029
148
0428	0.1121	0.9667	0.3764	0.9000	0.1217s	0.3437	0.9050	0.9001
149
0429	0.1283	0.9667	0.3835	0.8960	0.1225s	0.3550	0.9000	0.8948
150
0430	0.1185	0.9833	0.3954	0.8900	0.1217s	0.3712	0.8960	0.8907
151
0431	0.1544	0.9583	0.3970	0.8860	0.1220s	0.3747	0.8920	0.8865
152
0432	0.1175	0.9583	0.3907	0.8940	0.1250s	0.3712	0.8980	0.8929
153
0433	0.1468	0.9583	0.3787	0.9000	0.1185s	0.3589	0.9040	0.8992
154
0434	0.1284	0.9750	0.3714	0.9020	0.1042s	0.3493	0.9090	0.9043
155
0435	0.1167	0.9750	0.3711	0.9060	0.1223s	0.3466	0.9080	0.9033
156
0436	0.1201	0.9917	0.3724	0.9060	0.1219s	0.3459	0.9130	0.9085
157
0437	0.1324	0.9583	0.3744	0.9020	0.1227s	0.3487	0.9130	0.9084
158
0438	0.1229	0.9917	0.3807	0.8960	0.1224s	0.3560	0.9080	0.9027
159
0439	0.1182	0.9917	0.3932	0.8880	0.1221s	0.3674	0.9060	0.9003
160
0440	0.1236	0.9667	0.4046	0.8920	0.1224s	0.3779	0.8920	0.8854
161
0441	0.1322	0.9750	0.4083	0.8900	0.1218s	0.3820	0.8900	0.8834
162
0442	0.1241	0.9583	0.4016	0.8880	0.1221s	0.3768	0.8920	0.8857
163
0443	0.1287	0.9667	0.3899	0.8900	0.1218s	0.3666	0.9030	0.8973
164
0444	0.1220	0.9750	0.3823	0.8960	0.1219s	0.3609	0.9040	0.8983
165
0445	0.1130	0.9917	0.3800	0.8980	0.1217s	0.3594	0.9110	0.9059
166
0446	0.1169	0.9917	0.3807	0.9000	0.1225s	0.3613	0.9110	0.9060
167
0447	0.1367	0.9833	0.3782	0.9020	0.1221s	0.3579	0.9090	0.9039
168
0448	0.1534	0.9333	0.3792	0.9040	0.1193s	0.3575	0.9060	0.9005
169
0449	0.1481	0.9833	0.3835	0.8980	0.1224s	0.3582	0.9080	0.9025
170
0450	0.1210	0.9750	0.3949	0.8940	0.1227s	0.3666	0.8960	0.8895
171
0451	0.1559	0.9917	0.4053	0.8900	0.1051s	0.3757	0.8950	0.8885
172
0452	0.1311	0.9833	0.4075	0.8920	0.1216s	0.3773	0.8920	0.8851
173
0453	0.1441	0.9750	0.4014	0.8880	0.1218s	0.3737	0.8940	0.8870
174
0454	0.1179	0.9667	0.3943	0.8900	0.1140s	0.3689	0.9010	0.8948
175
0455	0.1186	1.0000	0.3851	0.9020	0.1222s	0.3630	0.9000	0.8937
176
0456	0.1171	0.9750	0.3776	0.9020	0.1219s	0.3579	0.9000	0.8940
177
0457	0.1355	0.9917	0.3742	0.9020	0.1219s	0.3561	0.9010	0.8954
178
0458	0.1169	0.9917	0.3756	0.9000	0.1225s	0.3576	0.9010	0.8959
179
0459	0.1404	0.9750	0.3758	0.9000	0.1150s	0.3583	0.8980	0.8928
180
0460	0.1315	0.9833	0.3757	0.9020	0.1220s	0.3573	0.8990	0.8933
181
0461	0.1318	0.9833	0.3790	0.9000	0.1218s	0.3578	0.8990	0.8930
182
0462	0.1355	0.9750	0.3864	0.8960	0.1220s	0.3608	0.8980	0.8916
183
0463	0.1268	0.9917	0.3982	0.8840	0.1230s	0.3682	0.8990	0.8920
184
0464	0.1528	0.9833	0.4048	0.8820	0.1224s	0.3731	0.8980	0.8911
185
0465	0.1472	0.9833	0.4048	0.8840	0.1216s	0.3733	0.8990	0.8923
186
0466	0.1265	0.9917	0.3941	0.8900	0.1221s	0.3638	0.8990	0.8923
187
0467	0.1338	0.9833	0.3811	0.8980	0.1219s	0.3535	0.8960	0.8899
188
0468	0.1439	0.9750	0.3713	0.9020	0.1219s	0.3454	0.9020	0.8964
189
0469	0.1366	0.9833	0.3658	0.9080	0.1174s	0.3399	0.9030	0.8982
190
0470	0.1422	0.9583	0.3650	0.9100	0.1199s	0.3400	0.9020	0.8974
191
0471	0.1465	0.9917	0.3681	0.9120	0.1223s	0.3436	0.9000	0.8953
192
0472	0.1625	0.9583	0.3761	0.9020	0.1220s	0.3522	0.9010	0.8960
193
0473	0.1344	0.9833	0.3830	0.8980	0.1222s	0.3585	0.8990	0.8935
194
0474	0.1240	0.9917	0.3951	0.8980	0.1222s	0.3694	0.8960	0.8897
195
0475	0.1268	0.9833	0.4003	0.8920	0.1226s	0.3718	0.8970	0.8903
196
0476	0.1483	1.0000	0.4011	0.8980	0.1220s	0.3701	0.8940	0.8874
197
0477	0.1243	0.9917	0.3994	0.9020	0.1222s	0.3658	0.8910	0.8841
198
0478	0.1384	0.9583	0.3881	0.9080	0.1224s	0.3527	0.9040	0.8983
199
Early stop! Min loss:0.3604547083377838,  Max accuracy:0.916
Early stop model validation loss:0.3604547083377838,  accuracy:0.91
Optimization Finished!
Total time elapsed: 58.6766s
test max acc:0.9160
Loading 258th epoch
stru_node_to_hop attention:tensor([[0.2546, 0.2510, 0.2476, 0.2467],
        [0.2493, 0.2505, 0.2502, 0.2501],
        [0.2485, 0.2510, 0.2503, 0.2501],
        [0.2491, 0.2519, 0.2497, 0.2493],
        [0.2477, 0.2505, 0.2508, 0.2509],
        [0.2500, 0.2499, 0.2501, 0.2500],
        [0.2488, 0.2505, 0.2503, 0.2504],
        [0.2499, 0.2500, 0.2500, 0.2501],
        [0.2492, 0.2507, 0.2501, 0.2500],
        [0.2474, 0.2515, 0.2507, 0.2504],
        [0.2500, 0.2501, 0.2500, 0.2500],
        [0.2490, 0.2504, 0.2503, 0.2503],
        [0.2489, 0.2507, 0.2502, 0.2502],
        [0.2521, 0.2504, 0.2490, 0.2485],
        [0.2522, 0.2497, 0.2492, 0.2489],
        [0.2494, 0.2503, 0.2502, 0.2500],
        [0.2495, 0.2503, 0.2502, 0.2501],
        [0.2484, 0.2510, 0.2504, 0.2502],
        [0.2486, 0.2508, 0.2503, 0.2502],
        [0.2501, 0.2498, 0.2500, 0.2501],
        [0.2505, 0.2497, 0.2499, 0.2499],
        [0.2470, 0.2527, 0.2503, 0.2499],
        [0.2498, 0.2501, 0.2501, 0.2500],
        [0.2480, 0.2512, 0.2504, 0.2504],
        [0.2498, 0.2501, 0.2501, 0.2500],
        [0.2481, 0.2509, 0.2505, 0.2505],
        [0.2505, 0.2498, 0.2498, 0.2498],
        [0.2472, 0.2508, 0.2511, 0.2509],
        [0.2487, 0.2509, 0.2502, 0.2502],
        [0.2490, 0.2506, 0.2502, 0.2501],
        [0.2486, 0.2507, 0.2505, 0.2503],
        [0.2478, 0.2510, 0.2507, 0.2505],
        [0.2475, 0.2512, 0.2507, 0.2506],
        [0.2496, 0.2500, 0.2502, 0.2502],
        [0.2494, 0.2500, 0.2502, 0.2504],
        [0.2494, 0.2505, 0.2500, 0.2501],
        [0.2500, 0.2500, 0.2500, 0.2499],
        [0.2479, 0.2506, 0.2507, 0.2508],
        [0.2493, 0.2503, 0.2502, 0.2502],
        [0.2511, 0.2501, 0.2495, 0.2493],
        [0.2499, 0.2498, 0.2501, 0.2501],
        [0.2484, 0.2511, 0.2503, 0.2502],
        [0.2482, 0.2508, 0.2505, 0.2505],
        [0.2503, 0.2499, 0.2499, 0.2499],
        [0.2475, 0.2515, 0.2507, 0.2504],
        [0.1396, 0.1905, 0.2789, 0.3910],
        [0.2499, 0.2500, 0.2500, 0.2501],
        [0.2493, 0.2502, 0.2502, 0.2502],
        [0.2509, 0.2497, 0.2498, 0.2497],
        [0.2490, 0.2504, 0.2503, 0.2503],
        [0.2481, 0.2507, 0.2506, 0.2507],
        [0.2492, 0.2506, 0.2502, 0.2501],
        [0.2500, 0.2500, 0.2500, 0.2500],
        [0.2495, 0.2502, 0.2501, 0.2502],
        [0.2477, 0.2513, 0.2506, 0.2504],
        [0.2482, 0.2504, 0.2505, 0.2508],
        [0.2497, 0.2507, 0.2500, 0.2496],
        [0.2500, 0.2502, 0.2499, 0.2499],
        [0.2475, 0.2511, 0.2508, 0.2505],
        [0.2486, 0.2515, 0.2502, 0.2497],
        [0.2478, 0.2512, 0.2505, 0.2505],
        [0.2493, 0.2505, 0.2502, 0.2501],
        [0.2500, 0.2500, 0.2500, 0.2500],
        [0.2493, 0.2505, 0.2503, 0.2498],
        [0.2500, 0.2500, 0.2500, 0.2500],
        [0.2486, 0.2500, 0.2507, 0.2507],
        [0.2506, 0.2499, 0.2499, 0.2497],
        [0.2458, 0.2512, 0.2514, 0.2516],
        [0.2499, 0.2501, 0.2500, 0.2500],
        [0.2493, 0.2504, 0.2502, 0.2502],
        [0.2498, 0.2502, 0.2500, 0.2500],
        [0.2499, 0.2500, 0.2500, 0.2501],
        [0.2477, 0.2512, 0.2507, 0.2504],
        [0.2483, 0.2507, 0.2505, 0.2504],
        [0.2501, 0.2499, 0.2500, 0.2500],
        [0.2493, 0.2505, 0.2502, 0.2500],
        [0.2501, 0.2501, 0.2499, 0.2498],
        [0.2480, 0.2516, 0.2503, 0.2501],
        [0.2496, 0.2502, 0.2501, 0.2500],
        [0.2492, 0.2503, 0.2503, 0.2502],
        [0.2506, 0.2500, 0.2499, 0.2494],
        [0.2497, 0.2508, 0.2499, 0.2496],
        [0.2496, 0.2502, 0.2501, 0.2501],
        [0.2490, 0.2503, 0.2504, 0.2503],
        [0.2498, 0.2501, 0.2500, 0.2500],
        [0.2486, 0.2508, 0.2503, 0.2503],
        [0.2491, 0.2502, 0.2503, 0.2504],
        [0.2507, 0.2497, 0.2498, 0.2498],
        [0.2498, 0.2501, 0.2501, 0.2500],
        [0.2521, 0.2494, 0.2494, 0.2491],
        [0.2497, 0.2501, 0.2501, 0.2501],
        [0.2490, 0.2506, 0.2502, 0.2501],
        [0.2498, 0.2501, 0.2500, 0.2500],
        [0.2486, 0.2507, 0.2504, 0.2503],
        [0.2499, 0.2502, 0.2500, 0.2500],
        [0.2500, 0.2500, 0.2500, 0.2500],
        [0.2507, 0.2497, 0.2498, 0.2498],
        [0.2500, 0.2498, 0.2501, 0.2501],
        [0.2491, 0.2504, 0.2503, 0.2502],
        [0.2502, 0.2498, 0.2501, 0.2500]], device='cuda:1')
fea_node_to_hop attention:tensor([[0.3271, 0.3361, 0.3368],
        [0.3319, 0.3338, 0.3343],
        [0.3300, 0.3343, 0.3357],
        [0.3297, 0.3344, 0.3360],
        [0.3329, 0.3331, 0.3340],
        [0.3301, 0.3355, 0.3345],
        [0.3336, 0.3325, 0.3339],
        [0.3321, 0.3334, 0.3345],
        [0.3322, 0.3335, 0.3343],
        [0.3293, 0.3343, 0.3364],
        [0.3325, 0.3337, 0.3338],
        [0.3309, 0.3347, 0.3344],
        [0.3314, 0.3341, 0.3346],
        [0.3301, 0.3340, 0.3359],
        [0.3317, 0.3330, 0.3353],
        [0.3301, 0.3353, 0.3346],
        [0.3294, 0.3347, 0.3359],
        [0.3321, 0.3331, 0.3348],
        [0.3313, 0.3336, 0.3351],
        [0.3346, 0.3327, 0.3327],
        [0.3331, 0.3338, 0.3331],
        [0.3319, 0.3334, 0.3348],
        [0.3325, 0.3332, 0.3344],
        [0.3331, 0.3336, 0.3333],
        [0.3325, 0.3335, 0.3340],
        [0.3293, 0.3351, 0.3356],
        [0.3338, 0.3329, 0.3333],
        [0.3288, 0.3347, 0.3365],
        [0.3318, 0.3340, 0.3341],
        [0.3327, 0.3340, 0.3334],
        [0.3318, 0.3337, 0.3345],
        [0.3305, 0.3334, 0.3362],
        [0.3292, 0.3354, 0.3353],
        [0.3313, 0.3339, 0.3348],
        [0.3341, 0.3320, 0.3339],
        [0.3294, 0.3356, 0.3351],
        [0.3327, 0.3336, 0.3337],
        [0.3323, 0.3333, 0.3344],
        [0.3339, 0.3328, 0.3333],
        [0.3290, 0.3355, 0.3354],
        [0.3308, 0.3337, 0.3355],
        [0.3274, 0.3361, 0.3364],
        [0.3287, 0.3355, 0.3358],
        [0.3343, 0.3328, 0.3329],
        [0.3319, 0.3346, 0.3335],
        [0.3350, 0.3294, 0.3356],
        [0.3339, 0.3333, 0.3328],
        [0.3303, 0.3351, 0.3346],
        [0.3329, 0.3335, 0.3336],
        [0.3314, 0.3342, 0.3343],
        [0.3331, 0.3328, 0.3340],
        [0.3301, 0.3349, 0.3349],
        [0.3333, 0.3333, 0.3333],
        [0.3310, 0.3349, 0.3340],
        [0.3329, 0.3330, 0.3340],
        [0.3325, 0.3331, 0.3344],
        [0.3331, 0.3331, 0.3338],
        [0.3317, 0.3336, 0.3347],
        [0.3334, 0.3329, 0.3336],
        [0.3340, 0.3305, 0.3355],
        [0.3310, 0.3343, 0.3347],
        [0.3319, 0.3336, 0.3345],
        [0.3334, 0.3330, 0.3337],
        [0.3292, 0.3354, 0.3354],
        [0.3333, 0.3333, 0.3334],
        [0.3285, 0.3352, 0.3363],
        [0.3345, 0.3326, 0.3329],
        [0.3341, 0.3319, 0.3340],
        [0.3332, 0.3334, 0.3334],
        [0.3324, 0.3343, 0.3334],
        [0.3303, 0.3345, 0.3353],
        [0.3328, 0.3332, 0.3340],
        [0.3280, 0.3356, 0.3365],
        [0.3313, 0.3346, 0.3341],
        [0.3333, 0.3335, 0.3332],
        [0.3314, 0.3334, 0.3352],
        [0.3321, 0.3330, 0.3349],
        [0.3365, 0.3304, 0.3332],
        [0.3315, 0.3332, 0.3352],
        [0.3294, 0.3350, 0.3356],
        [0.3287, 0.3363, 0.3350],
        [0.3322, 0.3331, 0.3347],
        [0.3308, 0.3331, 0.3361],
        [0.3322, 0.3335, 0.3343],
        [0.3329, 0.3335, 0.3336],
        [0.3272, 0.3349, 0.3378],
        [0.3315, 0.3349, 0.3337],
        [0.3325, 0.3339, 0.3336],
        [0.3317, 0.3337, 0.3346],
        [0.3292, 0.3345, 0.3362],
        [0.3321, 0.3331, 0.3348],
        [0.3302, 0.3344, 0.3355],
        [0.3328, 0.3334, 0.3338],
        [0.3302, 0.3352, 0.3346],
        [0.3332, 0.3333, 0.3336],
        [0.3334, 0.3334, 0.3332],
        [0.3337, 0.3327, 0.3336],
        [0.3306, 0.3352, 0.3342],
        [0.3310, 0.3340, 0.3350],
        [0.3347, 0.3323, 0.3330]], device='cuda:1')
perception attention:tensor([0.5000, 0.5000], device='cuda:1')
Test set results: loss= 0.3324 accuracy= 0.9070 F1_score= 0.9021
