# epoch	loss_train	acc_train	loss_val	acc_val	time	acc_test	f1_test
0001	1.7964	0.1583	1.6901	0.3500	0.1217s	1.6792	0.3550	0.2294
0
0002	1.6876	0.3750	1.5391	0.4400	0.1235s	1.5139	0.4430	0.3238
0
0003	1.5258	0.4667	1.3574	0.5800	0.1223s	1.3315	0.6150	0.5445
0
0004	1.3152	0.6750	1.1581	0.7600	0.1226s	1.1356	0.7780	0.7588
0
0005	1.1269	0.7667	0.9837	0.8560	0.1228s	0.9645	0.8650	0.8589
0
0006	0.9553	0.8333	0.8419	0.8580	0.1218s	0.8246	0.8630	0.8585
0
0007	0.8047	0.8333	0.7244	0.8620	0.1220s	0.7064	0.8590	0.8557
0
0008	0.6702	0.8417	0.6241	0.8640	0.1220s	0.6055	0.8650	0.8592
0
0009	0.6124	0.8500	0.5448	0.8740	0.1221s	0.5254	0.8880	0.8814
0
0010	0.5091	0.9000	0.4872	0.9020	0.1219s	0.4661	0.8950	0.8888
0
0011	0.4506	0.9083	0.4519	0.9000	0.1220s	0.4269	0.8970	0.8914
0
0012	0.4143	0.9250	0.4230	0.9000	0.1223s	0.3959	0.8990	0.8936
0
0013	0.3889	0.9000	0.3989	0.8940	0.1234s	0.3732	0.9020	0.8966
0
0014	0.3253	0.9417	0.3907	0.8860	0.1219s	0.3656	0.8920	0.8868
0
0015	0.3051	0.9500	0.3886	0.8800	0.1224s	0.3625	0.8840	0.8784
0
0016	0.2750	0.9500	0.3855	0.8820	0.1223s	0.3570	0.8870	0.8815
0
0017	0.2705	0.9417	0.3754	0.8940	0.1224s	0.3445	0.8980	0.8920
0
0018	0.2563	0.9250	0.3717	0.9000	0.1223s	0.3387	0.9020	0.8966
0
0019	0.2225	0.9583	0.3741	0.9060	0.1221s	0.3398	0.9010	0.8951
0
0020	0.2565	0.9667	0.3792	0.9020	0.1220s	0.3436	0.8970	0.8909
0
0021	0.1966	0.9500	0.3827	0.9020	0.1225s	0.3470	0.8960	0.8892
1
0022	0.1955	0.9667	0.3823	0.9000	0.1224s	0.3465	0.8980	0.8911
2
0023	0.1993	0.9750	0.3853	0.8900	0.1220s	0.3503	0.8970	0.8905
3
0024	0.1841	0.9917	0.3849	0.8960	0.1233s	0.3503	0.8950	0.8883
4
0025	0.1623	0.9667	0.3869	0.8960	0.1222s	0.3519	0.8960	0.8897
5
0026	0.1957	0.9667	0.3911	0.8960	0.1221s	0.3549	0.8950	0.8887
6
0027	0.1875	0.9583	0.3929	0.8960	0.1226s	0.3561	0.8970	0.8906
7
0028	0.1618	0.9917	0.3974	0.8900	0.1217s	0.3611	0.8960	0.8888
8
0029	0.1723	0.9417	0.3999	0.8920	0.1216s	0.3644	0.8950	0.8881
9
0030	0.1744	0.9583	0.4046	0.8860	0.1071s	0.3693	0.8970	0.8907
10
0031	0.1667	0.9917	0.4074	0.8860	0.1200s	0.3721	0.8970	0.8910
11
0032	0.1523	0.9583	0.4075	0.8820	0.1222s	0.3727	0.8970	0.8910
12
0033	0.1514	0.9833	0.4031	0.8900	0.1223s	0.3687	0.8960	0.8899
13
0034	0.1645	0.9667	0.4009	0.8980	0.1227s	0.3665	0.8960	0.8900
14
0035	0.1762	0.9583	0.4031	0.8880	0.1219s	0.3674	0.8940	0.8872
15
0036	0.1502	0.9667	0.4081	0.8920	0.1238s	0.3722	0.8940	0.8870
16
0037	0.1635	0.9667	0.4131	0.8860	0.1216s	0.3780	0.8930	0.8859
17
0038	0.1623	0.9667	0.4185	0.8820	0.1212s	0.3841	0.8900	0.8823
18
0039	0.1407	0.9833	0.4177	0.8840	0.1221s	0.3844	0.8910	0.8837
19
0040	0.1731	0.9583	0.4127	0.8880	0.1222s	0.3801	0.8920	0.8851
20
0041	0.1666	0.9750	0.4065	0.8880	0.1224s	0.3733	0.8970	0.8909
21
0042	0.1878	0.9833	0.3990	0.8980	0.1221s	0.3634	0.8940	0.8878
22
0043	0.1656	0.9750	0.3958	0.8980	0.1222s	0.3582	0.8940	0.8881
23
0044	0.1573	0.9750	0.3945	0.9020	0.1223s	0.3564	0.8970	0.8909
24
0045	0.1540	0.9583	0.3968	0.8980	0.1219s	0.3582	0.8950	0.8884
25
0046	0.1674	0.9417	0.4047	0.8960	0.1220s	0.3672	0.8970	0.8903
26
0047	0.1452	0.9917	0.4119	0.8840	0.1224s	0.3764	0.8960	0.8893
27
0048	0.1691	0.9667	0.4163	0.8820	0.1229s	0.3827	0.8950	0.8879
28
0049	0.1556	0.9583	0.4159	0.8800	0.1218s	0.3849	0.8940	0.8864
29
0050	0.1803	0.9750	0.4032	0.8880	0.1225s	0.3733	0.8950	0.8881
30
0051	0.1464	0.9750	0.3880	0.9020	0.1227s	0.3588	0.8960	0.8896
31
0052	0.1691	0.9750	0.3811	0.9080	0.1225s	0.3520	0.8990	0.8930
32
0053	0.1602	0.9917	0.3796	0.9060	0.1143s	0.3505	0.8960	0.8897
0
0054	0.1333	0.9833	0.3811	0.9000	0.1239s	0.3529	0.8970	0.8906
1
0055	0.1597	0.9500	0.3847	0.9000	0.1235s	0.3581	0.8940	0.8869
2
0056	0.1607	0.9917	0.3920	0.8940	0.1232s	0.3664	0.8920	0.8846
3
0057	0.1679	0.9750	0.3996	0.8860	0.1234s	0.3752	0.8910	0.8837
4
0058	0.1587	0.9583	0.4023	0.8860	0.1236s	0.3802	0.8920	0.8846
5
0059	0.1506	1.0000	0.3982	0.8880	0.1235s	0.3782	0.8950	0.8882
6
0060	0.1476	0.9917	0.3887	0.8920	0.1252s	0.3698	0.9010	0.8950
7
0061	0.1591	0.9667	0.3775	0.9020	0.1225s	0.3584	0.9010	0.8948
8
0062	0.1388	0.9750	0.3723	0.9080	0.1219s	0.3525	0.9030	0.8974
9
0063	0.1663	0.9833	0.3701	0.9100	0.1217s	0.3491	0.9050	0.8991
0
0064	0.1820	0.9667	0.3722	0.9040	0.1176s	0.3503	0.8990	0.8926
0
0065	0.1557	1.0000	0.3781	0.9020	0.1201s	0.3565	0.8930	0.8860
1
0066	0.1487	0.9667	0.3852	0.8940	0.1225s	0.3638	0.8910	0.8841
2
0067	0.1417	0.9833	0.3913	0.8920	0.1221s	0.3708	0.8900	0.8830
3
0068	0.1713	0.9583	0.3876	0.8920	0.1221s	0.3695	0.8920	0.8850
4
0069	0.1581	0.9667	0.3768	0.9000	0.1233s	0.3605	0.8990	0.8932
5
0070	0.1305	0.9750	0.3706	0.9060	0.1233s	0.3546	0.8990	0.8928
6
0071	0.1483	0.9917	0.3647	0.9080	0.1226s	0.3482	0.9030	0.8975
7
0072	0.1659	0.9583	0.3640	0.9180	0.1223s	0.3455	0.9020	0.8963
0
0073	0.1344	0.9833	0.3694	0.9080	0.1208s	0.3485	0.9010	0.8948
0
0074	0.1541	0.9750	0.3878	0.8940	0.1228s	0.3631	0.8940	0.8874
1
0075	0.1399	1.0000	0.4068	0.8960	0.1233s	0.3801	0.8860	0.8783
2
0076	0.1508	0.9917	0.4125	0.8900	0.1222s	0.3856	0.8860	0.8780
3
0077	0.1375	0.9750	0.4145	0.8860	0.1228s	0.3879	0.8890	0.8818
4
0078	0.1601	0.9750	0.3986	0.8880	0.1222s	0.3762	0.8920	0.8853
5
0079	0.1411	0.9833	0.3806	0.9020	0.1233s	0.3619	0.9020	0.8957
6
0080	0.1538	0.9667	0.3700	0.8960	0.1223s	0.3525	0.9060	0.9011
7
0081	0.1595	0.9667	0.3658	0.9020	0.1189s	0.3471	0.9050	0.9002
8
0082	0.1479	0.9833	0.3626	0.9100	0.1222s	0.3410	0.9080	0.9031
9
0083	0.1331	0.9917	0.3646	0.9120	0.1236s	0.3405	0.9100	0.9050
0
0084	0.1416	1.0000	0.3748	0.9060	0.1048s	0.3491	0.8980	0.8914
1
0085	0.1459	0.9750	0.3887	0.8980	0.1152s	0.3645	0.8960	0.8897
2
0086	0.1291	0.9917	0.4029	0.8920	0.1223s	0.3795	0.8930	0.8861
3
0087	0.1495	0.9667	0.4090	0.8880	0.1222s	0.3876	0.8910	0.8840
4
0088	0.1526	0.9667	0.4016	0.8800	0.1223s	0.3824	0.8910	0.8839
5
0089	0.1389	1.0000	0.3860	0.8940	0.1176s	0.3690	0.9020	0.8962
6
0090	0.1387	0.9667	0.3701	0.8960	0.1239s	0.3528	0.9090	0.9039
7
0091	0.1431	0.9750	0.3612	0.9020	0.1179s	0.3417	0.9060	0.9008
8
0092	0.1552	0.9750	0.3574	0.9080	0.1203s	0.3352	0.9060	0.9010
0
0093	0.1375	0.9667	0.3574	0.9080	0.1152s	0.3336	0.9090	0.9041
0
0094	0.1406	0.9917	0.3604	0.9120	0.1234s	0.3369	0.9080	0.9028
1
0095	0.1476	0.9833	0.3708	0.9000	0.1205s	0.3476	0.9020	0.8964
2
0096	0.1491	0.9667	0.3805	0.8960	0.1237s	0.3584	0.8980	0.8922
3
0097	0.1488	0.9667	0.3853	0.8900	0.1220s	0.3654	0.8960	0.8898
4
0098	0.1319	0.9750	0.3882	0.8960	0.1260s	0.3703	0.8950	0.8881
5
0099	0.1745	0.9417	0.3814	0.8980	0.1223s	0.3672	0.8990	0.8930
6
0100	0.1340	0.9750	0.3742	0.8940	0.1221s	0.3622	0.9060	0.9005
7
0101	0.1494	0.9833	0.3646	0.8980	0.1223s	0.3524	0.9070	0.9022
8
0102	0.1438	0.9667	0.3582	0.9060	0.1225s	0.3433	0.9080	0.9032
9
0103	0.1524	0.9667	0.3560	0.9080	0.1224s	0.3387	0.9080	0.9031
10
0104	0.1305	0.9833	0.3570	0.9040	0.1224s	0.3380	0.9090	0.9041
0
0105	0.1373	0.9667	0.3607	0.9040	0.1223s	0.3417	0.9060	0.9007
1
0106	0.1353	0.9750	0.3690	0.8960	0.1219s	0.3504	0.9020	0.8961
2
0107	0.1419	0.9833	0.3798	0.8940	0.1227s	0.3617	0.8990	0.8929
3
0108	0.1554	0.9833	0.3828	0.8960	0.1226s	0.3667	0.8960	0.8896
4
0109	0.1241	0.9833	0.3849	0.8960	0.1218s	0.3709	0.8920	0.8852
5
0110	0.1329	0.9917	0.3814	0.8960	0.1231s	0.3676	0.8950	0.8883
6
0111	0.1325	0.9750	0.3746	0.8980	0.1220s	0.3603	0.9020	0.8961
7
0112	0.1303	0.9917	0.3713	0.9000	0.1212s	0.3550	0.9030	0.8971
8
0113	0.1562	0.9583	0.3679	0.9000	0.1237s	0.3487	0.9030	0.8975
9
0114	0.1553	0.9917	0.3691	0.9040	0.1220s	0.3465	0.9030	0.8973
10
0115	0.1348	0.9750	0.3728	0.9020	0.1220s	0.3481	0.9060	0.9008
11
0116	0.1280	0.9833	0.3779	0.9020	0.1240s	0.3532	0.9010	0.8952
12
0117	0.1567	0.9750	0.3845	0.8960	0.1219s	0.3610	0.9030	0.8970
13
0118	0.1397	0.9583	0.3948	0.8920	0.1220s	0.3726	0.9000	0.8933
14
0119	0.1359	0.9833	0.3993	0.8940	0.1218s	0.3781	0.8980	0.8911
15
0120	0.1217	1.0000	0.3984	0.8920	0.1223s	0.3780	0.8990	0.8922
16
0121	0.1189	0.9750	0.3927	0.8940	0.1219s	0.3719	0.9020	0.8955
17
0122	0.1450	0.9833	0.3836	0.9020	0.1222s	0.3590	0.9040	0.8978
18
0123	0.1344	0.9667	0.3760	0.9080	0.1219s	0.3476	0.9040	0.8983
19
0124	0.1386	0.9667	0.3742	0.9100	0.1204s	0.3412	0.9070	0.9018
20
0125	0.1548	0.9750	0.3783	0.9100	0.1213s	0.3422	0.9070	0.9017
21
0126	0.1551	0.9500	0.3861	0.9060	0.1231s	0.3486	0.9010	0.8951
22
0127	0.1280	1.0000	0.3933	0.9100	0.1221s	0.3560	0.9010	0.8952
23
0128	0.1306	0.9833	0.3973	0.9020	0.1223s	0.3610	0.9000	0.8941
24
0129	0.1268	1.0000	0.3974	0.9000	0.1233s	0.3651	0.8990	0.8934
25
0130	0.1283	1.0000	0.3897	0.9000	0.1214s	0.3612	0.8960	0.8900
26
0131	0.1317	0.9667	0.3808	0.9040	0.1220s	0.3551	0.8980	0.8927
27
0132	0.1475	0.9667	0.3729	0.9080	0.1233s	0.3460	0.9070	0.9020
28
0133	0.1238	0.9833	0.3732	0.9080	0.1220s	0.3444	0.9070	0.9018
29
0134	0.1338	0.9583	0.3759	0.9120	0.1219s	0.3441	0.9090	0.9034
30
0135	0.1312	0.9833	0.3812	0.9080	0.1264s	0.3456	0.9050	0.8991
31
0136	0.1329	0.9750	0.3940	0.9040	0.1225s	0.3552	0.9000	0.8935
32
0137	0.1343	0.9833	0.4023	0.9040	0.1221s	0.3630	0.8980	0.8914
33
0138	0.1563	0.9750	0.3964	0.9040	0.1222s	0.3599	0.8990	0.8927
34
0139	0.1302	0.9917	0.3867	0.9080	0.1228s	0.3533	0.9000	0.8935
35
0140	0.1253	0.9917	0.3813	0.9080	0.1218s	0.3512	0.9050	0.8989
36
0141	0.1464	0.9667	0.3801	0.9020	0.1222s	0.3517	0.9070	0.9013
37
0142	0.1280	0.9833	0.3809	0.9020	0.1225s	0.3544	0.9050	0.8995
38
0143	0.1525	0.9750	0.3811	0.8980	0.1221s	0.3562	0.9030	0.8975
39
0144	0.1365	1.0000	0.3803	0.9000	0.1225s	0.3553	0.9040	0.8984
40
0145	0.1216	0.9917	0.3795	0.9060	0.1246s	0.3506	0.9050	0.8994
41
0146	0.1385	0.9833	0.3833	0.9100	0.1224s	0.3494	0.9010	0.8951
42
0147	0.1297	0.9417	0.3886	0.9080	0.1223s	0.3510	0.9000	0.8938
43
0148	0.1355	0.9833	0.3961	0.9020	0.1224s	0.3558	0.8950	0.8881
44
0149	0.1430	1.0000	0.3957	0.9020	0.1045s	0.3555	0.8960	0.8891
45
0150	0.1247	0.9833	0.3878	0.9060	0.1219s	0.3501	0.9020	0.8961
46
0151	0.1283	0.9667	0.3822	0.9060	0.1222s	0.3483	0.9030	0.8967
47
0152	0.1279	0.9917	0.3810	0.8980	0.1217s	0.3521	0.9060	0.9000
48
0153	0.1383	0.9833	0.3852	0.8960	0.1220s	0.3596	0.9010	0.8947
49
0154	0.1401	0.9833	0.3852	0.8960	0.1219s	0.3609	0.9030	0.8969
50
0155	0.1401	0.9833	0.3853	0.8980	0.1222s	0.3605	0.9010	0.8944
51
0156	0.1479	0.9667	0.3828	0.9020	0.1220s	0.3534	0.9050	0.8987
52
0157	0.1264	0.9917	0.3890	0.9040	0.1222s	0.3538	0.9030	0.8970
53
0158	0.1498	0.9667	0.3967	0.8960	0.1222s	0.3569	0.9010	0.8950
54
0159	0.1492	0.9917	0.4014	0.8980	0.1218s	0.3585	0.9030	0.8973
55
0160	0.1356	0.9667	0.3973	0.8980	0.1221s	0.3541	0.9010	0.8953
56
0161	0.1662	0.9667	0.3858	0.8980	0.1221s	0.3456	0.9030	0.8975
57
0162	0.1361	0.9667	0.3769	0.8980	0.1222s	0.3405	0.9050	0.8996
58
0163	0.1195	1.0000	0.3754	0.9000	0.1234s	0.3421	0.9050	0.8994
59
0164	0.1322	0.9833	0.3786	0.9000	0.1219s	0.3478	0.9040	0.8983
60
0165	0.1538	0.9750	0.3891	0.8960	0.1222s	0.3585	0.9020	0.8960
61
0166	0.1125	0.9833	0.4020	0.8860	0.1215s	0.3695	0.9050	0.8984
62
0167	0.1343	0.9667	0.4011	0.8940	0.1213s	0.3659	0.9040	0.8974
63
0168	0.1509	0.9417	0.3982	0.8940	0.1232s	0.3588	0.9040	0.8980
64
0169	0.1243	0.9750	0.3955	0.8960	0.1220s	0.3518	0.9050	0.8995
65
0170	0.1308	0.9667	0.3926	0.8980	0.1224s	0.3463	0.9060	0.9006
66
0171	0.1366	0.9500	0.3902	0.9000	0.1226s	0.3428	0.9070	0.9015
67
0172	0.1585	0.9583	0.3865	0.8980	0.1216s	0.3401	0.9060	0.9008
68
0173	0.1347	0.9833	0.3792	0.9000	0.1229s	0.3355	0.9070	0.9018
69
0174	0.1288	0.9833	0.3765	0.9020	0.1224s	0.3364	0.9070	0.9017
70
0175	0.1455	0.9667	0.3738	0.9060	0.1216s	0.3357	0.9080	0.9027
71
0176	0.1420	0.9583	0.3724	0.8980	0.1221s	0.3363	0.9060	0.9005
72
0177	0.1211	0.9833	0.3763	0.9000	0.1223s	0.3407	0.9060	0.9003
73
0178	0.1359	0.9833	0.3776	0.9000	0.1225s	0.3420	0.9050	0.8991
74
0179	0.1274	0.9750	0.3757	0.9000	0.1219s	0.3397	0.9090	0.9035
75
0180	0.1193	0.9917	0.3738	0.9020	0.1220s	0.3369	0.9080	0.9025
76
0181	0.1138	1.0000	0.3700	0.9040	0.1222s	0.3328	0.9110	0.9061
77
0182	0.1380	0.9917	0.3664	0.9040	0.1218s	0.3284	0.9120	0.9073
78
0183	0.1320	1.0000	0.3640	0.9060	0.1224s	0.3250	0.9180	0.9138
79
0184	0.1220	0.9833	0.3638	0.9080	0.1222s	0.3244	0.9180	0.9137
80
0185	0.1420	0.9833	0.3654	0.9040	0.1221s	0.3280	0.9160	0.9116
81
0186	0.1594	0.9750	0.3692	0.9060	0.1225s	0.3352	0.9090	0.9033
82
0187	0.1282	0.9917	0.3775	0.9040	0.1213s	0.3453	0.9070	0.9007
83
0188	0.1253	0.9917	0.3862	0.8980	0.1230s	0.3545	0.9000	0.8929
84
0189	0.1276	0.9750	0.3930	0.8880	0.1220s	0.3623	0.8980	0.8911
85
0190	0.1352	0.9833	0.3889	0.8900	0.1219s	0.3598	0.8980	0.8912
86
0191	0.1403	0.9667	0.3743	0.9000	0.1217s	0.3455	0.9030	0.8971
87
0192	0.1420	0.9917	0.3602	0.9040	0.1264s	0.3299	0.9110	0.9057
88
0193	0.1261	0.9833	0.3562	0.9080	0.1224s	0.3218	0.9120	0.9070
89
0194	0.1302	0.9750	0.3586	0.9080	0.1224s	0.3211	0.9150	0.9103
90
0195	0.1580	0.9667	0.3637	0.9080	0.1225s	0.3246	0.9140	0.9092
91
0196	0.1458	0.9917	0.3760	0.9020	0.1218s	0.3385	0.9110	0.9054
92
0197	0.1443	0.9667	0.3970	0.8960	0.1217s	0.3603	0.9060	0.8998
93
0198	0.1488	0.9833	0.4120	0.8880	0.1226s	0.3772	0.8970	0.8895
94
0199	0.1693	0.9667	0.4123	0.8900	0.1220s	0.3803	0.8980	0.8907
95
0200	0.1420	0.9917	0.3981	0.8920	0.1222s	0.3702	0.8950	0.8880
96
0201	0.1229	0.9833	0.3813	0.8920	0.1225s	0.3570	0.8960	0.8903
97
0202	0.1340	0.9667	0.3727	0.9040	0.1224s	0.3485	0.8990	0.8936
98
0203	0.1431	0.9917	0.3658	0.9080	0.1220s	0.3388	0.9050	0.9000
99
0204	0.1256	0.9917	0.3645	0.9040	0.1221s	0.3355	0.9040	0.8992
100
0205	0.1280	0.9917	0.3653	0.9060	0.1242s	0.3359	0.9060	0.9009
101
0206	0.1405	0.9833	0.3693	0.9100	0.1222s	0.3411	0.9050	0.8997
102
0207	0.1230	0.9917	0.3773	0.9040	0.1220s	0.3504	0.9070	0.9008
103
0208	0.1126	0.9667	0.3869	0.8980	0.1221s	0.3615	0.9040	0.8969
104
0209	0.1589	0.9917	0.3936	0.8960	0.1218s	0.3681	0.9010	0.8938
105
0210	0.1297	0.9917	0.3983	0.8940	0.1217s	0.3730	0.8990	0.8915
106
0211	0.1376	1.0000	0.3972	0.8900	0.1213s	0.3727	0.8980	0.8904
107
0212	0.1513	0.9833	0.3905	0.8980	0.1214s	0.3683	0.8980	0.8911
108
0213	0.1514	0.9667	0.3819	0.9060	0.1223s	0.3609	0.9020	0.8956
109
0214	0.1238	0.9833	0.3752	0.9060	0.1251s	0.3554	0.9030	0.8969
110
0215	0.1323	0.9750	0.3729	0.9080	0.1219s	0.3548	0.9030	0.8972
111
0216	0.1408	0.9917	0.3752	0.9040	0.1063s	0.3578	0.9020	0.8965
112
0217	0.1579	0.9583	0.3781	0.9040	0.1204s	0.3623	0.9000	0.8941
113
0218	0.1406	0.9750	0.3826	0.9060	0.1230s	0.3685	0.8970	0.8905
114
0219	0.1361	0.9833	0.3873	0.8980	0.1233s	0.3724	0.8960	0.8891
115
0220	0.1268	0.9750	0.3929	0.8960	0.1250s	0.3782	0.8970	0.8898
116
0221	0.1351	0.9833	0.3909	0.8940	0.1294s	0.3773	0.8990	0.8918
117
0222	0.1288	0.9917	0.3894	0.8920	0.1228s	0.3767	0.9020	0.8950
118
0223	0.1392	1.0000	0.3865	0.8920	0.1222s	0.3740	0.9010	0.8941
119
0224	0.1429	0.9917	0.3803	0.9000	0.1220s	0.3677	0.9030	0.8967
120
0225	0.1523	0.9833	0.3732	0.9040	0.1222s	0.3610	0.9060	0.9001
121
0226	0.1219	0.9917	0.3674	0.9060	0.1221s	0.3554	0.9070	0.9012
122
0227	0.1304	0.9833	0.3668	0.9000	0.1220s	0.3548	0.9010	0.8951
123
0228	0.1283	0.9917	0.3665	0.9020	0.1214s	0.3542	0.9010	0.8953
124
0229	0.1416	0.9917	0.3670	0.9000	0.1216s	0.3551	0.9030	0.8975
125
0230	0.1331	0.9917	0.3688	0.9000	0.1219s	0.3571	0.9060	0.9005
126
0231	0.1404	1.0000	0.3676	0.9000	0.1223s	0.3563	0.9060	0.9004
127
0232	0.1338	0.9667	0.3669	0.9020	0.1220s	0.3570	0.9060	0.9004
128
0233	0.1327	0.9833	0.3657	0.9040	0.1223s	0.3571	0.9040	0.8985
129
0234	0.1484	0.9750	0.3678	0.9060	0.1220s	0.3590	0.9000	0.8942
130
0235	0.1357	0.9833	0.3728	0.9020	0.1231s	0.3624	0.9010	0.8954
131
0236	0.1171	0.9833	0.3784	0.9040	0.1219s	0.3666	0.8990	0.8932
132
0237	0.1228	0.9917	0.3852	0.9000	0.1220s	0.3726	0.8980	0.8923
133
0238	0.1505	0.9667	0.3863	0.9000	0.1227s	0.3739	0.8940	0.8877
134
0239	0.1441	1.0000	0.3838	0.9020	0.1224s	0.3718	0.8950	0.8888
135
0240	0.1316	0.9667	0.3784	0.9020	0.1089s	0.3673	0.9020	0.8963
136
0241	0.1372	0.9667	0.3753	0.9000	0.1046s	0.3642	0.9070	0.9017
137
0242	0.1502	0.9917	0.3746	0.9020	0.1224s	0.3631	0.9080	0.9029
138
0243	0.1352	0.9917	0.3776	0.9020	0.1235s	0.3661	0.9070	0.9019
139
0244	0.1521	0.9750	0.3811	0.9000	0.1219s	0.3681	0.9060	0.9008
140
0245	0.1369	0.9833	0.3852	0.9020	0.1223s	0.3701	0.9050	0.8996
141
0246	0.1260	0.9833	0.3885	0.9020	0.1222s	0.3723	0.9010	0.8956
142
0247	0.1270	1.0000	0.3911	0.9020	0.1222s	0.3725	0.8990	0.8934
143
0248	0.1585	0.9667	0.3896	0.9060	0.1223s	0.3684	0.8970	0.8913
144
0249	0.1462	0.9667	0.3821	0.9060	0.1221s	0.3582	0.8980	0.8924
145
0250	0.1697	0.9750	0.3773	0.9080	0.1219s	0.3527	0.9020	0.8969
146
0251	0.1439	0.9750	0.3735	0.9080	0.1219s	0.3505	0.9060	0.9012
147
0252	0.1190	0.9833	0.3744	0.9060	0.1221s	0.3537	0.9050	0.8998
148
0253	0.1261	0.9833	0.3769	0.9020	0.1221s	0.3570	0.9030	0.8976
149
0254	0.1174	0.9750	0.3865	0.8980	0.1217s	0.3655	0.9050	0.8991
150
0255	0.1142	0.9833	0.3937	0.8960	0.1220s	0.3708	0.9020	0.8961
151
0256	0.1357	0.9750	0.3908	0.9000	0.1218s	0.3664	0.9040	0.8978
152
0257	0.1376	0.9583	0.3834	0.9000	0.1224s	0.3581	0.9080	0.9020
153
0258	0.1519	0.9667	0.3793	0.9020	0.1226s	0.3542	0.9080	0.9025
154
0259	0.1175	0.9917	0.3775	0.9020	0.1224s	0.3527	0.9090	0.9036
155
0260	0.1182	1.0000	0.3756	0.9000	0.1086s	0.3515	0.9070	0.9017
156
0261	0.1304	0.9667	0.3762	0.9020	0.1216s	0.3534	0.9040	0.8983
157
0262	0.1295	0.9667	0.3779	0.8980	0.1218s	0.3557	0.9020	0.8959
158
0263	0.1247	0.9750	0.3759	0.8980	0.1220s	0.3534	0.9030	0.8972
159
0264	0.1357	0.9917	0.3733	0.9020	0.1220s	0.3487	0.9040	0.8986
160
0265	0.1419	0.9750	0.3733	0.9060	0.1210s	0.3454	0.9050	0.8998
161
0266	0.1407	0.9583	0.3772	0.8980	0.1216s	0.3470	0.9080	0.9029
162
0267	0.1243	0.9833	0.3808	0.9020	0.1223s	0.3492	0.9050	0.8992
163
0268	0.1337	0.9917	0.3851	0.8980	0.1209s	0.3539	0.9020	0.8958
164
0269	0.1303	0.9333	0.3909	0.8960	0.1223s	0.3589	0.9000	0.8934
165
0270	0.1336	0.9833	0.3885	0.8980	0.1217s	0.3559	0.9040	0.8980
166
0271	0.1346	0.9917	0.3806	0.9020	0.1221s	0.3478	0.9100	0.9045
167
0272	0.1389	0.9833	0.3750	0.9080	0.1221s	0.3397	0.9110	0.9057
168
0273	0.1447	0.9833	0.3749	0.9080	0.1230s	0.3406	0.9110	0.9060
169
0274	0.1301	0.9917	0.3781	0.8980	0.1223s	0.3467	0.9060	0.9006
170
0275	0.1218	0.9917	0.3869	0.8920	0.1221s	0.3584	0.8980	0.8918
171
0276	0.1198	1.0000	0.3946	0.8920	0.1223s	0.3676	0.8950	0.8882
172
0277	0.1216	0.9750	0.3948	0.8940	0.1219s	0.3675	0.8980	0.8917
173
0278	0.1498	0.9833	0.3972	0.8980	0.1223s	0.3668	0.9000	0.8936
174
0279	0.1201	0.9750	0.4011	0.8960	0.1221s	0.3659	0.8970	0.8906
175
0280	0.1290	0.9583	0.4050	0.8960	0.1223s	0.3667	0.8970	0.8908
176
0281	0.1325	1.0000	0.4064	0.8980	0.1258s	0.3657	0.9000	0.8941
177
0282	0.1298	0.9750	0.4028	0.9020	0.1228s	0.3609	0.9040	0.8989
178
0283	0.1292	0.9917	0.3961	0.9040	0.1222s	0.3542	0.9080	0.9029
179
0284	0.1465	0.9667	0.3887	0.9060	0.1221s	0.3476	0.9100	0.9049
180
0285	0.1381	0.9750	0.3858	0.9060	0.1220s	0.3461	0.9110	0.9063
181
0286	0.1331	0.9750	0.3862	0.9060	0.1222s	0.3468	0.9100	0.9051
182
0287	0.1354	0.9833	0.3878	0.9020	0.1224s	0.3491	0.9100	0.9052
183
0288	0.1131	0.9833	0.3917	0.9020	0.0971s	0.3536	0.9070	0.9016
184
0289	0.1350	0.9833	0.3970	0.8940	0.1071s	0.3594	0.9060	0.9008
185
0290	0.1267	1.0000	0.3992	0.8960	0.1096s	0.3602	0.9050	0.8993
186
0291	0.1285	0.9917	0.3974	0.8980	0.1201s	0.3566	0.9040	0.8984
187
0292	0.1213	0.9750	0.3953	0.8960	0.1233s	0.3536	0.9060	0.9007
188
0293	0.1317	0.9750	0.3952	0.8980	0.1219s	0.3515	0.9080	0.9033
189
0294	0.1255	0.9917	0.4008	0.8940	0.1222s	0.3528	0.9080	0.9033
190
0295	0.1281	0.9833	0.4066	0.8980	0.1131s	0.3551	0.9040	0.8989
191
0296	0.1145	1.0000	0.4104	0.9000	0.1020s	0.3572	0.8970	0.8910
192
0297	0.1111	0.9917	0.4138	0.8960	0.0959s	0.3612	0.8950	0.8888
193
0298	0.1443	0.9583	0.4120	0.8920	0.1015s	0.3638	0.8960	0.8899
194
0299	0.1407	0.9583	0.4082	0.8980	0.0965s	0.3644	0.8960	0.8896
195
0300	0.1129	0.9833	0.4061	0.8960	0.1058s	0.3659	0.9000	0.8937
196
0301	0.1437	0.9583	0.4079	0.8940	0.1221s	0.3688	0.8960	0.8893
197
0302	0.1350	0.9917	0.4035	0.8920	0.1214s	0.3662	0.9010	0.8948
198
0303	0.1168	0.9917	0.3990	0.8940	0.1223s	0.3625	0.9030	0.8972
199
Early stop! Min loss:0.3559989929199219,  Max accuracy:0.918
Early stop model validation loss:0.3559989929199219,  accuracy:0.908
Optimization Finished!
Total time elapsed: 37.3047s
test max acc:0.9180
Loading 102th epoch
stru_node_to_hop attention:tensor([[0.2516, 0.2505, 0.2492, 0.2487],
        [0.2494, 0.2503, 0.2502, 0.2502],
        [0.2474, 0.2515, 0.2506, 0.2506],
        [0.2489, 0.2502, 0.2504, 0.2505],
        [0.2504, 0.2501, 0.2498, 0.2496],
        [0.2498, 0.2503, 0.2500, 0.2499],
        [0.2494, 0.2502, 0.2502, 0.2502],
        [0.2495, 0.2504, 0.2501, 0.2499],
        [0.2505, 0.2499, 0.2498, 0.2497],
        [0.2489, 0.2506, 0.2503, 0.2502],
        [0.2503, 0.2499, 0.2499, 0.2499],
        [0.2493, 0.2501, 0.2503, 0.2503],
        [0.2499, 0.2502, 0.2500, 0.2499],
        [0.2499, 0.2505, 0.2500, 0.2497],
        [0.2493, 0.2506, 0.2501, 0.2500],
        [0.2499, 0.2505, 0.2500, 0.2496],
        [0.2484, 0.2512, 0.2504, 0.2501],
        [0.2494, 0.2508, 0.2500, 0.2497],
        [0.2498, 0.2500, 0.2501, 0.2501],
        [0.2496, 0.2503, 0.2501, 0.2500],
        [0.2495, 0.2502, 0.2501, 0.2501],
        [0.2483, 0.2522, 0.2500, 0.2495],
        [0.2504, 0.2499, 0.2499, 0.2498],
        [0.2489, 0.2506, 0.2502, 0.2502],
        [0.2500, 0.2500, 0.2500, 0.2500],
        [0.2487, 0.2510, 0.2502, 0.2500],
        [0.2494, 0.2504, 0.2502, 0.2501],
        [0.2481, 0.2511, 0.2505, 0.2503],
        [0.2498, 0.2501, 0.2500, 0.2500],
        [0.2496, 0.2505, 0.2500, 0.2499],
        [0.2483, 0.2509, 0.2505, 0.2503],
        [0.2494, 0.2507, 0.2501, 0.2497],
        [0.2494, 0.2504, 0.2501, 0.2500],
        [0.2487, 0.2504, 0.2505, 0.2504],
        [0.2490, 0.2508, 0.2502, 0.2500],
        [0.2495, 0.2503, 0.2501, 0.2501],
        [0.2502, 0.2499, 0.2500, 0.2499],
        [0.2487, 0.2505, 0.2504, 0.2504],
        [0.2494, 0.2504, 0.2502, 0.2500],
        [0.2506, 0.2503, 0.2497, 0.2495],
        [0.2499, 0.2500, 0.2501, 0.2501],
        [0.2499, 0.2504, 0.2499, 0.2498],
        [0.2495, 0.2504, 0.2501, 0.2500],
        [0.2497, 0.2501, 0.2501, 0.2501],
        [0.2484, 0.2505, 0.2506, 0.2505],
        [0.2216, 0.1984, 0.2597, 0.3202],
        [0.2497, 0.2501, 0.2502, 0.2500],
        [0.2492, 0.2506, 0.2501, 0.2500],
        [0.2495, 0.2502, 0.2502, 0.2501],
        [0.2498, 0.2501, 0.2500, 0.2500],
        [0.2478, 0.2509, 0.2506, 0.2507],
        [0.2499, 0.2500, 0.2500, 0.2500],
        [0.2500, 0.2500, 0.2500, 0.2500],
        [0.2495, 0.2503, 0.2501, 0.2501],
        [0.2498, 0.2501, 0.2501, 0.2500],
        [0.2486, 0.2506, 0.2503, 0.2504],
        [0.2487, 0.2515, 0.2501, 0.2497],
        [0.2498, 0.2500, 0.2501, 0.2501],
        [0.2496, 0.2505, 0.2500, 0.2498],
        [0.2484, 0.2515, 0.2502, 0.2498],
        [0.2470, 0.2513, 0.2509, 0.2507],
        [0.2492, 0.2508, 0.2501, 0.2499],
        [0.2500, 0.2504, 0.2498, 0.2497],
        [0.2488, 0.2504, 0.2504, 0.2504],
        [0.2501, 0.2500, 0.2500, 0.2500],
        [0.2480, 0.2506, 0.2507, 0.2507],
        [0.2484, 0.2526, 0.2499, 0.2491],
        [0.2485, 0.2501, 0.2507, 0.2508],
        [0.2502, 0.2499, 0.2499, 0.2500],
        [0.2501, 0.2501, 0.2499, 0.2499],
        [0.2491, 0.2508, 0.2501, 0.2500],
        [0.2494, 0.2502, 0.2502, 0.2502],
        [0.2492, 0.2506, 0.2502, 0.2500],
        [0.2485, 0.2513, 0.2502, 0.2499],
        [0.2500, 0.2500, 0.2500, 0.2500],
        [0.2494, 0.2505, 0.2502, 0.2500],
        [0.2491, 0.2508, 0.2501, 0.2500],
        [0.2519, 0.2483, 0.2498, 0.2500],
        [0.2499, 0.2501, 0.2500, 0.2500],
        [0.2501, 0.2499, 0.2500, 0.2500],
        [0.2496, 0.2505, 0.2501, 0.2499],
        [0.2486, 0.2510, 0.2503, 0.2501],
        [0.2513, 0.2496, 0.2496, 0.2495],
        [0.2497, 0.2501, 0.2501, 0.2501],
        [0.2495, 0.2504, 0.2501, 0.2500],
        [0.2501, 0.2500, 0.2499, 0.2499],
        [0.2484, 0.2509, 0.2503, 0.2504],
        [0.2486, 0.2507, 0.2504, 0.2503],
        [0.2496, 0.2507, 0.2500, 0.2497],
        [0.2501, 0.2501, 0.2500, 0.2498],
        [0.2487, 0.2508, 0.2503, 0.2502],
        [0.2500, 0.2500, 0.2500, 0.2500],
        [0.2480, 0.2507, 0.2506, 0.2506],
        [0.2498, 0.2501, 0.2500, 0.2500],
        [0.2489, 0.2506, 0.2503, 0.2501],
        [0.2501, 0.2500, 0.2500, 0.2500],
        [0.2494, 0.2505, 0.2501, 0.2500],
        [0.2507, 0.2496, 0.2499, 0.2498],
        [0.2481, 0.2512, 0.2504, 0.2503],
        [0.2493, 0.2503, 0.2503, 0.2502]], device='cuda:1')
fea_node_to_hop attention:tensor([[0.3302, 0.3349, 0.3349],
        [0.3332, 0.3334, 0.3334],
        [0.3288, 0.3348, 0.3364],
        [0.3319, 0.3336, 0.3345],
        [0.3333, 0.3334, 0.3332],
        [0.3306, 0.3340, 0.3354],
        [0.3313, 0.3341, 0.3347],
        [0.3312, 0.3338, 0.3350],
        [0.3306, 0.3346, 0.3348],
        [0.3312, 0.3338, 0.3350],
        [0.3335, 0.3334, 0.3331],
        [0.3314, 0.3339, 0.3348],
        [0.3334, 0.3330, 0.3336],
        [0.3316, 0.3340, 0.3344],
        [0.3288, 0.3351, 0.3361],
        [0.3316, 0.3335, 0.3349],
        [0.3291, 0.3345, 0.3363],
        [0.3328, 0.3332, 0.3340],
        [0.3328, 0.3336, 0.3336],
        [0.3325, 0.3333, 0.3342],
        [0.3327, 0.3336, 0.3337],
        [0.3320, 0.3335, 0.3345],
        [0.3326, 0.3333, 0.3341],
        [0.3328, 0.3335, 0.3337],
        [0.3330, 0.3335, 0.3335],
        [0.3273, 0.3361, 0.3367],
        [0.3318, 0.3336, 0.3346],
        [0.3283, 0.3355, 0.3361],
        [0.3311, 0.3341, 0.3348],
        [0.3331, 0.3328, 0.3342],
        [0.3318, 0.3338, 0.3344],
        [0.3294, 0.3331, 0.3375],
        [0.3321, 0.3341, 0.3338],
        [0.3294, 0.3356, 0.3350],
        [0.3321, 0.3342, 0.3337],
        [0.3315, 0.3340, 0.3345],
        [0.3319, 0.3335, 0.3346],
        [0.3333, 0.3329, 0.3338],
        [0.3317, 0.3338, 0.3345],
        [0.3294, 0.3350, 0.3356],
        [0.3332, 0.3335, 0.3333],
        [0.3302, 0.3347, 0.3351],
        [0.3322, 0.3336, 0.3342],
        [0.3327, 0.3337, 0.3337],
        [0.3323, 0.3344, 0.3333],
        [0.3265, 0.3694, 0.3041],
        [0.3323, 0.3335, 0.3343],
        [0.3298, 0.3348, 0.3354],
        [0.3316, 0.3337, 0.3346],
        [0.3329, 0.3335, 0.3337],
        [0.3346, 0.3322, 0.3332],
        [0.3327, 0.3333, 0.3340],
        [0.3333, 0.3333, 0.3334],
        [0.3314, 0.3338, 0.3348],
        [0.3333, 0.3334, 0.3332],
        [0.3326, 0.3334, 0.3340],
        [0.3319, 0.3343, 0.3338],
        [0.3303, 0.3349, 0.3348],
        [0.3327, 0.3333, 0.3340],
        [0.3316, 0.3332, 0.3352],
        [0.3304, 0.3343, 0.3352],
        [0.3301, 0.3339, 0.3361],
        [0.3325, 0.3331, 0.3344],
        [0.3314, 0.3339, 0.3347],
        [0.3330, 0.3334, 0.3335],
        [0.3310, 0.3347, 0.3343],
        [0.3324, 0.3333, 0.3343],
        [0.3311, 0.3343, 0.3346],
        [0.3331, 0.3334, 0.3336],
        [0.3330, 0.3334, 0.3335],
        [0.3326, 0.3334, 0.3341],
        [0.3318, 0.3338, 0.3344],
        [0.3305, 0.3343, 0.3353],
        [0.3299, 0.3340, 0.3361],
        [0.3334, 0.3333, 0.3333],
        [0.3299, 0.3342, 0.3359],
        [0.3302, 0.3350, 0.3348],
        [0.3295, 0.3345, 0.3360],
        [0.3335, 0.3330, 0.3335],
        [0.3328, 0.3336, 0.3336],
        [0.3318, 0.3342, 0.3339],
        [0.3288, 0.3353, 0.3360],
        [0.3309, 0.3341, 0.3350],
        [0.3320, 0.3338, 0.3342],
        [0.3322, 0.3332, 0.3346],
        [0.3333, 0.3329, 0.3338],
        [0.3306, 0.3349, 0.3345],
        [0.3329, 0.3333, 0.3338],
        [0.3312, 0.3337, 0.3351],
        [0.3311, 0.3338, 0.3352],
        [0.3290, 0.3352, 0.3358],
        [0.3332, 0.3334, 0.3334],
        [0.3318, 0.3337, 0.3345],
        [0.3325, 0.3337, 0.3338],
        [0.3313, 0.3341, 0.3346],
        [0.3335, 0.3332, 0.3333],
        [0.3324, 0.3334, 0.3341],
        [0.3335, 0.3325, 0.3341],
        [0.3289, 0.3353, 0.3358],
        [0.3306, 0.3349, 0.3345]], device='cuda:1')
perception attention:tensor([0.5000, 0.5000], device='cuda:1')
Test set results: loss= 0.3387 accuracy= 0.9080 F1_score= 0.9031
